 "label" , "ent1" , "rel" , "ent2" ,
 "lake surface" , "http://purl.obolibrary.org/obo/ENVO_00000105" , "http://www.w3.org/1999/02/22-rdf-syntax-ns#type" , "http://www.w3.org/2002/07/owl#Class" ,
 "lake surface" , "http://purl.obolibrary.org/obo/ENVO_00000105" , "http://www.w3.org/2000/01/rdf-schema#label" , "lake surface" ,
 "lake surface" , "http://purl.obolibrary.org/obo/ENVO_00000105" , "http://www.geneontology.org/formats/oboInOwl#hasOBONamespace" , "ENVO" ,
 "lake surface" , "http://purl.obolibrary.org/obo/ENVO_00000105" , "http://www.geneontology.org/formats/oboInOwl#id" , "ENVO:00000105" ,
 "lake surface" , "http://purl.obolibrary.org/obo/ENVO_00000105" , "http://www.w3.org/2000/01/rdf-schema#subClassOf" , "http://purl.obolibrary.org/obo/ENVO_00010504" ,
 "lake surface" , "http://purl.obolibrary.org/obo/ENVO_00000105" , "http://www.w3.org/2000/01/rdf-schema#subClassOf" , "b0" ,
 "lake surface" , "http://purl.obolibrary.org/obo/ENVO_00000105" , "http://www.w3.org/2000/01/rdf-schema#subClassOf" , "b1" ,
 "surface water" , "http://purl.obolibrary.org/obo/ENVO_00002042" , "http://www.w3.org/1999/02/22-rdf-syntax-ns#type" , "http://www.w3.org/2002/07/owl#Class" ,
 "surface water" , "http://purl.obolibrary.org/obo/ENVO_00002042" , "http://www.w3.org/2000/01/rdf-schema#label" , "surface water" ,
 "surface water" , "http://purl.obolibrary.org/obo/ENVO_00002042" , "http://www.geneontology.org/formats/oboInOwl#hasOBONamespace" , "ENVO" ,
 "surface water" , "http://purl.obolibrary.org/obo/ENVO_00002042" , "http://www.geneontology.org/formats/oboInOwl#id" , "ENVO:00002042" ,
 "surface water" , "http://purl.obolibrary.org/obo/ENVO_00002042" , "http://www.geneontology.org/formats/oboInOwl#hasDbXref" , "EcoLexicon:surface_water" ,
 "surface water" , "http://purl.obolibrary.org/obo/ENVO_00002042" , "http://www.geneontology.org/formats/oboInOwl#hasDbXref" , "SWEETRealm:SurfaceWater" ,
 "surface water" , "http://purl.obolibrary.org/obo/ENVO_00002042" , "http://www.geneontology.org/formats/oboInOwl#hasDbXref" , "https://en.wikipedia.org/wiki/Surface_water" ,
 "surface water" , "http://purl.obolibrary.org/obo/ENVO_00002042" , "http://www.w3.org/2000/01/rdf-schema#subClassOf" , "http://purl.obolibrary.org/obo/ENVO_00002006" ,
 "surface layer" , "http://purl.obolibrary.org/obo/ENVO_00010504" , "http://www.w3.org/1999/02/22-rdf-syntax-ns#type" , "http://www.w3.org/2002/07/owl#Class" ,
 "surface layer" , "http://purl.obolibrary.org/obo/ENVO_00010504" , "http://www.w3.org/2000/01/rdf-schema#comment" , "This class is distinct from a geometric surface, which is two-dimensional. The idea of "uppermost" may be problematic. Further, the definition of layer (the superclass of surface in rev 133) references surface. This may be another issue. Perhaps this can be made into an inferred class using 'bounding layer of' some material entity, note that 'bounding layer' implies containment, which may not be valid here." ,
 "surface layer" , "http://purl.obolibrary.org/obo/ENVO_00010504" , "http://purl.obolibrary.org/obo/IAO_0000115" , "A surface layer is the uppermost layer of some material entity." ,
 "surface layer" , "http://purl.obolibrary.org/obo/ENVO_00010504" , "http://www.w3.org/2000/01/rdf-schema#label" , "surface layer" ,
 "surface layer" , "http://purl.obolibrary.org/obo/ENVO_00010504" , "http://www.geneontology.org/formats/oboInOwl#hasOBONamespace" , "ENVO" ,
 "surface layer" , "http://purl.obolibrary.org/obo/ENVO_00010504" , "http://www.geneontology.org/formats/oboInOwl#id" , "ENVO:00010504" ,
 "surface layer" , "http://purl.obolibrary.org/obo/ENVO_00010504" , "http://www.geneontology.org/formats/oboInOwl#hasDbXref" , "EcoLexicon:surface" ,
 "surface layer" , "http://purl.obolibrary.org/obo/ENVO_00010504" , "http://www.geneontology.org/formats/oboInOwl#hasDbXref" , "SWEETRealm:Surface" ,
 "surface layer" , "http://purl.obolibrary.org/obo/ENVO_00010504" , "http://www.geneontology.org/formats/oboInOwl#hasDbXref" , "https://en.wikipedia.org/wiki/Surface" ,
 "surface layer" , "http://purl.obolibrary.org/obo/ENVO_00010504" , "http://www.w3.org/2000/01/rdf-schema#subClassOf" , "http://purl.obolibrary.org/obo/ENVO_01000281" ,
 "oceanic sea surface microlayer biome" , "http://purl.obolibrary.org/obo/ENVO_01000034" , "http://www.w3.org/1999/02/22-rdf-syntax-ns#type" , "http://www.w3.org/2002/07/owl#Class" ,
 "oceanic sea surface microlayer biome" , "http://purl.obolibrary.org/obo/ENVO_01000034" , "http://purl.obolibrary.org/obo/IAO_0000115" , "The oceanic sea surface microlayer (SML) biome comprises the top 1000 micrometers of the marine surface waters occurring offshore, away from a continental shelf. It is the boundary layer where all exchange occurs between the atmosphere and the ocean. The chemical, physical, and biological properties of the SML differ greatly from the sub-surface water just a few centimeters beneath." ,
 "oceanic sea surface microlayer biome" , "http://purl.obolibrary.org/obo/ENVO_01000034" , "http://www.w3.org/2000/01/rdf-schema#label" , "oceanic sea surface microlayer biome" ,
 "oceanic sea surface microlayer biome" , "http://purl.obolibrary.org/obo/ENVO_01000034" , "http://www.geneontology.org/formats/oboInOwl#hasOBONamespace" , "ENVO" ,
 "oceanic sea surface microlayer biome" , "http://purl.obolibrary.org/obo/ENVO_01000034" , "http://www.geneontology.org/formats/oboInOwl#id" , "ENVO:01000034" ,
 "oceanic sea surface microlayer biome" , "http://purl.obolibrary.org/obo/ENVO_01000034" , "http://www.geneontology.org/formats/oboInOwl#created_by" , "ORCID:0000-0002-4366-3088" ,
 "oceanic sea surface microlayer biome" , "http://purl.obolibrary.org/obo/ENVO_01000034" , "http://www.geneontology.org/formats/oboInOwl#creation_date" , "2010-03-15T11:21:03Z" ,
 "oceanic sea surface microlayer biome" , "http://purl.obolibrary.org/obo/ENVO_01000034" , "http://www.w3.org/2000/01/rdf-schema#subClassOf" , "http://purl.obolibrary.org/obo/ENVO_01000033" ,
 "neritic sea surface microlayer biome" , "http://purl.obolibrary.org/obo/ENVO_01000041" , "http://www.w3.org/1999/02/22-rdf-syntax-ns#type" , "http://www.w3.org/2002/07/owl#Class" ,
 "neritic sea surface microlayer biome" , "http://purl.obolibrary.org/obo/ENVO_01000041" , "http://purl.obolibrary.org/obo/IAO_0000115" , "The neritic sea surface microlayer (SML) biome comprises the top 1000 micrometers of marine surface waters occurring above a continental shelf. It is the boundary layer where all exchange occurs between the atmosphere and the ocean. The chemical, physical, and biological properties of the SML differ greatly from the sub-surface water just a few centimeters beneath." ,
 "neritic sea surface microlayer biome" , "http://purl.obolibrary.org/obo/ENVO_01000041" , "http://www.w3.org/2000/01/rdf-schema#label" , "neritic sea surface microlayer biome" ,
 "neritic sea surface microlayer biome" , "http://purl.obolibrary.org/obo/ENVO_01000041" , "http://www.geneontology.org/formats/oboInOwl#hasOBONamespace" , "ENVO" ,
 "neritic sea surface microlayer biome" , "http://purl.obolibrary.org/obo/ENVO_01000041" , "http://www.geneontology.org/formats/oboInOwl#id" , "ENVO:01000041" ,
 "neritic sea surface microlayer biome" , "http://purl.obolibrary.org/obo/ENVO_01000041" , "http://www.geneontology.org/formats/oboInOwl#created_by" , "ORCID:0000-0002-4366-3088" ,
 "neritic sea surface microlayer biome" , "http://purl.obolibrary.org/obo/ENVO_01000041" , "http://www.geneontology.org/formats/oboInOwl#creation_date" , "2010-03-15T11:22:09Z" ,
 "neritic sea surface microlayer biome" , "http://purl.obolibrary.org/obo/ENVO_01000041" , "http://www.w3.org/2000/01/rdf-schema#subClassOf" , "http://purl.obolibrary.org/obo/ENVO_01000032" ,
 "pelagic isothermal surface" , "http://purl.obolibrary.org/obo/ENVO_01000080" , "http://www.w3.org/1999/02/22-rdf-syntax-ns#type" , "http://www.w3.org/2002/07/owl#Class" ,
 "pelagic isothermal surface" , "http://purl.obolibrary.org/obo/ENVO_01000080" , "http://purl.obolibrary.org/obo/IAO_0000115" , "A roughly planar, pelagic region characterised by equal water temperature." ,
 "pelagic isothermal surface" , "http://purl.obolibrary.org/obo/ENVO_01000080" , "http://www.w3.org/2000/01/rdf-schema#label" , "pelagic isothermal surface" ,
 "pelagic isothermal surface" , "http://purl.obolibrary.org/obo/ENVO_01000080" , "http://www.geneontology.org/formats/oboInOwl#hasOBONamespace" , "ENVO" ,
 "pelagic isothermal surface" , "http://purl.obolibrary.org/obo/ENVO_01000080" , "http://www.geneontology.org/formats/oboInOwl#id" , "ENVO:01000080" ,
 "pelagic isothermal surface" , "http://purl.obolibrary.org/obo/ENVO_01000080" , "http://www.geneontology.org/formats/oboInOwl#created_by" , "ORCID:0000-0002-4366-3088" ,
 "pelagic isothermal surface" , "http://purl.obolibrary.org/obo/ENVO_01000080" , "http://www.geneontology.org/formats/oboInOwl#creation_date" , "2010-03-16T12:16:11Z" ,
 "pelagic isothermal surface" , "http://purl.obolibrary.org/obo/ENVO_01000080" , "http://www.w3.org/2000/01/rdf-schema#subClassOf" , "http://purl.obolibrary.org/obo/ENVO_01000325" ,
 "pelagic isothermal surface" , "http://purl.obolibrary.org/obo/ENVO_01000080" , "http://www.w3.org/2000/01/rdf-schema#subClassOf" , "b2" ,
 "pelagic isohaline surface" , "http://purl.obolibrary.org/obo/ENVO_01000081" , "http://www.w3.org/1999/02/22-rdf-syntax-ns#type" , "http://www.w3.org/2002/07/owl#Class" ,
 "pelagic isohaline surface" , "http://purl.obolibrary.org/obo/ENVO_01000081" , "http://purl.obolibrary.org/obo/IAO_0000115" , "A roughly planar, pelagic region characterised by equal salinity." ,
 "pelagic isohaline surface" , "http://purl.obolibrary.org/obo/ENVO_01000081" , "http://www.w3.org/2000/01/rdf-schema#label" , "pelagic isohaline surface" ,
 "pelagic isohaline surface" , "http://purl.obolibrary.org/obo/ENVO_01000081" , "http://www.geneontology.org/formats/oboInOwl#hasOBONamespace" , "ENVO" ,
 "pelagic isohaline surface" , "http://purl.obolibrary.org/obo/ENVO_01000081" , "http://www.geneontology.org/formats/oboInOwl#id" , "ENVO:01000081" ,
 "pelagic isohaline surface" , "http://purl.obolibrary.org/obo/ENVO_01000081" , "http://www.geneontology.org/formats/oboInOwl#created_by" , "ORCID:0000-0002-4366-3088" ,
 "pelagic isohaline surface" , "http://purl.obolibrary.org/obo/ENVO_01000081" , "http://www.geneontology.org/formats/oboInOwl#creation_date" , "2010-03-16T12:16:11Z" ,
 "pelagic isohaline surface" , "http://purl.obolibrary.org/obo/ENVO_01000081" , "http://www.w3.org/2000/01/rdf-schema#subClassOf" , "http://purl.obolibrary.org/obo/ENVO_01000325" ,
 "pelagic isohaline surface" , "http://purl.obolibrary.org/obo/ENVO_01000081" , "http://www.w3.org/2000/01/rdf-schema#subClassOf" , "b3" ,
 "pelagic isopycnal surface" , "http://purl.obolibrary.org/obo/ENVO_01000083" , "http://www.w3.org/1999/02/22-rdf-syntax-ns#type" , "http://www.w3.org/2002/07/owl#Class" ,
 "pelagic isopycnal surface" , "http://purl.obolibrary.org/obo/ENVO_01000083" , "http://purl.obolibrary.org/obo/IAO_0000115" , "A roughly planar, pelagic region characterised by equal water density." ,
 "pelagic isopycnal surface" , "http://purl.obolibrary.org/obo/ENVO_01000083" , "http://www.w3.org/2000/01/rdf-schema#label" , "pelagic isopycnal surface" ,
 "pelagic isopycnal surface" , "http://purl.obolibrary.org/obo/ENVO_01000083" , "http://www.geneontology.org/formats/oboInOwl#hasOBONamespace" , "ENVO" ,
 "pelagic isopycnal surface" , "http://purl.obolibrary.org/obo/ENVO_01000083" , "http://www.geneontology.org/formats/oboInOwl#id" , "ENVO:01000083" ,
 "pelagic isopycnal surface" , "http://purl.obolibrary.org/obo/ENVO_01000083" , "http://www.geneontology.org/formats/oboInOwl#created_by" , "ORCID:0000-0002-4366-3088" ,
 "pelagic isopycnal surface" , "http://purl.obolibrary.org/obo/ENVO_01000083" , "http://www.geneontology.org/formats/oboInOwl#creation_date" , "2010-03-16T12:16:11Z" ,
 "pelagic isopycnal surface" , "http://purl.obolibrary.org/obo/ENVO_01000083" , "http://www.w3.org/2000/01/rdf-schema#subClassOf" , "http://purl.obolibrary.org/obo/ENVO_01000325" ,
 "pelagic isopycnal surface" , "http://purl.obolibrary.org/obo/ENVO_01000083" , "http://www.w3.org/2000/01/rdf-schema#subClassOf" , "b4" ,
 "surface convergence" , "http://purl.obolibrary.org/obo/ENVO_01000097" , "http://www.w3.org/1999/02/22-rdf-syntax-ns#type" , "http://www.w3.org/2002/07/owl#Class" ,
 "surface convergence" , "http://purl.obolibrary.org/obo/ENVO_01000097" , "http://www.w3.org/2000/01/rdf-schema#label" , "surface convergence" ,
 "surface convergence" , "http://purl.obolibrary.org/obo/ENVO_01000097" , "http://www.geneontology.org/formats/oboInOwl#hasOBONamespace" , "ENVO" ,
 "surface convergence" , "http://purl.obolibrary.org/obo/ENVO_01000097" , "http://www.geneontology.org/formats/oboInOwl#id" , "ENVO:01000097" ,
 "surface convergence" , "http://purl.obolibrary.org/obo/ENVO_01000097" , "http://www.geneontology.org/formats/oboInOwl#created_by" , "ORCID:0000-0002-4366-3088" ,
 "surface convergence" , "http://purl.obolibrary.org/obo/ENVO_01000097" , "http://www.geneontology.org/formats/oboInOwl#creation_date" , "2010-03-16T12:23:26Z" ,
 "surface convergence" , "http://purl.obolibrary.org/obo/ENVO_01000097" , "http://www.w3.org/2000/01/rdf-schema#subClassOf" , "http://purl.obolibrary.org/obo/ENVO_01000071" ,
 "marine surface current" , "http://purl.obolibrary.org/obo/ENVO_01000099" , "http://www.w3.org/1999/02/22-rdf-syntax-ns#type" , "http://www.w3.org/2002/07/owl#Class" ,
 "marine surface current" , "http://purl.obolibrary.org/obo/ENVO_01000099" , "http://purl.obolibrary.org/obo/IAO_0000115" , "A marine current bordered by the surface of the water column and the permanent thermocline, where it occurs. Surface currents are mostly wind driven and mostly limited to the top 400 m of the water column. Ocean currents are driven by the circulation of wind above surface waters. Frictional stress at the interface between the ocean and the wind causes the water to move in the direction of the wind. Large ocean currents are a response of the atmosphere and ocean to the flow of energy from the tropics to polar regions. In some cases, currents are transient features and affect only a small area. Other ocean currents are essentially permanent and extend over large horizontal distances." ,
 "marine surface current" , "http://purl.obolibrary.org/obo/ENVO_01000099" , "http://www.w3.org/2000/01/rdf-schema#label" , "marine surface current" ,
 "marine surface current" , "http://purl.obolibrary.org/obo/ENVO_01000099" , "http://www.geneontology.org/formats/oboInOwl#hasOBONamespace" , "ENVO" ,
 "marine surface current" , "http://purl.obolibrary.org/obo/ENVO_01000099" , "http://www.geneontology.org/formats/oboInOwl#id" , "ENVO:01000099" ,
 "marine surface current" , "http://purl.obolibrary.org/obo/ENVO_01000099" , "http://www.geneontology.org/formats/oboInOwl#created_by" , "ORCID:0000-0002-4366-3088" ,
 "marine surface current" , "http://purl.obolibrary.org/obo/ENVO_01000099" , "http://www.geneontology.org/formats/oboInOwl#creation_date" , "2010-03-16T12:24:56Z" ,
 "marine surface current" , "http://purl.obolibrary.org/obo/ENVO_01000099" , "http://www.w3.org/2000/01/rdf-schema#subClassOf" , "http://purl.obolibrary.org/obo/ENVO_01000067" ,
 "warm surface current" , "http://purl.obolibrary.org/obo/ENVO_01000101" , "http://www.w3.org/1999/02/22-rdf-syntax-ns#type" , "http://www.w3.org/2002/07/owl#Class" ,
 "warm surface current" , "http://purl.obolibrary.org/obo/ENVO_01000101" , "http://www.w3.org/2000/01/rdf-schema#label" , "warm surface current" ,
 "warm surface current" , "http://purl.obolibrary.org/obo/ENVO_01000101" , "http://www.geneontology.org/formats/oboInOwl#hasOBONamespace" , "ENVO" ,
 "warm surface current" , "http://purl.obolibrary.org/obo/ENVO_01000101" , "http://www.geneontology.org/formats/oboInOwl#id" , "ENVO:01000101" ,
 "warm surface current" , "http://purl.obolibrary.org/obo/ENVO_01000101" , "http://www.geneontology.org/formats/oboInOwl#created_by" , "ORCID:0000-0002-4366-3088" ,
 "warm surface current" , "http://purl.obolibrary.org/obo/ENVO_01000101" , "http://www.geneontology.org/formats/oboInOwl#creation_date" , "2010-03-16T12:26:13Z" ,
 "warm surface current" , "http://purl.obolibrary.org/obo/ENVO_01000101" , "http://www.w3.org/2000/01/rdf-schema#subClassOf" , "http://purl.obolibrary.org/obo/ENVO_01000099" ,
 "cold surface current" , "http://purl.obolibrary.org/obo/ENVO_01000102" , "http://www.w3.org/1999/02/22-rdf-syntax-ns#type" , "http://www.w3.org/2002/07/owl#Class" ,
 "cold surface current" , "http://purl.obolibrary.org/obo/ENVO_01000102" , "http://www.w3.org/2000/01/rdf-schema#label" , "cold surface current" ,
 "cold surface current" , "http://purl.obolibrary.org/obo/ENVO_01000102" , "http://www.geneontology.org/formats/oboInOwl#hasOBONamespace" , "ENVO" ,
 "cold surface current" , "http://purl.obolibrary.org/obo/ENVO_01000102" , "http://www.geneontology.org/formats/oboInOwl#id" , "ENVO:01000102" ,
 "cold surface current" , "http://purl.obolibrary.org/obo/ENVO_01000102" , "http://www.geneontology.org/formats/oboInOwl#created_by" , "ORCID:0000-0002-4366-3088" ,
 "cold surface current" , "http://purl.obolibrary.org/obo/ENVO_01000102" , "http://www.geneontology.org/formats/oboInOwl#creation_date" , "2010-03-16T12:26:13Z" ,
 "cold surface current" , "http://purl.obolibrary.org/obo/ENVO_01000102" , "http://www.w3.org/2000/01/rdf-schema#subClassOf" , "http://purl.obolibrary.org/obo/ENVO_01000099" ,
 "planetary surface" , "http://purl.obolibrary.org/obo/ENVO_01000324" , "http://www.w3.org/1999/02/22-rdf-syntax-ns#type" , "http://www.w3.org/2002/07/owl#Class" ,
 "planetary surface" , "http://purl.obolibrary.org/obo/ENVO_01000324" , "http://www.w3.org/2000/01/rdf-schema#comment" , "a useful class: this can be used to define sub-terrestrial and sub-marine" ,
 "planetary surface" , "http://purl.obolibrary.org/obo/ENVO_01000324" , "http://purl.obolibrary.org/obo/IAO_0000115" , "A planetary surface is a surface layer where the solid or liquid material of a planet comes into contact with atmosphere or outer space." ,
 "planetary surface" , "http://purl.obolibrary.org/obo/ENVO_01000324" , "http://www.w3.org/2000/01/rdf-schema#label" , "planetary surface" ,
 "planetary surface" , "http://purl.obolibrary.org/obo/ENVO_01000324" , "http://www.w3.org/2000/01/rdf-schema#subClassOf" , "http://purl.obolibrary.org/obo/ENVO_00010504" ,
 "planetary surface" , "http://purl.obolibrary.org/obo/ENVO_01000324" , "http://www.w3.org/2000/01/rdf-schema#subClassOf" , "b5" ,
 "planetary surface" , "http://purl.obolibrary.org/obo/ENVO_01000324" , "http://www.w3.org/2000/01/rdf-schema#subClassOf" , "b6" ,
 "liquid planetary surface" , "http://purl.obolibrary.org/obo/ENVO_01000636" , "http://www.w3.org/1999/02/22-rdf-syntax-ns#type" , "http://www.w3.org/2002/07/owl#Class" ,
 "liquid planetary surface" , "http://purl.obolibrary.org/obo/ENVO_01000636" , "http://www.w3.org/2000/01/rdf-schema#label" , "liquid planetary surface" ,
 "liquid planetary surface" , "http://purl.obolibrary.org/obo/ENVO_01000636" , "http://www.geneontology.org/formats/oboInOwl#hasRelatedSynonym" , "A liquid planetary surface is a planetary surface layer where a liquid material of a planet comes into contact with atmosphere or outer space." ,
 "liquid planetary surface" , "http://purl.obolibrary.org/obo/ENVO_01000636" , "http://www.w3.org/2000/01/rdf-schema#subClassOf" , "http://purl.obolibrary.org/obo/ENVO_01000324" ,
 "turbulent aquatic surface layer" , "http://purl.obolibrary.org/obo/ENVO_01000862" , "http://www.w3.org/1999/02/22-rdf-syntax-ns#type" , "http://www.w3.org/2002/07/owl#Class" ,
 "turbulent aquatic surface layer" , "http://purl.obolibrary.org/obo/ENVO_01000862" , "http://purl.obolibrary.org/obo/IAO_0000115" , "A turbulent surface layer of a water body maintained by strong currents setting over submerged ridges or shoals or by winds opposing a current." ,
 "turbulent aquatic surface layer" , "http://purl.obolibrary.org/obo/ENVO_01000862" , "http://www.w3.org/2000/01/rdf-schema#label" , "turbulent aquatic surface layer" ,
 "turbulent aquatic surface layer" , "http://purl.obolibrary.org/obo/ENVO_01000862" , "http://www.geneontology.org/formats/oboInOwl#hasBroadSynonym" , "overfall" ,
 "turbulent aquatic surface layer" , "http://purl.obolibrary.org/obo/ENVO_01000862" , "http://www.w3.org/2000/01/rdf-schema#subClassOf" , "http://purl.obolibrary.org/obo/ENVO_00010504" ,
 "turbulent aquatic surface layer" , "http://purl.obolibrary.org/obo/ENVO_01000862" , "http://www.w3.org/2000/01/rdf-schema#subClassOf" , "http://purl.obolibrary.org/obo/ENVO_01000325" ,
 "turbulent aquatic surface layer" , "http://purl.obolibrary.org/obo/ENVO_01000862" , "http://www.w3.org/2000/01/rdf-schema#subClassOf" , "b7" ,
 "turbulent aquatic surface layer" , "http://purl.obolibrary.org/obo/ENVO_01000862" , "http://www.w3.org/2000/01/rdf-schema#subClassOf" , "b8" ,
 "surface soil" , "http://purl.obolibrary.org/obo/ENVO_02000059" , "http://www.w3.org/1999/02/22-rdf-syntax-ns#type" , "http://www.w3.org/2002/07/owl#Class" ,
 "surface soil" , "http://purl.obolibrary.org/obo/ENVO_02000059" , "http://purl.obolibrary.org/obo/IAO_0000115" , "A soil consisting of the upper layer of soil on the surface consisting of loose material capable of supporting life composed of a mixture of mineral and organic matter." ,
 "surface soil" , "http://purl.obolibrary.org/obo/ENVO_02000059" , "http://www.w3.org/2000/01/rdf-schema#label" , "surface soil" ,
 "surface soil" , "http://purl.obolibrary.org/obo/ENVO_02000059" , "http://www.geneontology.org/formats/oboInOwl#hasOBONamespace" , "ENVO" ,
 "surface soil" , "http://purl.obolibrary.org/obo/ENVO_02000059" , "http://www.geneontology.org/formats/oboInOwl#id" , "ENVO:02000059" ,
 "surface soil" , "http://purl.obolibrary.org/obo/ENVO_02000059" , "http://www.w3.org/2000/01/rdf-schema#subClassOf" , "http://purl.obolibrary.org/obo/ENVO_00001998" ,
 "surface plasmon resonance binding assay" , "http://purl.obolibrary.org/obo/OBI_0000923" , "http://www.w3.org/1999/02/22-rdf-syntax-ns#type" , "http://www.w3.org/2002/07/owl#Class" ,
 "surface plasmon resonance binding assay" , "http://purl.obolibrary.org/obo/OBI_0000923" , "http://purl.obolibrary.org/obo/IAO_0000111" , "surface plasmon resonance binding assay" ,
 "surface plasmon resonance binding assay" , "http://purl.obolibrary.org/obo/OBI_0000923" , "http://purl.obolibrary.org/obo/IAO_0000115" , "A binding assay that uses the detection of electromagnetic waves in a surface to detect material entities adsorbed to the surface, which change the local optical index of refraction." ,
 "surface plasmon resonance binding assay" , "http://purl.obolibrary.org/obo/OBI_0000923" , "http://www.w3.org/2000/01/rdf-schema#label" , "surface plasmon resonance binding assay" ,
 "surface plasmon resonance binding assay" , "http://purl.obolibrary.org/obo/OBI_0000923" , "http://purl.obolibrary.org/obo/IAO_0000119" , "IEDB" ,
 "surface plasmon resonance binding assay" , "http://purl.obolibrary.org/obo/OBI_0000923" , "http://purl.obolibrary.org/obo/IAO_0000114" , "http://purl.obolibrary.org/obo/IAO_0000120" ,
 "surface plasmon resonance binding assay" , "http://purl.obolibrary.org/obo/OBI_0000923" , "http://purl.obolibrary.org/obo/IAO_0000117" , "IEDB" ,
 "surface plasmon resonance binding assay" , "http://purl.obolibrary.org/obo/OBI_0000923" , "http://purl.obolibrary.org/obo/IAO_0000112" , "Running a Biacore instrument to measure the affinity, on and off rates of binding of a plate bound antibody to a antigen passing by in flow." ,
 "surface plasmon resonance binding assay" , "http://purl.obolibrary.org/obo/OBI_0000923" , "http://www.w3.org/2000/01/rdf-schema#subClassOf" , "http://purl.obolibrary.org/obo/OBI_0001146" ,
 "surface plasmon resonance binding assay" , "http://purl.obolibrary.org/obo/OBI_0000923" , "http://www.w3.org/2000/01/rdf-schema#subClassOf" , "b9" ,
 "surface plasmon resonance instrument" , "http://purl.obolibrary.org/obo/OBI_0001136" , "http://www.w3.org/1999/02/22-rdf-syntax-ns#type" , "http://www.w3.org/2002/07/owl#Class" ,
 "surface plasmon resonance instrument" , "http://purl.obolibrary.org/obo/OBI_0001136" , "http://purl.obolibrary.org/obo/IAO_0000111" , "surface plasmon resonance instrument" ,
 "surface plasmon resonance instrument" , "http://purl.obolibrary.org/obo/OBI_0001136" , "http://purl.obolibrary.org/obo/IAO_0000115" , "A tool for measuring adsorption of material onto planar metal (typically gold and silver) surfaces or onto the surface of metal nanoparticles." ,
 "surface plasmon resonance instrument" , "http://purl.obolibrary.org/obo/OBI_0001136" , "http://www.w3.org/2000/01/rdf-schema#label" , "surface plasmon resonance instrument" ,
 "surface plasmon resonance instrument" , "http://purl.obolibrary.org/obo/OBI_0001136" , "http://purl.obolibrary.org/obo/IAO_0000119" , "http://en.wikipedia.org/wiki/Surface_plasmon_resonance" ,
 "surface plasmon resonance instrument" , "http://purl.obolibrary.org/obo/OBI_0001136" , "http://purl.obolibrary.org/obo/IAO_0000114" , "http://purl.obolibrary.org/obo/IAO_0000120" ,
 "surface plasmon resonance instrument" , "http://purl.obolibrary.org/obo/OBI_0001136" , "http://purl.obolibrary.org/obo/IAO_0000117" , "PERSON: Erik Segerdell" ,
 "surface plasmon resonance instrument" , "http://purl.obolibrary.org/obo/OBI_0001136" , "http://www.w3.org/2000/01/rdf-schema#subClassOf" , "http://purl.obolibrary.org/obo/OBI_0000832" ,
 "surface plasmon resonance instrument" , "http://purl.obolibrary.org/obo/OBI_0001136" , "http://www.w3.org/2000/01/rdf-schema#subClassOf" , "b10" ,
 "surface plasmon resonance assay measuring the association constant [KA] of a B cell epitope:antibody complex" , "http://purl.obolibrary.org/obo/OBI_0001730" , "http://www.w3.org/1999/02/22-rdf-syntax-ns#type" , "http://www.w3.org/2002/07/owl#Class" ,
 "surface plasmon resonance assay measuring the association constant [KA] of a B cell epitope:antibody complex" , "http://purl.obolibrary.org/obo/OBI_0001730" , "http://purl.obolibrary.org/obo/IAO_0000111" , "surface plasmon resonance assay measuring the association constant [KA] of a B cell epitope:antibody complex" ,
 "surface plasmon resonance assay measuring the association constant [KA] of a B cell epitope:antibody complex" , "http://purl.obolibrary.org/obo/OBI_0001730" , "http://purl.obolibrary.org/obo/IAO_0000115" , "A B cell epitope equilibrium association constant (KA) determination assay that uses a surface plasmon resonance assay." ,
 "surface plasmon resonance assay measuring the association constant [KA] of a B cell epitope:antibody complex" , "http://purl.obolibrary.org/obo/OBI_0001730" , "http://www.w3.org/2000/01/rdf-schema#label" , "surface plasmon resonance assay measuring the association constant [KA] of a B cell epitope:antibody complex" ,
 "surface plasmon resonance assay measuring the association constant [KA] of a B cell epitope:antibody complex" , "http://purl.obolibrary.org/obo/OBI_0001730" , "http://purl.obolibrary.org/obo/IAO_0000119" , "IEDB" ,
 "surface plasmon resonance assay measuring the association constant [KA] of a B cell epitope:antibody complex" , "http://purl.obolibrary.org/obo/OBI_0001730" , "http://purl.obolibrary.org/obo/IAO_0000114" , "http://purl.obolibrary.org/obo/IAO_0000120" ,
 "surface plasmon resonance assay measuring the association constant [KA] of a B cell epitope:antibody complex" , "http://purl.obolibrary.org/obo/OBI_0001730" , "http://purl.obolibrary.org/obo/IAO_0000117" , "PERSON:Randi Vita, Jason Greenbaum, Bjoern Peters" ,
 "surface plasmon resonance assay measuring the association constant [KA] of a B cell epitope:antibody complex" , "http://purl.obolibrary.org/obo/OBI_0001730" , "http://purl.obolibrary.org/obo/OBI_9991118" , "association constant KA|surface plasmon resonance (SPR)|1/nM" ,
 "surface plasmon resonance assay measuring the association constant [KA] of a B cell epitope:antibody complex" , "http://purl.obolibrary.org/obo/OBI_0001730" , "http://www.w3.org/2000/01/rdf-schema#subClassOf" , "http://purl.obolibrary.org/obo/OBI_0001719" ,
 "surface plasmon resonance assay measuring the association constant [KA] of a B cell epitope:antibody complex" , "http://purl.obolibrary.org/obo/OBI_0001730" , "http://www.w3.org/2002/07/owl#equivalentClass" , "b11" ,
 "surface plasmon resonance assay measuring the dissociation constant [KD] of a B cell epitope:antibody complex" , "http://purl.obolibrary.org/obo/OBI_0001731" , "http://www.w3.org/1999/02/22-rdf-syntax-ns#type" , "http://www.w3.org/2002/07/owl#Class" ,
 "surface plasmon resonance assay measuring the dissociation constant [KD] of a B cell epitope:antibody complex" , "http://purl.obolibrary.org/obo/OBI_0001731" , "http://purl.obolibrary.org/obo/IAO_0000111" , "surface plasmon resonance assay measuring the dissociation constant [KD] of a B cell epitope:antibody complex" ,
 "surface plasmon resonance assay measuring the dissociation constant [KD] of a B cell epitope:antibody complex" , "http://purl.obolibrary.org/obo/OBI_0001731" , "http://purl.obolibrary.org/obo/IAO_0000115" , "A B cell epitope equilibrium dissociation constant (KD) determination assay that uses a surface plasmon resonance assay." ,
 "surface plasmon resonance assay measuring the dissociation constant [KD] of a B cell epitope:antibody complex" , "http://purl.obolibrary.org/obo/OBI_0001731" , "http://www.w3.org/2000/01/rdf-schema#label" , "surface plasmon resonance assay measuring the dissociation constant [KD] of a B cell epitope:antibody complex" ,
 "surface plasmon resonance assay measuring the dissociation constant [KD] of a B cell epitope:antibody complex" , "http://purl.obolibrary.org/obo/OBI_0001731" , "http://purl.obolibrary.org/obo/IAO_0000119" , "IEDB" ,
 "surface plasmon resonance assay measuring the dissociation constant [KD] of a B cell epitope:antibody complex" , "http://purl.obolibrary.org/obo/OBI_0001731" , "http://purl.obolibrary.org/obo/IAO_0000114" , "http://purl.obolibrary.org/obo/IAO_0000120" ,
 "surface plasmon resonance assay measuring the dissociation constant [KD] of a B cell epitope:antibody complex" , "http://purl.obolibrary.org/obo/OBI_0001731" , "http://purl.obolibrary.org/obo/IAO_0000117" , "PERSON:Randi Vita, Jason Greenbaum, Bjoern Peters" ,
 "surface plasmon resonance assay measuring the dissociation constant [KD] of a B cell epitope:antibody complex" , "http://purl.obolibrary.org/obo/OBI_0001731" , "http://purl.obolibrary.org/obo/OBI_9991118" , "dissociation constant KD|surface plasmon resonance (SPR)|nM" ,
 "surface plasmon resonance assay measuring the dissociation constant [KD] of a B cell epitope:antibody complex" , "http://purl.obolibrary.org/obo/OBI_0001731" , "http://www.w3.org/2000/01/rdf-schema#subClassOf" , "http://purl.obolibrary.org/obo/OBI_0001708" ,
 "surface plasmon resonance assay measuring the dissociation constant [KD] of a B cell epitope:antibody complex" , "http://purl.obolibrary.org/obo/OBI_0001731" , "http://www.w3.org/2002/07/owl#equivalentClass" , "b12" ,
 "surface plasmon resonance assay measuring the off rate [koff] of a B cell epitope:antibody complex" , "http://purl.obolibrary.org/obo/OBI_0001739" , "http://www.w3.org/1999/02/22-rdf-syntax-ns#type" , "http://www.w3.org/2002/07/owl#Class" ,
 "surface plasmon resonance assay measuring the off rate [koff] of a B cell epitope:antibody complex" , "http://purl.obolibrary.org/obo/OBI_0001739" , "http://purl.obolibrary.org/obo/IAO_0000111" , "surface plasmon resonance assay measuring the off rate [koff] of a B cell epitope:antibody complex" ,
 "surface plasmon resonance assay measuring the off rate [koff] of a B cell epitope:antibody complex" , "http://purl.obolibrary.org/obo/OBI_0001739" , "http://purl.obolibrary.org/obo/IAO_0000115" , "A B cell epitope binding off rate measurement (koff) determination assay that uses a surface plasmon resonance assay." ,
 "surface plasmon resonance assay measuring the off rate [koff] of a B cell epitope:antibody complex" , "http://purl.obolibrary.org/obo/OBI_0001739" , "http://www.w3.org/2000/01/rdf-schema#label" , "surface plasmon resonance assay measuring the off rate [koff] of a B cell epitope:antibody complex" ,
 "surface plasmon resonance assay measuring the off rate [koff] of a B cell epitope:antibody complex" , "http://purl.obolibrary.org/obo/OBI_0001739" , "http://purl.obolibrary.org/obo/IAO_0000119" , "IEDB" ,
 "surface plasmon resonance assay measuring the off rate [koff] of a B cell epitope:antibody complex" , "http://purl.obolibrary.org/obo/OBI_0001739" , "http://purl.obolibrary.org/obo/IAO_0000114" , "http://purl.obolibrary.org/obo/IAO_0000120" ,
 "surface plasmon resonance assay measuring the off rate [koff] of a B cell epitope:antibody complex" , "http://purl.obolibrary.org/obo/OBI_0001739" , "http://purl.obolibrary.org/obo/IAO_0000117" , "PERSON:Randi Vita, Jason Greenbaum, Bjoern Peters" ,
 "surface plasmon resonance assay measuring the off rate [koff] of a B cell epitope:antibody complex" , "http://purl.obolibrary.org/obo/OBI_0001739" , "http://purl.obolibrary.org/obo/OBI_9991118" , "off rate|surface plasmon resonance (SPR)|1/s" ,
 "surface plasmon resonance assay measuring the off rate [koff] of a B cell epitope:antibody complex" , "http://purl.obolibrary.org/obo/OBI_0001739" , "http://www.w3.org/2000/01/rdf-schema#subClassOf" , "http://purl.obolibrary.org/obo/OBI_0001723" ,
 "surface plasmon resonance assay measuring the off rate [koff] of a B cell epitope:antibody complex" , "http://purl.obolibrary.org/obo/OBI_0001739" , "http://www.w3.org/2002/07/owl#equivalentClass" , "b13" ,
 "surface plasmon resonance assay measuring the on rate [kon] of a B cell epitope:antibody complex" , "http://purl.obolibrary.org/obo/OBI_0001741" , "http://www.w3.org/1999/02/22-rdf-syntax-ns#type" , "http://www.w3.org/2002/07/owl#Class" ,
 "surface plasmon resonance assay measuring the on rate [kon] of a B cell epitope:antibody complex" , "http://purl.obolibrary.org/obo/OBI_0001741" , "http://purl.obolibrary.org/obo/IAO_0000111" , "surface plasmon resonance assay measuring the on rate [kon] of a B cell epitope:antibody complex" ,
 "surface plasmon resonance assay measuring the on rate [kon] of a B cell epitope:antibody complex" , "http://purl.obolibrary.org/obo/OBI_0001741" , "http://purl.obolibrary.org/obo/IAO_0000115" , "A B cell epitope on rate measurement (kon) determination assay that uses a surface plasmon resonance assay." ,
 "surface plasmon resonance assay measuring the on rate [kon] of a B cell epitope:antibody complex" , "http://purl.obolibrary.org/obo/OBI_0001741" , "http://www.w3.org/2000/01/rdf-schema#label" , "surface plasmon resonance assay measuring the on rate [kon] of a B cell epitope:antibody complex" ,
 "surface plasmon resonance assay measuring the on rate [kon] of a B cell epitope:antibody complex" , "http://purl.obolibrary.org/obo/OBI_0001741" , "http://purl.obolibrary.org/obo/IAO_0000119" , "IEDB" ,
 "surface plasmon resonance assay measuring the on rate [kon] of a B cell epitope:antibody complex" , "http://purl.obolibrary.org/obo/OBI_0001741" , "http://purl.obolibrary.org/obo/IAO_0000114" , "http://purl.obolibrary.org/obo/IAO_0000120" ,
 "surface plasmon resonance assay measuring the on rate [kon] of a B cell epitope:antibody complex" , "http://purl.obolibrary.org/obo/OBI_0001741" , "http://purl.obolibrary.org/obo/IAO_0000117" , "PERSON:Randi Vita, Jason Greenbaum, Bjoern Peters" ,
 "surface plasmon resonance assay measuring the on rate [kon] of a B cell epitope:antibody complex" , "http://purl.obolibrary.org/obo/OBI_0001741" , "http://purl.obolibrary.org/obo/OBI_9991118" , "on rate|surface plasmon resonance (SPR)|M^-1s^-1" ,
 "surface plasmon resonance assay measuring the on rate [kon] of a B cell epitope:antibody complex" , "http://purl.obolibrary.org/obo/OBI_0001741" , "http://www.w3.org/2000/01/rdf-schema#subClassOf" , "http://purl.obolibrary.org/obo/OBI_0001718" ,
 "surface plasmon resonance assay measuring the on rate [kon] of a B cell epitope:antibody complex" , "http://purl.obolibrary.org/obo/OBI_0001741" , "http://www.w3.org/2002/07/owl#equivalentClass" , "b14" ,
 "surface plasmon resonance sensor chip" , "http://purl.obolibrary.org/obo/OBI_0002046" , "http://www.w3.org/1999/02/22-rdf-syntax-ns#type" , "http://www.w3.org/2002/07/owl#Class" ,
 "surface plasmon resonance sensor chip" , "http://purl.obolibrary.org/obo/OBI_0002046" , "http://purl.obolibrary.org/obo/IAO_0000111" , "surface plasmon resonance sensor chip" ,
 "surface plasmon resonance sensor chip" , "http://purl.obolibrary.org/obo/OBI_0002046" , "http://purl.obolibrary.org/obo/IAO_0000115" , "a device that is used as a binding surface for ligand during a surface plasmon resonance assay, consisting of a glass plate to which a metal film is attached" ,
 "surface plasmon resonance sensor chip" , "http://purl.obolibrary.org/obo/OBI_0002046" , "http://www.w3.org/2000/01/rdf-schema#label" , "surface plasmon resonance sensor chip" ,
 "surface plasmon resonance sensor chip" , "http://purl.obolibrary.org/obo/OBI_0002046" , "http://purl.obolibrary.org/obo/IAO_0000119" , "OBI" ,
 "surface plasmon resonance sensor chip" , "http://purl.obolibrary.org/obo/OBI_0002046" , "http://purl.obolibrary.org/obo/IAO_0000114" , "http://purl.obolibrary.org/obo/IAO_0000125" ,
 "surface plasmon resonance sensor chip" , "http://purl.obolibrary.org/obo/OBI_0002046" , "http://purl.obolibrary.org/obo/IAO_0000117" , "Anna Maria Masci" ,
 "surface plasmon resonance sensor chip" , "http://purl.obolibrary.org/obo/OBI_0002046" , "http://purl.obolibrary.org/obo/IAO_0000112" , "ProteOn GLC Sensor Chip #176-5011" ,
 "surface plasmon resonance sensor chip" , "http://purl.obolibrary.org/obo/OBI_0002046" , "http://purl.obolibrary.org/obo/IAO_0000118" , "SPR sensor chip" ,
 "surface plasmon resonance sensor chip" , "http://purl.obolibrary.org/obo/OBI_0002046" , "http://purl.obolibrary.org/obo/IAO_0000118" , "biosensor chip" ,
 "surface plasmon resonance sensor chip" , "http://purl.obolibrary.org/obo/OBI_0002046" , "http://purl.obolibrary.org/obo/IAO_0000118" , "sensor chip" ,
 "surface plasmon resonance sensor chip" , "http://purl.obolibrary.org/obo/OBI_0002046" , "http://www.w3.org/2000/01/rdf-schema#subClassOf" , "http://purl.obolibrary.org/obo/OBI_0000968" ,
 "surface plasmon resonance sensor chip" , "http://purl.obolibrary.org/obo/OBI_0002046" , "http://www.w3.org/2000/01/rdf-schema#subClassOf" , "b15" ,
 "surface plasmon resonance sensor chip" , "http://purl.obolibrary.org/obo/OBI_0002046" , "http://www.w3.org/2000/01/rdf-schema#subClassOf" , "b16" ,
 "surface structure" , "http://purl.obolibrary.org/obo/UBERON_0003102" , "http://www.w3.org/1999/02/22-rdf-syntax-ns#type" , "http://www.w3.org/2002/07/owl#Class" ,
 "surface structure" , "http://purl.obolibrary.org/obo/UBERON_0003102" , "http://purl.obolibrary.org/obo/IAO_0000115" , "Anatomical structure that overlaps the outer epithelial layer and is adjacent to the space surrounding the organism." ,
 "surface structure" , "http://purl.obolibrary.org/obo/UBERON_0003102" , "http://www.w3.org/2000/01/rdf-schema#label" , "surface structure" ,
 "surface structure" , "http://purl.obolibrary.org/obo/UBERON_0003102" , "http://www.geneontology.org/formats/oboInOwl#hasExactSynonym" , "anatomical surface feature" ,
 "surface structure" , "http://purl.obolibrary.org/obo/UBERON_0003102" , "http://www.geneontology.org/formats/oboInOwl#hasRelatedSynonym" , "surface feature" ,
 "surface structure" , "http://purl.obolibrary.org/obo/UBERON_0003102" , "http://www.geneontology.org/formats/oboInOwl#hasRelatedSynonym" , "surface region" ,
 "surface structure" , "http://purl.obolibrary.org/obo/UBERON_0003102" , "http://www.geneontology.org/formats/oboInOwl#hasRelatedSynonym" , "surface structures" ,
 "surface structure" , "http://purl.obolibrary.org/obo/UBERON_0003102" , "http://www.w3.org/2000/01/rdf-schema#subClassOf" , "http://purl.obolibrary.org/obo/UBERON_0000061" ,
 "optic eminence surface ectoderm" , "http://purl.obolibrary.org/obo/UBERON_0005216" , "http://www.w3.org/1999/02/22-rdf-syntax-ns#type" , "http://www.w3.org/2002/07/owl#Class" ,
 "optic eminence surface ectoderm" , "http://purl.obolibrary.org/obo/UBERON_0005216" , "http://purl.obolibrary.org/obo/IAO_0000115" , "An external ectoderm that is part of a optic eminence [Automatically generated definition]." ,
 "optic eminence surface ectoderm" , "http://purl.obolibrary.org/obo/UBERON_0005216" , "http://www.w3.org/2000/01/rdf-schema#label" , "optic eminence surface ectoderm" ,
 "optic eminence surface ectoderm" , "http://purl.obolibrary.org/obo/UBERON_0005216" , "http://www.w3.org/2000/01/rdf-schema#subClassOf" , "http://purl.obolibrary.org/obo/UBERON_0000076" ,
 "surface groove" , "http://purl.obolibrary.org/obo/UBERON_0006846" , "http://www.w3.org/1999/02/22-rdf-syntax-ns#type" , "http://www.w3.org/2002/07/owl#Class" ,
 "surface groove" , "http://purl.obolibrary.org/obo/UBERON_0006846" , "http://purl.obolibrary.org/obo/IAO_0000115" , "A furrow or an incomplete tube." ,
 "surface groove" , "http://purl.obolibrary.org/obo/UBERON_0006846" , "http://www.w3.org/2000/01/rdf-schema#label" , "surface groove" ,
 "surface groove" , "http://purl.obolibrary.org/obo/UBERON_0006846" , "http://www.geneontology.org/formats/oboInOwl#hasRelatedSynonym" , "groove" ,
 "surface groove" , "http://purl.obolibrary.org/obo/UBERON_0006846" , "http://www.w3.org/2000/01/rdf-schema#subClassOf" , "http://purl.obolibrary.org/obo/UBERON_0003102" ,
 "pinna surface epithelium" , "http://purl.obolibrary.org/obo/UBERON_0006938" , "http://www.w3.org/1999/02/22-rdf-syntax-ns#type" , "http://www.w3.org/2002/07/owl#Class" ,
 "pinna surface epithelium" , "http://purl.obolibrary.org/obo/UBERON_0006938" , "http://purl.obolibrary.org/obo/IAO_0000115" , "An epithelium that is part of a pinna." ,
 "pinna surface epithelium" , "http://purl.obolibrary.org/obo/UBERON_0006938" , "http://www.w3.org/2000/01/rdf-schema#label" , "pinna surface epithelium" ,
 "pinna surface epithelium" , "http://purl.obolibrary.org/obo/UBERON_0006938" , "http://www.w3.org/2000/01/rdf-schema#subClassOf" , "http://purl.obolibrary.org/obo/UBERON_0015814" ,
 "anatomical surface" , "http://purl.obolibrary.org/obo/UBERON_0006984" , "http://www.w3.org/1999/02/22-rdf-syntax-ns#type" , "http://www.w3.org/2002/07/owl#Class" ,
 "anatomical surface" , "http://purl.obolibrary.org/obo/UBERON_0006984" , "http://purl.obolibrary.org/obo/IAO_0000115" , "A two dimensional anatomical structure that is the boundary between an anatomical structure and an anatomical substance, an anatomical space or the organism's environment. Examples include the surface of your skin, the surface of the lining of your gut; the surface of the endothelium of you aorta that is in contact with blood.n" ,
 "anatomical surface" , "http://purl.obolibrary.org/obo/UBERON_0006984" , "http://www.w3.org/2000/01/rdf-schema#label" , "anatomical surface" ,
 "anatomical surface" , "http://purl.obolibrary.org/obo/UBERON_0006984" , "http://www.w3.org/2000/01/rdf-schema#subClassOf" , "http://purl.obolibrary.org/obo/UBERON_0000466" ,
 "surface of tongue" , "http://purl.obolibrary.org/obo/UBERON_0007367" , "http://www.w3.org/1999/02/22-rdf-syntax-ns#type" , "http://www.w3.org/2002/07/owl#Class" ,
 "surface of tongue" , "http://purl.obolibrary.org/obo/UBERON_0007367" , "http://purl.obolibrary.org/obo/IAO_0000115" , "An anatomical surface that is part of a tongue." ,
 "surface of tongue" , "http://purl.obolibrary.org/obo/UBERON_0007367" , "http://www.w3.org/2000/01/rdf-schema#label" , "surface of tongue" ,
 "surface of tongue" , "http://purl.obolibrary.org/obo/UBERON_0007367" , "http://www.geneontology.org/formats/oboInOwl#hasExactSynonym" , "tongue surface" ,
 "surface of tongue" , "http://purl.obolibrary.org/obo/UBERON_0007367" , "http://www.w3.org/2000/01/rdf-schema#subClassOf" , "http://purl.obolibrary.org/obo/UBERON_0006984" ,
 "surface of cartilage" , "http://purl.obolibrary.org/obo/UBERON_0008115" , "http://www.w3.org/1999/02/22-rdf-syntax-ns#type" , "http://www.w3.org/2002/07/owl#Class" ,
 "surface of cartilage" , "http://purl.obolibrary.org/obo/UBERON_0008115" , "http://purl.obolibrary.org/obo/IAO_0000115" , "A anatomical surface that is part of a cartilage element." ,
 "surface of cartilage" , "http://purl.obolibrary.org/obo/UBERON_0008115" , "http://www.w3.org/2000/01/rdf-schema#label" , "surface of cartilage" ,
 "surface of cartilage" , "http://purl.obolibrary.org/obo/UBERON_0008115" , "http://www.geneontology.org/formats/oboInOwl#hasExactSynonym" , "cartilage surface" ,
 "surface of cartilage" , "http://purl.obolibrary.org/obo/UBERON_0008115" , "http://www.w3.org/2000/01/rdf-schema#subClassOf" , "http://purl.obolibrary.org/obo/UBERON_0006984" ,
 "ocular surface region" , "http://purl.obolibrary.org/obo/UBERON_0010409" , "http://www.w3.org/1999/02/22-rdf-syntax-ns#type" , "http://www.w3.org/2002/07/owl#Class" ,
 "ocular surface region" , "http://purl.obolibrary.org/obo/UBERON_0010409" , "http://purl.obolibrary.org/obo/IAO_0000115" , "The integrated unit (of the eye) that consists of the conjunctiva, the corneal surface, and the ocular mucosal adnexa including the lid margins and the meibomian gland openings, the lacrimal glands and the lacrimal drainage system, all which are critical to maintain ocular surface integrity and provide protection from external antigens and pathogenic microorganisms." ,
 "ocular surface region" , "http://purl.obolibrary.org/obo/UBERON_0010409" , "http://www.w3.org/2000/01/rdf-schema#label" , "ocular surface region" ,
 "ocular surface region" , "http://purl.obolibrary.org/obo/UBERON_0010409" , "http://www.geneontology.org/formats/oboInOwl#hasExactSynonym" , "eye surface" ,
 "ocular surface region" , "http://purl.obolibrary.org/obo/UBERON_0010409" , "http://www.geneontology.org/formats/oboInOwl#hasExactSynonym" , "eye surface region" ,
 "ocular surface region" , "http://purl.obolibrary.org/obo/UBERON_0010409" , "http://www.geneontology.org/formats/oboInOwl#hasExactSynonym" , "ocular surface" ,
 "ocular surface region" , "http://purl.obolibrary.org/obo/UBERON_0010409" , "http://www.w3.org/2000/01/rdf-schema#subClassOf" , "http://purl.obolibrary.org/obo/UBERON_0004121" ,
 "ocular surface region" , "http://purl.obolibrary.org/obo/UBERON_0010409" , "http://www.w3.org/2000/01/rdf-schema#subClassOf" , "http://purl.obolibrary.org/obo/UBERON_0000063" ,
 "surface of bone" , "http://purl.obolibrary.org/obo/UBERON_4200230" , "http://www.w3.org/1999/02/22-rdf-syntax-ns#type" , "http://www.w3.org/2002/07/owl#Class" ,
 "surface of bone" , "http://purl.obolibrary.org/obo/UBERON_4200230" , "http://purl.obolibrary.org/obo/IAO_0000115" , "An anatomical surface that is part of a bone" ,
 "surface of bone" , "http://purl.obolibrary.org/obo/UBERON_4200230" , "http://www.w3.org/2000/01/rdf-schema#label" , "surface of bone" ,
 "surface of bone" , "http://purl.obolibrary.org/obo/UBERON_4200230" , "http://www.geneontology.org/formats/oboInOwl#hasExactSynonym" , "bone surface" ,
 "surface of bone" , "http://purl.obolibrary.org/obo/UBERON_4200230" , "http://www.w3.org/2000/01/rdf-schema#subClassOf" , "http://purl.obolibrary.org/obo/UBERON_0006984" ,
 "signalling molecule" , "http://purl.obolibrary.org/obo/CHEBI_62488" , "http://www.w3.org/1999/02/22-rdf-syntax-ns#type" , "http://www.w3.org/2002/07/owl#Class" ,
 "signalling molecule" , "http://purl.obolibrary.org/obo/CHEBI_62488" , "http://www.w3.org/2000/01/rdf-schema#label" , "signalling molecule" ,
 "signalling molecule" , "http://purl.obolibrary.org/obo/CHEBI_62488" , "http://www.w3.org/2000/01/rdf-schema#subClassOf" , "http://purl.obolibrary.org/obo/CHEBI_33280" ,
 "signal conversion function" , "http://purl.obolibrary.org/obo/OBI_0000393" , "http://www.w3.org/1999/02/22-rdf-syntax-ns#type" , "http://www.w3.org/2002/07/owl#Class" ,
 "signal conversion function" , "http://purl.obolibrary.org/obo/OBI_0000393" , "http://purl.obolibrary.org/obo/IAO_0000111" , "signal conversion function" ,
 "signal conversion function" , "http://purl.obolibrary.org/obo/OBI_0000393" , "http://purl.obolibrary.org/obo/IAO_0000115" , "A signal conversion function is an information processor function which transforms a signal into another type of signal. For example an analog-to-digital_converter, Ac/Ac converter, a synapse converts electrical action potentials into an intermediate chemical signal. The post synapse converts it back into an electric one passed on to the axon." ,
 "signal conversion function" , "http://purl.obolibrary.org/obo/OBI_0000393" , "http://www.w3.org/2000/01/rdf-schema#label" , "signal conversion function" ,
 "signal conversion function" , "http://purl.obolibrary.org/obo/OBI_0000393" , "http://purl.obolibrary.org/obo/IAO_0000114" , "http://purl.obolibrary.org/obo/IAO_0000122" ,
 "signal conversion function" , "http://purl.obolibrary.org/obo/OBI_0000393" , "http://purl.obolibrary.org/obo/IAO_0000117" , "Frank Gibson" ,
 "signal conversion function" , "http://purl.obolibrary.org/obo/OBI_0000393" , "http://purl.obolibrary.org/obo/IAO_0000117" , "Bill Bug" ,
 "signal conversion function" , "http://purl.obolibrary.org/obo/OBI_0000393" , "http://purl.obolibrary.org/obo/IAO_0000117" , "Daniel Schober" ,
 "signal conversion function" , "http://purl.obolibrary.org/obo/OBI_0000393" , "http://purl.obolibrary.org/obo/IAO_0000117" , "Melanie Courtot" ,
 "signal conversion function" , "http://purl.obolibrary.org/obo/OBI_0000393" , "http://purl.obolibrary.org/obo/IAO_0000118" , "transduction function" ,
 "signal conversion function" , "http://purl.obolibrary.org/obo/OBI_0000393" , "http://www.w3.org/2000/01/rdf-schema#subClassOf" , "http://purl.obolibrary.org/obo/OBI_0000392" ,
 "signal amplification function" , "http://purl.obolibrary.org/obo/OBI_0000395" , "http://www.w3.org/1999/02/22-rdf-syntax-ns#type" , "http://www.w3.org/2002/07/owl#Class" ,
 "signal amplification function" , "http://purl.obolibrary.org/obo/OBI_0000395" , "http://purl.obolibrary.org/obo/IAO_0000111" , "signal amplification function" ,
 "signal amplification function" , "http://purl.obolibrary.org/obo/OBI_0000395" , "http://purl.obolibrary.org/obo/IAO_0000115" , "A signal amplification function is a signal conversion function to inject energy into an input signal so as to produce an output signal with increased differential magnitude while also seeking to minimize increases in the signal to noise ratio. For example, to produce a 0.1 KW output signal from a 1 mW RMS input signal." ,
 "signal amplification function" , "http://purl.obolibrary.org/obo/OBI_0000395" , "http://www.w3.org/2000/01/rdf-schema#label" , "signal amplification function" ,
 "signal amplification function" , "http://purl.obolibrary.org/obo/OBI_0000395" , "http://purl.obolibrary.org/obo/IAO_0000114" , "http://purl.obolibrary.org/obo/IAO_0000122" ,
 "signal amplification function" , "http://purl.obolibrary.org/obo/OBI_0000395" , "http://purl.obolibrary.org/obo/IAO_0000117" , "Frank Gibson" ,
 "signal amplification function" , "http://purl.obolibrary.org/obo/OBI_0000395" , "http://purl.obolibrary.org/obo/IAO_0000117" , "Bill Bug" ,
 "signal amplification function" , "http://purl.obolibrary.org/obo/OBI_0000395" , "http://purl.obolibrary.org/obo/IAO_0000117" , "Daniel Schober" ,
 "signal amplification function" , "http://purl.obolibrary.org/obo/OBI_0000395" , "http://purl.obolibrary.org/obo/IAO_0000117" , "Melanie Courtot" ,
 "signal amplification function" , "http://purl.obolibrary.org/obo/OBI_0000395" , "http://www.w3.org/2000/01/rdf-schema#subClassOf" , "http://purl.obolibrary.org/obo/OBI_0000393" ,
 "biological role" , "http://purl.obolibrary.org/obo/CHEBI_24432" , "http://www.w3.org/1999/02/22-rdf-syntax-ns#type" , "http://www.w3.org/2002/07/owl#Class" ,
 "biological role" , "http://purl.obolibrary.org/obo/CHEBI_24432" , "http://www.w3.org/2000/01/rdf-schema#label" , "biological role" ,
 "biological role" , "http://purl.obolibrary.org/obo/CHEBI_24432" , "http://www.w3.org/2000/01/rdf-schema#subClassOf" , "http://purl.obolibrary.org/obo/CHEBI_50906" ,
 "biological waste material" , "http://purl.obolibrary.org/obo/ENVO_01000373" , "http://www.w3.org/1999/02/22-rdf-syntax-ns#type" , "http://www.w3.org/2002/07/owl#Class" ,
 "biological waste material" , "http://purl.obolibrary.org/obo/ENVO_01000373" , "http://purl.obolibrary.org/obo/IAO_0000115" , "Biological waste is waste containing mostly natural organic materials (remains of plants, animal excrement, biological sludge from waste-water treatment plants and so forth)." ,
 "biological waste material" , "http://purl.obolibrary.org/obo/ENVO_01000373" , "http://www.w3.org/2000/01/rdf-schema#label" , "biological waste material" ,
 "biological waste material" , "http://purl.obolibrary.org/obo/ENVO_01000373" , "http://purl.obolibrary.org/obo/IAO_0000116" , "This will become a defined class, with subclasses added through inference based on material having a 'waste role' and being composed primarily of some organic or biological matter." ,
 "biological waste material" , "http://purl.obolibrary.org/obo/ENVO_01000373" , "http://www.geneontology.org/formats/oboInOwl#hasBroadSynonym" , "biological waste" ,
 "biological waste material" , "http://purl.obolibrary.org/obo/ENVO_01000373" , "http://www.w3.org/2000/01/rdf-schema#subClassOf" , "http://purl.obolibrary.org/obo/ENVO_00002264" ,
 "biological waste material" , "http://purl.obolibrary.org/obo/ENVO_01000373" , "http://www.w3.org/2000/01/rdf-schema#subClassOf" , "b17" ,
 "biological waste material" , "http://purl.obolibrary.org/obo/ENVO_01000373" , "http://www.w3.org/2000/01/rdf-schema#subClassOf" , "b18" ,
 "mass of biological material" , "http://purl.obolibrary.org/obo/ENVO_01000549" , "http://www.w3.org/1999/02/22-rdf-syntax-ns#type" , "http://www.w3.org/2002/07/owl#Class" ,
 "mass of biological material" , "http://purl.obolibrary.org/obo/ENVO_01000549" , "http://www.w3.org/2000/01/rdf-schema#label" , "mass of biological material" ,
 "mass of biological material" , "http://purl.obolibrary.org/obo/ENVO_01000549" , "http://www.w3.org/2000/01/rdf-schema#subClassOf" , "http://purl.obolibrary.org/obo/ENVO_00002004" ,
 "biological product" , "http://purl.obolibrary.org/obo/ENVO_02000043" , "http://www.w3.org/1999/02/22-rdf-syntax-ns#type" , "http://www.w3.org/2002/07/owl#Class" ,
 "biological product" , "http://purl.obolibrary.org/obo/ENVO_02000043" , "http://www.w3.org/2000/01/rdf-schema#comment" , "This definition should be revised, it is currently too ambiguous." ,
 "biological product" , "http://purl.obolibrary.org/obo/ENVO_02000043" , "http://purl.obolibrary.org/obo/IAO_0000115" , "A biological product is an environmental substrate comprised of any virus, therapeutic serum, toxin, antitoxin, or analogous product available to prevent, treat or cure diseases or injuries in man." ,
 "biological product" , "http://purl.obolibrary.org/obo/ENVO_02000043" , "http://www.w3.org/2000/01/rdf-schema#label" , "biological product" ,
 "biological product" , "http://purl.obolibrary.org/obo/ENVO_02000043" , "http://www.geneontology.org/formats/oboInOwl#hasOBONamespace" , "ENVO" ,
 "biological product" , "http://purl.obolibrary.org/obo/ENVO_02000043" , "http://www.geneontology.org/formats/oboInOwl#id" , "ENVO:02000043" ,
 "biological product" , "http://purl.obolibrary.org/obo/ENVO_02000043" , "http://www.w3.org/2000/01/rdf-schema#subClassOf" , "http://purl.obolibrary.org/obo/ENVO_0010001" ,
 "biological_process" , "http://purl.obolibrary.org/obo/GO_0008150" , "http://www.w3.org/1999/02/22-rdf-syntax-ns#type" , "http://www.w3.org/2002/07/owl#Class" ,
 "biological_process" , "http://purl.obolibrary.org/obo/GO_0008150" , "http://purl.obolibrary.org/obo/IAO_0000111" , "biological_process" ,
 "biological_process" , "http://purl.obolibrary.org/obo/GO_0008150" , "http://purl.obolibrary.org/obo/IAO_0000115" , "Any process specifically pertinent to the functioning of integrated living units: cells, tissues, organs, and organisms. A process is a collection of molecular events with a defined beginning and end." ,
 "biological_process" , "http://purl.obolibrary.org/obo/GO_0008150" , "http://www.w3.org/2000/01/rdf-schema#label" , "biological_process" ,
 "biological_process" , "http://purl.obolibrary.org/obo/GO_0008150" , "http://purl.obolibrary.org/obo/IAO_0000412" , "http://purl.obolibrary.org/obo/go.owl" ,
 "biological_process" , "http://purl.obolibrary.org/obo/GO_0008150" , "http://www.geneontology.org/formats/oboInOwl#hasExactSynonym" , "biological process" ,
 "biological_process" , "http://purl.obolibrary.org/obo/GO_0008150" , "http://www.geneontology.org/formats/oboInOwl#hasExactSynonym" , "physiological process" ,
 "biological_process" , "http://purl.obolibrary.org/obo/GO_0008150" , "http://www.w3.org/2000/01/rdf-schema#subClassOf" , "http://purl.obolibrary.org/obo/BFO_0000015" ,
 "biological_process" , "http://purl.obolibrary.org/obo/GO_0008150" , "http://www.w3.org/2002/07/owl#disjointWith" , "http://purl.obolibrary.org/obo/OBI_0000011" ,
 "biological feature identification objective" , "http://purl.obolibrary.org/obo/OBI_0000015" , "http://www.w3.org/1999/02/22-rdf-syntax-ns#type" , "http://www.w3.org/2002/07/owl#Class" ,
 "biological feature identification objective" , "http://purl.obolibrary.org/obo/OBI_0000015" , "http://purl.obolibrary.org/obo/IAO_0000111" , "biological feature identification objective" ,
 "biological feature identification objective" , "http://purl.obolibrary.org/obo/OBI_0000015" , "http://purl.obolibrary.org/obo/IAO_0000115" , "Biological_feature_identification_objective is an objective role carried out by the proposition defining the aim of a study designed to examine or characterize a particular biological feature." ,
 "biological feature identification objective" , "http://purl.obolibrary.org/obo/OBI_0000015" , "http://www.w3.org/2000/01/rdf-schema#label" , "biological feature identification objective" ,
 "biological feature identification objective" , "http://purl.obolibrary.org/obo/OBI_0000015" , "http://purl.obolibrary.org/obo/IAO_0000114" , "http://purl.obolibrary.org/obo/IAO_0000123" ,
 "biological feature identification objective" , "http://purl.obolibrary.org/obo/OBI_0000015" , "http://purl.obolibrary.org/obo/IAO_0000117" , "Jennifer Fostel" ,
 "biological feature identification objective" , "http://purl.obolibrary.org/obo/OBI_0000015" , "http://www.w3.org/2000/01/rdf-schema#subClassOf" , "http://purl.obolibrary.org/obo/IAO_0000005" ,
 "biological vector role" , "http://purl.obolibrary.org/obo/OBI_0000109" , "http://www.w3.org/1999/02/22-rdf-syntax-ns#type" , "http://www.w3.org/2002/07/owl#Class" ,
 "biological vector role" , "http://purl.obolibrary.org/obo/OBI_0000109" , "http://purl.obolibrary.org/obo/IAO_0000111" , "biological vector role" ,
 "biological vector role" , "http://purl.obolibrary.org/obo/OBI_0000109" , "http://purl.obolibrary.org/obo/IAO_0000115" , "a biological vector role is a material to be added role that is realized by the process of transmitting material to the organism that is the target of the transmission." ,
 "biological vector role" , "http://purl.obolibrary.org/obo/OBI_0000109" , "http://purl.obolibrary.org/obo/IAO_0000232" , "6/12/2009 Alan made this a material to be added role, because it was, and because this speeded up reasoning" ,
 "biological vector role" , "http://purl.obolibrary.org/obo/OBI_0000109" , "http://www.w3.org/2000/01/rdf-schema#label" , "biological vector role" ,
 "biological vector role" , "http://purl.obolibrary.org/obo/OBI_0000109" , "http://purl.obolibrary.org/obo/IAO_0000119" , "OBI and Wikipedia" ,
 "biological vector role" , "http://purl.obolibrary.org/obo/OBI_0000109" , "http://purl.obolibrary.org/obo/IAO_0000114" , "http://purl.obolibrary.org/obo/IAO_0000120" ,
 "biological vector role" , "http://purl.obolibrary.org/obo/OBI_0000109" , "http://purl.obolibrary.org/obo/IAO_0000117" , "GROUP:  Role Branch" ,
 "biological vector role" , "http://purl.obolibrary.org/obo/OBI_0000109" , "http://purl.obolibrary.org/obo/IAO_0000112" , "1983 Sci. Amer. Jan. 58/2 Plasmids are routinely used as vectors for introducing foreign DNA into bacteria." ,
 "biological vector role" , "http://purl.obolibrary.org/obo/OBI_0000109" , "http://purl.obolibrary.org/obo/IAO_0000112" , "Some epidemiological aspects and vector role of tick infestation on layers in the Faisalabad district (Pakistan). http://journals.cambridge.org/action/displayAbstract;jsessionid=0373164489D00868AEEF2C556EB4FD29.tomcat1?fromPage=online&aid=624280" ,
 "biological vector role" , "http://purl.obolibrary.org/obo/OBI_0000109" , "http://purl.obolibrary.org/obo/IAO_0000116" , "Feb 20, 2009. The material transmitted can be genetic information (as in cloning vector) or a pathogen (as in a disease vector)" ,
 "biological vector role" , "http://purl.obolibrary.org/obo/OBI_0000109" , "http://purl.obolibrary.org/obo/IAO_0000116" , "false" ,
 "biological vector role" , "http://purl.obolibrary.org/obo/OBI_0000109" , "http://purl.obolibrary.org/obo/IAO_0000231" , "http://purl.obolibrary.org/obo/IAO_0000103" ,
 "biological vector role" , "http://purl.obolibrary.org/obo/OBI_0000109" , "http://www.w3.org/2002/07/owl#deprecated" , "true" ,
 "biological vector role" , "http://purl.obolibrary.org/obo/OBI_0000109" , "http://www.w3.org/2000/01/rdf-schema#subClassOf" , "http://www.geneontology.org/formats/oboInOwl#ObsoleteClass" ,
 "biological replicate role" , "http://purl.obolibrary.org/obo/OBI_0000198" , "http://www.w3.org/1999/02/22-rdf-syntax-ns#type" , "http://www.w3.org/2002/07/owl#Class" ,
 "biological replicate role" , "http://purl.obolibrary.org/obo/OBI_0000198" , "http://purl.obolibrary.org/obo/IAO_0000111" , "biological replicate role" ,
 "biological replicate role" , "http://purl.obolibrary.org/obo/OBI_0000198" , "http://purl.obolibrary.org/obo/IAO_0000115" , "a reference participant role realized by equivalent treatment of participants" ,
 "biological replicate role" , "http://purl.obolibrary.org/obo/OBI_0000198" , "http://www.w3.org/2000/01/rdf-schema#label" , "biological replicate role" ,
 "biological replicate role" , "http://purl.obolibrary.org/obo/OBI_0000198" , "http://purl.obolibrary.org/obo/IAO_0000119" , "OBI" ,
 "biological replicate role" , "http://purl.obolibrary.org/obo/OBI_0000198" , "http://purl.obolibrary.org/obo/IAO_0000114" , "http://purl.obolibrary.org/obo/IAO_0000120" ,
 "biological replicate role" , "http://purl.obolibrary.org/obo/OBI_0000198" , "http://purl.obolibrary.org/obo/IAO_0000117" , "Person:Jennifer Fostel" ,
 "biological replicate role" , "http://purl.obolibrary.org/obo/OBI_0000198" , "http://purl.obolibrary.org/obo/IAO_0000112" , "A member of a dose-time group; a patient in a given arm of a trial" ,
 "biological replicate role" , "http://purl.obolibrary.org/obo/OBI_0000198" , "http://purl.obolibrary.org/obo/IAO_0000118" , "biological replicate" ,
 "biological replicate role" , "http://purl.obolibrary.org/obo/OBI_0000198" , "http://www.w3.org/2000/01/rdf-schema#subClassOf" , "http://purl.obolibrary.org/obo/OBI_0000220" ,
 "biological activity assay measuring epitope specific interleukin-27 production by T cells" , "http://purl.obolibrary.org/obo/OBI_0001198" , "http://www.w3.org/1999/02/22-rdf-syntax-ns#type" , "http://www.w3.org/2002/07/owl#Class" ,
 "biological activity assay measuring epitope specific interleukin-27 production by T cells" , "http://purl.obolibrary.org/obo/OBI_0001198" , "http://purl.obolibrary.org/obo/IAO_0000111" , "biological activity assay measuring epitope specific interleukin-27 production by T cells" ,
 "biological activity assay measuring epitope specific interleukin-27 production by T cells" , "http://purl.obolibrary.org/obo/OBI_0001198" , "http://purl.obolibrary.org/obo/IAO_0000115" , "A T cell epitope specific cytokine production assay that detects interleukin-27 production by T cells." ,
 "biological activity assay measuring epitope specific interleukin-27 production by T cells" , "http://purl.obolibrary.org/obo/OBI_0001198" , "http://www.w3.org/2000/01/rdf-schema#label" , "biological activity assay measuring epitope specific interleukin-27 production by T cells" ,
 "biological activity assay measuring epitope specific interleukin-27 production by T cells" , "http://purl.obolibrary.org/obo/OBI_0001198" , "http://purl.obolibrary.org/obo/IAO_0000119" , "IEDB" ,
 "biological activity assay measuring epitope specific interleukin-27 production by T cells" , "http://purl.obolibrary.org/obo/OBI_0001198" , "http://purl.obolibrary.org/obo/IAO_0000114" , "http://purl.obolibrary.org/obo/IAO_0000120" ,
 "biological activity assay measuring epitope specific interleukin-27 production by T cells" , "http://purl.obolibrary.org/obo/OBI_0001198" , "http://purl.obolibrary.org/obo/IAO_0000117" , "PERSON:Randi Vita, Jason Greenbaum, Bjoern Peters" ,
 "biological activity assay measuring epitope specific interleukin-27 production by T cells" , "http://purl.obolibrary.org/obo/OBI_0001198" , "http://purl.obolibrary.org/obo/OBI_9991118" , "IL-27 release|biological activity" ,
 "biological activity assay measuring epitope specific interleukin-27 production by T cells" , "http://purl.obolibrary.org/obo/OBI_0001198" , "http://www.w3.org/2000/01/rdf-schema#subClassOf" , "http://purl.obolibrary.org/obo/OBI_1110129" ,
 "biological activity assay measuring epitope specific interleukin-27 production by T cells" , "http://purl.obolibrary.org/obo/OBI_0001198" , "http://www.w3.org/2002/07/owl#equivalentClass" , "b19" ,
 "biological activity assay measuring epitope specific interleukin-10 production by T cells" , "http://purl.obolibrary.org/obo/OBI_0001209" , "http://www.w3.org/1999/02/22-rdf-syntax-ns#type" , "http://www.w3.org/2002/07/owl#Class" ,
 "biological activity assay measuring epitope specific interleukin-10 production by T cells" , "http://purl.obolibrary.org/obo/OBI_0001209" , "http://purl.obolibrary.org/obo/IAO_0000111" , "biological activity assay measuring epitope specific interleukin-10 production by T cells" ,
 "biological activity assay measuring epitope specific interleukin-10 production by T cells" , "http://purl.obolibrary.org/obo/OBI_0001209" , "http://purl.obolibrary.org/obo/IAO_0000115" , "A T cell epitope specific cytokine production assay that detects interleukin-10 production by T cells." ,
 "biological activity assay measuring epitope specific interleukin-10 production by T cells" , "http://purl.obolibrary.org/obo/OBI_0001209" , "http://www.w3.org/2000/01/rdf-schema#label" , "biological activity assay measuring epitope specific interleukin-10 production by T cells" ,
 "biological activity assay measuring epitope specific interleukin-10 production by T cells" , "http://purl.obolibrary.org/obo/OBI_0001209" , "http://purl.obolibrary.org/obo/IAO_0000119" , "IEDB" ,
 "biological activity assay measuring epitope specific interleukin-10 production by T cells" , "http://purl.obolibrary.org/obo/OBI_0001209" , "http://purl.obolibrary.org/obo/IAO_0000114" , "http://purl.obolibrary.org/obo/IAO_0000120" ,
 "biological activity assay measuring epitope specific interleukin-10 production by T cells" , "http://purl.obolibrary.org/obo/OBI_0001209" , "http://purl.obolibrary.org/obo/IAO_0000117" , "PERSON:Randi Vita, Jason Greenbaum, Bjoern Peters" ,
 "biological activity assay measuring epitope specific interleukin-10 production by T cells" , "http://purl.obolibrary.org/obo/OBI_0001209" , "http://purl.obolibrary.org/obo/OBI_9991118" , "IL-10 release|biological activity" ,
 "biological activity assay measuring epitope specific interleukin-10 production by T cells" , "http://purl.obolibrary.org/obo/OBI_0001209" , "http://www.w3.org/2000/01/rdf-schema#subClassOf" , "http://purl.obolibrary.org/obo/OBI_1110129" ,
 "biological activity assay measuring epitope specific interleukin-10 production by T cells" , "http://purl.obolibrary.org/obo/OBI_0001209" , "http://www.w3.org/2002/07/owl#equivalentClass" , "b20" ,
 "biological activity assay measuring epitope specific interleukin-22 production by T cells" , "http://purl.obolibrary.org/obo/OBI_0001217" , "http://www.w3.org/1999/02/22-rdf-syntax-ns#type" , "http://www.w3.org/2002/07/owl#Class" ,
 "biological activity assay measuring epitope specific interleukin-22 production by T cells" , "http://purl.obolibrary.org/obo/OBI_0001217" , "http://purl.obolibrary.org/obo/IAO_0000111" , "biological activity assay measuring epitope specific interleukin-22 production by T cells" ,
 "biological activity assay measuring epitope specific interleukin-22 production by T cells" , "http://purl.obolibrary.org/obo/OBI_0001217" , "http://purl.obolibrary.org/obo/IAO_0000115" , "A T cell epitope specific cytokine production assay that detects interleukin-22 production by T cells." ,
 "biological activity assay measuring epitope specific interleukin-22 production by T cells" , "http://purl.obolibrary.org/obo/OBI_0001217" , "http://www.w3.org/2000/01/rdf-schema#label" , "biological activity assay measuring epitope specific interleukin-22 production by T cells" ,
 "biological activity assay measuring epitope specific interleukin-22 production by T cells" , "http://purl.obolibrary.org/obo/OBI_0001217" , "http://purl.obolibrary.org/obo/IAO_0000119" , "IEDB" ,
 "biological activity assay measuring epitope specific interleukin-22 production by T cells" , "http://purl.obolibrary.org/obo/OBI_0001217" , "http://purl.obolibrary.org/obo/IAO_0000114" , "http://purl.obolibrary.org/obo/IAO_0000120" ,
 "biological activity assay measuring epitope specific interleukin-22 production by T cells" , "http://purl.obolibrary.org/obo/OBI_0001217" , "http://purl.obolibrary.org/obo/IAO_0000117" , "PERSON:Randi Vita, Jason Greenbaum, Bjoern Peters" ,
 "biological activity assay measuring epitope specific interleukin-22 production by T cells" , "http://purl.obolibrary.org/obo/OBI_0001217" , "http://purl.obolibrary.org/obo/OBI_9991118" , "IL-22 release|biological activity" ,
 "biological activity assay measuring epitope specific interleukin-22 production by T cells" , "http://purl.obolibrary.org/obo/OBI_0001217" , "http://www.w3.org/2000/01/rdf-schema#subClassOf" , "http://purl.obolibrary.org/obo/OBI_1110129" ,
 "biological activity assay measuring epitope specific interleukin-22 production by T cells" , "http://purl.obolibrary.org/obo/OBI_0001217" , "http://www.w3.org/2002/07/owl#equivalentClass" , "b21" ,
 "biological activity assay measuring epitope specific interleukin-8 production by T cells" , "http://purl.obolibrary.org/obo/OBI_0001218" , "http://www.w3.org/1999/02/22-rdf-syntax-ns#type" , "http://www.w3.org/2002/07/owl#Class" ,
 "biological activity assay measuring epitope specific interleukin-8 production by T cells" , "http://purl.obolibrary.org/obo/OBI_0001218" , "http://purl.obolibrary.org/obo/IAO_0000111" , "biological activity assay measuring epitope specific interleukin-8 production by T cells" ,
 "biological activity assay measuring epitope specific interleukin-8 production by T cells" , "http://purl.obolibrary.org/obo/OBI_0001218" , "http://purl.obolibrary.org/obo/IAO_0000115" , "A T cell epitope specific cytokine production assay that detects interleukin-8 production by T cells." ,
 "biological activity assay measuring epitope specific interleukin-8 production by T cells" , "http://purl.obolibrary.org/obo/OBI_0001218" , "http://www.w3.org/2000/01/rdf-schema#label" , "biological activity assay measuring epitope specific interleukin-8 production by T cells" ,
 "biological activity assay measuring epitope specific interleukin-8 production by T cells" , "http://purl.obolibrary.org/obo/OBI_0001218" , "http://purl.obolibrary.org/obo/IAO_0000119" , "IEDB" ,
 "biological activity assay measuring epitope specific interleukin-8 production by T cells" , "http://purl.obolibrary.org/obo/OBI_0001218" , "http://purl.obolibrary.org/obo/IAO_0000114" , "http://purl.obolibrary.org/obo/IAO_0000120" ,
 "biological activity assay measuring epitope specific interleukin-8 production by T cells" , "http://purl.obolibrary.org/obo/OBI_0001218" , "http://purl.obolibrary.org/obo/IAO_0000117" , "PERSON:Randi Vita, Jason Greenbaum, Bjoern Peters" ,
 "biological activity assay measuring epitope specific interleukin-8 production by T cells" , "http://purl.obolibrary.org/obo/OBI_0001218" , "http://purl.obolibrary.org/obo/OBI_9991118" , "IL-8 release|biological activity" ,
 "biological activity assay measuring epitope specific interleukin-8 production by T cells" , "http://purl.obolibrary.org/obo/OBI_0001218" , "http://www.w3.org/2000/01/rdf-schema#subClassOf" , "http://purl.obolibrary.org/obo/OBI_1110129" ,
 "biological activity assay measuring epitope specific interleukin-8 production by T cells" , "http://purl.obolibrary.org/obo/OBI_0001218" , "http://www.w3.org/2002/07/owl#equivalentClass" , "b22" ,
 "biological activity assay measuring epitope specific helper T cell enhancement of a B cell mediated immune response" , "http://purl.obolibrary.org/obo/OBI_0001228" , "http://www.w3.org/1999/02/22-rdf-syntax-ns#type" , "http://www.w3.org/2002/07/owl#Class" ,
 "biological activity assay measuring epitope specific helper T cell enhancement of a B cell mediated immune response" , "http://purl.obolibrary.org/obo/OBI_0001228" , "http://purl.obolibrary.org/obo/IAO_0000111" , "biological activity assay measuring epitope specific helper T cell enhancement of a B cell mediated immune response" ,
 "biological activity assay measuring epitope specific helper T cell enhancement of a B cell mediated immune response" , "http://purl.obolibrary.org/obo/OBI_0001228" , "http://purl.obolibrary.org/obo/IAO_0000115" , "A T cell epitope specific helper activity assay that detects the ability of a T cell epitope to enhance an antibody response." ,
 "biological activity assay measuring epitope specific helper T cell enhancement of a B cell mediated immune response" , "http://purl.obolibrary.org/obo/OBI_0001228" , "http://www.w3.org/2000/01/rdf-schema#label" , "biological activity assay measuring epitope specific helper T cell enhancement of a B cell mediated immune response" ,
 "biological activity assay measuring epitope specific helper T cell enhancement of a B cell mediated immune response" , "http://purl.obolibrary.org/obo/OBI_0001228" , "http://purl.obolibrary.org/obo/IAO_0000119" , "IEDB" ,
 "biological activity assay measuring epitope specific helper T cell enhancement of a B cell mediated immune response" , "http://purl.obolibrary.org/obo/OBI_0001228" , "http://purl.obolibrary.org/obo/IAO_0000114" , "http://purl.obolibrary.org/obo/IAO_0000120" ,
 "biological activity assay measuring epitope specific helper T cell enhancement of a B cell mediated immune response" , "http://purl.obolibrary.org/obo/OBI_0001228" , "http://purl.obolibrary.org/obo/IAO_0000117" , "IEDB" ,
 "biological activity assay measuring epitope specific helper T cell enhancement of a B cell mediated immune response" , "http://purl.obolibrary.org/obo/OBI_0001228" , "http://purl.obolibrary.org/obo/OBI_9991118" , "antibody help|biological activity" ,
 "biological activity assay measuring epitope specific helper T cell enhancement of a B cell mediated immune response" , "http://purl.obolibrary.org/obo/OBI_0001228" , "http://www.w3.org/2000/01/rdf-schema#subClassOf" , "http://purl.obolibrary.org/obo/OBI_0001495" ,
 "biological activity assay measuring epitope specific interleukin-5 production by T cells" , "http://purl.obolibrary.org/obo/OBI_0001230" , "http://www.w3.org/1999/02/22-rdf-syntax-ns#type" , "http://www.w3.org/2002/07/owl#Class" ,
 "biological activity assay measuring epitope specific interleukin-5 production by T cells" , "http://purl.obolibrary.org/obo/OBI_0001230" , "http://purl.obolibrary.org/obo/IAO_0000111" , "biological activity assay measuring epitope specific interleukin-5 production by T cells" ,
 "biological activity assay measuring epitope specific interleukin-5 production by T cells" , "http://purl.obolibrary.org/obo/OBI_0001230" , "http://purl.obolibrary.org/obo/IAO_0000115" , "A T cell epitope specific cytokine production assay that detects interleukin-5 production by T cells." ,
 "biological activity assay measuring epitope specific interleukin-5 production by T cells" , "http://purl.obolibrary.org/obo/OBI_0001230" , "http://www.w3.org/2000/01/rdf-schema#label" , "biological activity assay measuring epitope specific interleukin-5 production by T cells" ,
 "biological activity assay measuring epitope specific interleukin-5 production by T cells" , "http://purl.obolibrary.org/obo/OBI_0001230" , "http://purl.obolibrary.org/obo/IAO_0000119" , "IEDB" ,
 "biological activity assay measuring epitope specific interleukin-5 production by T cells" , "http://purl.obolibrary.org/obo/OBI_0001230" , "http://purl.obolibrary.org/obo/IAO_0000114" , "http://purl.obolibrary.org/obo/IAO_0000120" ,
 "biological activity assay measuring epitope specific interleukin-5 production by T cells" , "http://purl.obolibrary.org/obo/OBI_0001230" , "http://purl.obolibrary.org/obo/IAO_0000117" , "PERSON:Randi Vita, Jason Greenbaum, Bjoern Peters" ,
 "biological activity assay measuring epitope specific interleukin-5 production by T cells" , "http://purl.obolibrary.org/obo/OBI_0001230" , "http://purl.obolibrary.org/obo/OBI_9991118" , "IL-5 release|biological activity" ,
 "biological activity assay measuring epitope specific interleukin-5 production by T cells" , "http://purl.obolibrary.org/obo/OBI_0001230" , "http://www.w3.org/2000/01/rdf-schema#subClassOf" , "http://purl.obolibrary.org/obo/OBI_1110129" ,
 "biological activity assay measuring epitope specific interleukin-5 production by T cells" , "http://purl.obolibrary.org/obo/OBI_0001230" , "http://www.w3.org/2002/07/owl#equivalentClass" , "b23" ,
 "biological activity assay measuring epitope specific RANTES production by T cells" , "http://purl.obolibrary.org/obo/OBI_0001232" , "http://www.w3.org/1999/02/22-rdf-syntax-ns#type" , "http://www.w3.org/2002/07/owl#Class" ,
 "biological activity assay measuring epitope specific RANTES production by T cells" , "http://purl.obolibrary.org/obo/OBI_0001232" , "http://purl.obolibrary.org/obo/IAO_0000111" , "biological activity assay measuring epitope specific RANTES production by T cells" ,
 "biological activity assay measuring epitope specific RANTES production by T cells" , "http://purl.obolibrary.org/obo/OBI_0001232" , "http://purl.obolibrary.org/obo/IAO_0000115" , "A T cell epitope specific cytokine production assay that detects RANTES production by T cells." ,
 "biological activity assay measuring epitope specific RANTES production by T cells" , "http://purl.obolibrary.org/obo/OBI_0001232" , "http://www.w3.org/2000/01/rdf-schema#label" , "biological activity assay measuring epitope specific RANTES production by T cells" ,
 "biological activity assay measuring epitope specific RANTES production by T cells" , "http://purl.obolibrary.org/obo/OBI_0001232" , "http://purl.obolibrary.org/obo/IAO_0000119" , "IEDB" ,
 "biological activity assay measuring epitope specific RANTES production by T cells" , "http://purl.obolibrary.org/obo/OBI_0001232" , "http://purl.obolibrary.org/obo/IAO_0000114" , "http://purl.obolibrary.org/obo/IAO_0000120" ,
 "biological activity assay measuring epitope specific RANTES production by T cells" , "http://purl.obolibrary.org/obo/OBI_0001232" , "http://purl.obolibrary.org/obo/IAO_0000117" , "PERSON:Randi Vita, Jason Greenbaum, Bjoern Peters" ,
 "biological activity assay measuring epitope specific RANTES production by T cells" , "http://purl.obolibrary.org/obo/OBI_0001232" , "http://purl.obolibrary.org/obo/OBI_9991118" , "CCL5/RANTES release|biological activity" ,
 "biological activity assay measuring epitope specific RANTES production by T cells" , "http://purl.obolibrary.org/obo/OBI_0001232" , "http://www.w3.org/2000/01/rdf-schema#subClassOf" , "http://purl.obolibrary.org/obo/OBI_1110129" ,
 "biological activity assay measuring epitope specific RANTES production by T cells" , "http://purl.obolibrary.org/obo/OBI_0001232" , "http://www.w3.org/2002/07/owl#equivalentClass" , "b24" ,
 "biological activity assay measuring epitope specific granulocyte macrophage colony stimulating factor production by T cells" , "http://purl.obolibrary.org/obo/OBI_0001233" , "http://www.w3.org/1999/02/22-rdf-syntax-ns#type" , "http://www.w3.org/2002/07/owl#Class" ,
 "biological activity assay measuring epitope specific granulocyte macrophage colony stimulating factor production by T cells" , "http://purl.obolibrary.org/obo/OBI_0001233" , "http://purl.obolibrary.org/obo/IAO_0000111" , "biological activity assay measuring epitope specific granulocyte macrophage colony stimulating factor production by T cells" ,
 "biological activity assay measuring epitope specific granulocyte macrophage colony stimulating factor production by T cells" , "http://purl.obolibrary.org/obo/OBI_0001233" , "http://purl.obolibrary.org/obo/IAO_0000115" , "A T cell epitope specific cytokine production assay that detects granulocyte macrophage colony stimulating factor production by T cells." ,
 "biological activity assay measuring epitope specific granulocyte macrophage colony stimulating factor production by T cells" , "http://purl.obolibrary.org/obo/OBI_0001233" , "http://www.w3.org/2000/01/rdf-schema#label" , "biological activity assay measuring epitope specific granulocyte macrophage colony stimulating factor production by T cells" ,
 "biological activity assay measuring epitope specific granulocyte macrophage colony stimulating factor production by T cells" , "http://purl.obolibrary.org/obo/OBI_0001233" , "http://purl.obolibrary.org/obo/IAO_0000119" , "IEDB" ,
 "biological activity assay measuring epitope specific granulocyte macrophage colony stimulating factor production by T cells" , "http://purl.obolibrary.org/obo/OBI_0001233" , "http://purl.obolibrary.org/obo/IAO_0000114" , "http://purl.obolibrary.org/obo/IAO_0000120" ,
 "biological activity assay measuring epitope specific granulocyte macrophage colony stimulating factor production by T cells" , "http://purl.obolibrary.org/obo/OBI_0001233" , "http://purl.obolibrary.org/obo/IAO_0000117" , "PERSON:Randi Vita, Jason Greenbaum, Bjoern Peters" ,
 "biological activity assay measuring epitope specific granulocyte macrophage colony stimulating factor production by T cells" , "http://purl.obolibrary.org/obo/OBI_0001233" , "http://purl.obolibrary.org/obo/OBI_9991118" , "GM-CSF release|biological activity" ,
 "biological activity assay measuring epitope specific granulocyte macrophage colony stimulating factor production by T cells" , "http://purl.obolibrary.org/obo/OBI_0001233" , "http://www.w3.org/2000/01/rdf-schema#subClassOf" , "http://purl.obolibrary.org/obo/OBI_1110129" ,
 "biological activity assay measuring epitope specific granulocyte macrophage colony stimulating factor production by T cells" , "http://purl.obolibrary.org/obo/OBI_0001233" , "http://www.w3.org/2002/07/owl#equivalentClass" , "b25" ,
 "biological activity assay measuring epitope specific interleukin-21 production by T cells" , "http://purl.obolibrary.org/obo/OBI_0001237" , "http://www.w3.org/1999/02/22-rdf-syntax-ns#type" , "http://www.w3.org/2002/07/owl#Class" ,
 "biological activity assay measuring epitope specific interleukin-21 production by T cells" , "http://purl.obolibrary.org/obo/OBI_0001237" , "http://purl.obolibrary.org/obo/IAO_0000111" , "biological activity assay measuring epitope specific interleukin-21 production by T cells" ,
 "biological activity assay measuring epitope specific interleukin-21 production by T cells" , "http://purl.obolibrary.org/obo/OBI_0001237" , "http://purl.obolibrary.org/obo/IAO_0000115" , "A T cell epitope specific cytokine production assay that detects interleukin-21 production by T cells." ,
 "biological activity assay measuring epitope specific interleukin-21 production by T cells" , "http://purl.obolibrary.org/obo/OBI_0001237" , "http://www.w3.org/2000/01/rdf-schema#label" , "biological activity assay measuring epitope specific interleukin-21 production by T cells" ,
 "biological activity assay measuring epitope specific interleukin-21 production by T cells" , "http://purl.obolibrary.org/obo/OBI_0001237" , "http://purl.obolibrary.org/obo/IAO_0000119" , "IEDB" ,
 "biological activity assay measuring epitope specific interleukin-21 production by T cells" , "http://purl.obolibrary.org/obo/OBI_0001237" , "http://purl.obolibrary.org/obo/IAO_0000114" , "http://purl.obolibrary.org/obo/IAO_0000120" ,
 "biological activity assay measuring epitope specific interleukin-21 production by T cells" , "http://purl.obolibrary.org/obo/OBI_0001237" , "http://purl.obolibrary.org/obo/IAO_0000117" , "PERSON:Randi Vita, Jason Greenbaum, Bjoern Peters" ,
 "biological activity assay measuring epitope specific interleukin-21 production by T cells" , "http://purl.obolibrary.org/obo/OBI_0001237" , "http://purl.obolibrary.org/obo/OBI_9991118" , "IL-21 release|biological activity" ,
 "biological activity assay measuring epitope specific interleukin-21 production by T cells" , "http://purl.obolibrary.org/obo/OBI_0001237" , "http://www.w3.org/2000/01/rdf-schema#subClassOf" , "http://purl.obolibrary.org/obo/OBI_1110129" ,
 "biological activity assay measuring epitope specific interleukin-21 production by T cells" , "http://purl.obolibrary.org/obo/OBI_0001237" , "http://www.w3.org/2002/07/owl#equivalentClass" , "b26" ,
 "biological activity assay measuring epitope specific interleukin-13 production by T cells" , "http://purl.obolibrary.org/obo/OBI_0001251" , "http://www.w3.org/1999/02/22-rdf-syntax-ns#type" , "http://www.w3.org/2002/07/owl#Class" ,
 "biological activity assay measuring epitope specific interleukin-13 production by T cells" , "http://purl.obolibrary.org/obo/OBI_0001251" , "http://purl.obolibrary.org/obo/IAO_0000111" , "biological activity assay measuring epitope specific interleukin-13 production by T cells" ,
 "biological activity assay measuring epitope specific interleukin-13 production by T cells" , "http://purl.obolibrary.org/obo/OBI_0001251" , "http://purl.obolibrary.org/obo/IAO_0000115" , "A T cell epitope specific cytokine production assay that detects interleukin-13 production by T cells." ,
 "biological activity assay measuring epitope specific interleukin-13 production by T cells" , "http://purl.obolibrary.org/obo/OBI_0001251" , "http://www.w3.org/2000/01/rdf-schema#label" , "biological activity assay measuring epitope specific interleukin-13 production by T cells" ,
 "biological activity assay measuring epitope specific interleukin-13 production by T cells" , "http://purl.obolibrary.org/obo/OBI_0001251" , "http://purl.obolibrary.org/obo/IAO_0000119" , "IEDB" ,
 "biological activity assay measuring epitope specific interleukin-13 production by T cells" , "http://purl.obolibrary.org/obo/OBI_0001251" , "http://purl.obolibrary.org/obo/IAO_0000114" , "http://purl.obolibrary.org/obo/IAO_0000120" ,
 "biological activity assay measuring epitope specific interleukin-13 production by T cells" , "http://purl.obolibrary.org/obo/OBI_0001251" , "http://purl.obolibrary.org/obo/IAO_0000117" , "PERSON:Randi Vita, Jason Greenbaum, Bjoern Peters" ,
 "biological activity assay measuring epitope specific interleukin-13 production by T cells" , "http://purl.obolibrary.org/obo/OBI_0001251" , "http://purl.obolibrary.org/obo/OBI_9991118" , "IL-13 release|biological activity" ,
 "biological activity assay measuring epitope specific interleukin-13 production by T cells" , "http://purl.obolibrary.org/obo/OBI_0001251" , "http://www.w3.org/2000/01/rdf-schema#subClassOf" , "http://purl.obolibrary.org/obo/OBI_1110129" ,
 "biological activity assay measuring epitope specific interleukin-13 production by T cells" , "http://purl.obolibrary.org/obo/OBI_0001251" , "http://www.w3.org/2002/07/owl#equivalentClass" , "b27" ,
 "biological activity assay measuring interleukin-9 production by T cells" , "http://purl.obolibrary.org/obo/OBI_0001253" , "http://www.w3.org/1999/02/22-rdf-syntax-ns#type" , "http://www.w3.org/2002/07/owl#Class" ,
 "biological activity assay measuring interleukin-9 production by T cells" , "http://purl.obolibrary.org/obo/OBI_0001253" , "http://purl.obolibrary.org/obo/IAO_0000111" , "biological activity assay measuring interleukin-9 production by T cells" ,
 "biological activity assay measuring interleukin-9 production by T cells" , "http://purl.obolibrary.org/obo/OBI_0001253" , "http://purl.obolibrary.org/obo/IAO_0000115" , "A T cell epitope specific cytokine production assay that detects interleukin-9 production by T cells." ,
 "biological activity assay measuring interleukin-9 production by T cells" , "http://purl.obolibrary.org/obo/OBI_0001253" , "http://www.w3.org/2000/01/rdf-schema#label" , "biological activity assay measuring interleukin-9 production by T cells" ,
 "biological activity assay measuring interleukin-9 production by T cells" , "http://purl.obolibrary.org/obo/OBI_0001253" , "http://purl.obolibrary.org/obo/IAO_0000119" , "IEDB" ,
 "biological activity assay measuring interleukin-9 production by T cells" , "http://purl.obolibrary.org/obo/OBI_0001253" , "http://purl.obolibrary.org/obo/IAO_0000114" , "http://purl.obolibrary.org/obo/IAO_0000120" ,
 "biological activity assay measuring interleukin-9 production by T cells" , "http://purl.obolibrary.org/obo/OBI_0001253" , "http://purl.obolibrary.org/obo/IAO_0000117" , "PERSON:Randi Vita, Jason Greenbaum, Bjoern Peters" ,
 "biological activity assay measuring interleukin-9 production by T cells" , "http://purl.obolibrary.org/obo/OBI_0001253" , "http://purl.obolibrary.org/obo/OBI_9991118" , "IL-9 release|biological activity" ,
 "biological activity assay measuring interleukin-9 production by T cells" , "http://purl.obolibrary.org/obo/OBI_0001253" , "http://www.w3.org/2000/01/rdf-schema#subClassOf" , "http://purl.obolibrary.org/obo/OBI_1110129" ,
 "biological activity assay measuring interleukin-9 production by T cells" , "http://purl.obolibrary.org/obo/OBI_0001253" , "http://www.w3.org/2002/07/owl#equivalentClass" , "b28" ,
 "biological activity assay measuring epitope specific helper T cell enhancement of a T cell mediated immune response" , "http://purl.obolibrary.org/obo/OBI_0001263" , "http://www.w3.org/1999/02/22-rdf-syntax-ns#type" , "http://www.w3.org/2002/07/owl#Class" ,
 "biological activity assay measuring epitope specific helper T cell enhancement of a T cell mediated immune response" , "http://purl.obolibrary.org/obo/OBI_0001263" , "http://purl.obolibrary.org/obo/IAO_0000111" , "biological activity assay measuring epitope specific helper T cell enhancement of a T cell mediated immune response" ,
 "biological activity assay measuring epitope specific helper T cell enhancement of a T cell mediated immune response" , "http://purl.obolibrary.org/obo/OBI_0001263" , "http://purl.obolibrary.org/obo/IAO_0000115" , "A T cell epitope specific helper activity assay that detects the ability of a T cell epitope to enhance a T cell response." ,
 "biological activity assay measuring epitope specific helper T cell enhancement of a T cell mediated immune response" , "http://purl.obolibrary.org/obo/OBI_0001263" , "http://www.w3.org/2000/01/rdf-schema#label" , "biological activity assay measuring epitope specific helper T cell enhancement of a T cell mediated immune response" ,
 "biological activity assay measuring epitope specific helper T cell enhancement of a T cell mediated immune response" , "http://purl.obolibrary.org/obo/OBI_0001263" , "http://purl.obolibrary.org/obo/IAO_0000119" , "IEDB" ,
 "biological activity assay measuring epitope specific helper T cell enhancement of a T cell mediated immune response" , "http://purl.obolibrary.org/obo/OBI_0001263" , "http://purl.obolibrary.org/obo/IAO_0000114" , "http://purl.obolibrary.org/obo/IAO_0000120" ,
 "biological activity assay measuring epitope specific helper T cell enhancement of a T cell mediated immune response" , "http://purl.obolibrary.org/obo/OBI_0001263" , "http://purl.obolibrary.org/obo/IAO_0000117" , "PERSON:Randi Vita, Jason Greenbaum, Bjoern Peters" ,
 "biological activity assay measuring epitope specific helper T cell enhancement of a T cell mediated immune response" , "http://purl.obolibrary.org/obo/OBI_0001263" , "http://purl.obolibrary.org/obo/OBI_9991118" , "T cell help|biological activity" ,
 "biological activity assay measuring epitope specific helper T cell enhancement of a T cell mediated immune response" , "http://purl.obolibrary.org/obo/OBI_0001263" , "http://www.w3.org/2000/01/rdf-schema#subClassOf" , "http://purl.obolibrary.org/obo/OBI_0001495" ,
 "biological activity assay measuring epitope specific helper T cell enhancement of a T cell mediated immune response" , "http://purl.obolibrary.org/obo/OBI_0001263" , "http://www.w3.org/2002/07/owl#equivalentClass" , "b29" ,
 "biological activity assay measuring epitope specific transforming growth factor-beta production by T cells" , "http://purl.obolibrary.org/obo/OBI_0001264" , "http://www.w3.org/1999/02/22-rdf-syntax-ns#type" , "http://www.w3.org/2002/07/owl#Class" ,
 "biological activity assay measuring epitope specific transforming growth factor-beta production by T cells" , "http://purl.obolibrary.org/obo/OBI_0001264" , "http://purl.obolibrary.org/obo/IAO_0000111" , "biological activity assay measuring epitope specific transforming growth factor-beta production by T cells" ,
 "biological activity assay measuring epitope specific transforming growth factor-beta production by T cells" , "http://purl.obolibrary.org/obo/OBI_0001264" , "http://purl.obolibrary.org/obo/IAO_0000115" , "A T cell epitope specific cytokine production assay that detects transforming growth factor-beta production by T cells." ,
 "biological activity assay measuring epitope specific transforming growth factor-beta production by T cells" , "http://purl.obolibrary.org/obo/OBI_0001264" , "http://www.w3.org/2000/01/rdf-schema#label" , "biological activity assay measuring epitope specific transforming growth factor-beta production by T cells" ,
 "biological activity assay measuring epitope specific transforming growth factor-beta production by T cells" , "http://purl.obolibrary.org/obo/OBI_0001264" , "http://purl.obolibrary.org/obo/IAO_0000119" , "IEDB" ,
 "biological activity assay measuring epitope specific transforming growth factor-beta production by T cells" , "http://purl.obolibrary.org/obo/OBI_0001264" , "http://purl.obolibrary.org/obo/IAO_0000114" , "http://purl.obolibrary.org/obo/IAO_0000120" ,
 "biological activity assay measuring epitope specific transforming growth factor-beta production by T cells" , "http://purl.obolibrary.org/obo/OBI_0001264" , "http://purl.obolibrary.org/obo/IAO_0000117" , "PERSON:Randi Vita, Jason Greenbaum, Bjoern Peters" ,
 "biological activity assay measuring epitope specific transforming growth factor-beta production by T cells" , "http://purl.obolibrary.org/obo/OBI_0001264" , "http://purl.obolibrary.org/obo/OBI_9991118" , "TGFb release|biological activity" ,
 "biological activity assay measuring epitope specific transforming growth factor-beta production by T cells" , "http://purl.obolibrary.org/obo/OBI_0001264" , "http://www.w3.org/2000/01/rdf-schema#subClassOf" , "http://purl.obolibrary.org/obo/OBI_1110129" ,
 "biological activity assay measuring epitope specific transforming growth factor-beta production by T cells" , "http://purl.obolibrary.org/obo/OBI_0001264" , "http://www.w3.org/2002/07/owl#equivalentClass" , "b30" ,
 "biological activity assay measuring epitope specific cytotoxic T cell degranulation" , "http://purl.obolibrary.org/obo/OBI_0001269" , "http://www.w3.org/1999/02/22-rdf-syntax-ns#type" , "http://www.w3.org/2002/07/owl#Class" ,
 "biological activity assay measuring epitope specific cytotoxic T cell degranulation" , "http://purl.obolibrary.org/obo/OBI_0001269" , "http://purl.obolibrary.org/obo/IAO_0000111" , "biological activity assay measuring epitope specific cytotoxic T cell degranulation" ,
 "biological activity assay measuring epitope specific cytotoxic T cell degranulation" , "http://purl.obolibrary.org/obo/OBI_0001269" , "http://purl.obolibrary.org/obo/IAO_0000115" , "A T cell epitope dependent biological activity assay that detects cytotoxic T cell degranulation." ,
 "biological activity assay measuring epitope specific cytotoxic T cell degranulation" , "http://purl.obolibrary.org/obo/OBI_0001269" , "http://www.w3.org/2000/01/rdf-schema#label" , "biological activity assay measuring epitope specific cytotoxic T cell degranulation" ,
 "biological activity assay measuring epitope specific cytotoxic T cell degranulation" , "http://purl.obolibrary.org/obo/OBI_0001269" , "http://purl.obolibrary.org/obo/IAO_0000119" , "IEDB" ,
 "biological activity assay measuring epitope specific cytotoxic T cell degranulation" , "http://purl.obolibrary.org/obo/OBI_0001269" , "http://purl.obolibrary.org/obo/IAO_0000114" , "http://purl.obolibrary.org/obo/IAO_0000120" ,
 "biological activity assay measuring epitope specific cytotoxic T cell degranulation" , "http://purl.obolibrary.org/obo/OBI_0001269" , "http://purl.obolibrary.org/obo/IAO_0000117" , "PERSON:Randi Vita, Jason Greenbaum, Bjoern Peters" ,
 "biological activity assay measuring epitope specific cytotoxic T cell degranulation" , "http://purl.obolibrary.org/obo/OBI_0001269" , "http://purl.obolibrary.org/obo/OBI_9991118" , "degranulation|biological activity" ,
 "biological activity assay measuring epitope specific cytotoxic T cell degranulation" , "http://purl.obolibrary.org/obo/OBI_0001269" , "http://www.w3.org/2000/01/rdf-schema#subClassOf" , "http://purl.obolibrary.org/obo/OBI_0002055" ,
 "biological activity assay measuring epitope specific cytotoxic T cell degranulation" , "http://purl.obolibrary.org/obo/OBI_0001269" , "http://www.w3.org/2002/07/owl#equivalentClass" , "b31" ,
 "biological activity assay measuring epitope specific chemokine (C-C motif) ligand 1 production by T cells" , "http://purl.obolibrary.org/obo/OBI_0001276" , "http://www.w3.org/1999/02/22-rdf-syntax-ns#type" , "http://www.w3.org/2002/07/owl#Class" ,
 "biological activity assay measuring epitope specific chemokine (C-C motif) ligand 1 production by T cells" , "http://purl.obolibrary.org/obo/OBI_0001276" , "http://purl.obolibrary.org/obo/IAO_0000111" , "biological activity assay measuring epitope specific chemokine (C-C motif) ligand 1 production by T cells" ,
 "biological activity assay measuring epitope specific chemokine (C-C motif) ligand 1 production by T cells" , "http://purl.obolibrary.org/obo/OBI_0001276" , "http://purl.obolibrary.org/obo/IAO_0000115" , "A T cell epitope specific cytokine production assay that detects production of chemokine (C-C motif) ligand 1 by T cells." ,
 "biological activity assay measuring epitope specific chemokine (C-C motif) ligand 1 production by T cells" , "http://purl.obolibrary.org/obo/OBI_0001276" , "http://www.w3.org/2000/01/rdf-schema#label" , "biological activity assay measuring epitope specific chemokine (C-C motif) ligand 1 production by T cells" ,
 "biological activity assay measuring epitope specific chemokine (C-C motif) ligand 1 production by T cells" , "http://purl.obolibrary.org/obo/OBI_0001276" , "http://purl.obolibrary.org/obo/IAO_0000119" , "IEDB" ,
 "biological activity assay measuring epitope specific chemokine (C-C motif) ligand 1 production by T cells" , "http://purl.obolibrary.org/obo/OBI_0001276" , "http://purl.obolibrary.org/obo/IAO_0000114" , "http://purl.obolibrary.org/obo/IAO_0000120" ,
 "biological activity assay measuring epitope specific chemokine (C-C motif) ligand 1 production by T cells" , "http://purl.obolibrary.org/obo/OBI_0001276" , "http://purl.obolibrary.org/obo/IAO_0000117" , "PERSON:Randi Vita, Jason Greenbaum, Bjoern Peters" ,
 "biological activity assay measuring epitope specific chemokine (C-C motif) ligand 1 production by T cells" , "http://purl.obolibrary.org/obo/OBI_0001276" , "http://purl.obolibrary.org/obo/OBI_9991118" , "CCL1/TCA-3 release|biological activity" ,
 "biological activity assay measuring epitope specific chemokine (C-C motif) ligand 1 production by T cells" , "http://purl.obolibrary.org/obo/OBI_0001276" , "http://www.w3.org/2000/01/rdf-schema#subClassOf" , "http://purl.obolibrary.org/obo/OBI_1110129" ,
 "biological activity assay measuring epitope specific chemokine (C-C motif) ligand 1 production by T cells" , "http://purl.obolibrary.org/obo/OBI_0001276" , "http://www.w3.org/2002/07/owl#equivalentClass" , "b32" ,
 "biological activity assay measuring epitope specific interleukin-16 production by T cells" , "http://purl.obolibrary.org/obo/OBI_0001280" , "http://www.w3.org/1999/02/22-rdf-syntax-ns#type" , "http://www.w3.org/2002/07/owl#Class" ,
 "biological activity assay measuring epitope specific interleukin-16 production by T cells" , "http://purl.obolibrary.org/obo/OBI_0001280" , "http://purl.obolibrary.org/obo/IAO_0000111" , "biological activity assay measuring epitope specific interleukin-16 production by T cells" ,
 "biological activity assay measuring epitope specific interleukin-16 production by T cells" , "http://purl.obolibrary.org/obo/OBI_0001280" , "http://purl.obolibrary.org/obo/IAO_0000115" , "A T cell epitope specific cytokine production assay that detects interleukin-16 production by T cells." ,
 "biological activity assay measuring epitope specific interleukin-16 production by T cells" , "http://purl.obolibrary.org/obo/OBI_0001280" , "http://www.w3.org/2000/01/rdf-schema#label" , "biological activity assay measuring epitope specific interleukin-16 production by T cells" ,
 "biological activity assay measuring epitope specific interleukin-16 production by T cells" , "http://purl.obolibrary.org/obo/OBI_0001280" , "http://purl.obolibrary.org/obo/IAO_0000119" , "IEDB" ,
 "biological activity assay measuring epitope specific interleukin-16 production by T cells" , "http://purl.obolibrary.org/obo/OBI_0001280" , "http://purl.obolibrary.org/obo/IAO_0000114" , "http://purl.obolibrary.org/obo/IAO_0000120" ,
 "biological activity assay measuring epitope specific interleukin-16 production by T cells" , "http://purl.obolibrary.org/obo/OBI_0001280" , "http://purl.obolibrary.org/obo/IAO_0000117" , "PERSON:Randi Vita, Jason Greenbaum, Bjoern Peters" ,
 "biological activity assay measuring epitope specific interleukin-16 production by T cells" , "http://purl.obolibrary.org/obo/OBI_0001280" , "http://purl.obolibrary.org/obo/OBI_9991118" , "IL-16 release|biological activity" ,
 "biological activity assay measuring epitope specific interleukin-16 production by T cells" , "http://purl.obolibrary.org/obo/OBI_0001280" , "http://www.w3.org/2000/01/rdf-schema#subClassOf" , "http://purl.obolibrary.org/obo/OBI_1110129" ,
 "biological activity assay measuring epitope specific interleukin-16 production by T cells" , "http://purl.obolibrary.org/obo/OBI_0001280" , "http://www.w3.org/2002/07/owl#equivalentClass" , "b33" ,
 "biological activity assay measuring epitope specific interleukin-15 production by T cells" , "http://purl.obolibrary.org/obo/OBI_0001292" , "http://www.w3.org/1999/02/22-rdf-syntax-ns#type" , "http://www.w3.org/2002/07/owl#Class" ,
 "biological activity assay measuring epitope specific interleukin-15 production by T cells" , "http://purl.obolibrary.org/obo/OBI_0001292" , "http://purl.obolibrary.org/obo/IAO_0000111" , "biological activity assay measuring epitope specific interleukin-15 production by T cells" ,
 "biological activity assay measuring epitope specific interleukin-15 production by T cells" , "http://purl.obolibrary.org/obo/OBI_0001292" , "http://purl.obolibrary.org/obo/IAO_0000115" , "A T cell epitope specific cytokine production assay that detects interleukin-15 production by T cells." ,
 "biological activity assay measuring epitope specific interleukin-15 production by T cells" , "http://purl.obolibrary.org/obo/OBI_0001292" , "http://www.w3.org/2000/01/rdf-schema#label" , "biological activity assay measuring epitope specific interleukin-15 production by T cells" ,
 "biological activity assay measuring epitope specific interleukin-15 production by T cells" , "http://purl.obolibrary.org/obo/OBI_0001292" , "http://purl.obolibrary.org/obo/IAO_0000119" , "IEDB" ,
 "biological activity assay measuring epitope specific interleukin-15 production by T cells" , "http://purl.obolibrary.org/obo/OBI_0001292" , "http://purl.obolibrary.org/obo/IAO_0000114" , "http://purl.obolibrary.org/obo/IAO_0000120" ,
 "biological activity assay measuring epitope specific interleukin-15 production by T cells" , "http://purl.obolibrary.org/obo/OBI_0001292" , "http://purl.obolibrary.org/obo/IAO_0000117" , "PERSON:Randi Vita, Jason Greenbaum, Bjoern Peters" ,
 "biological activity assay measuring epitope specific interleukin-15 production by T cells" , "http://purl.obolibrary.org/obo/OBI_0001292" , "http://purl.obolibrary.org/obo/OBI_9991118" , "IL-15 release|biological activity" ,
 "biological activity assay measuring epitope specific interleukin-15 production by T cells" , "http://purl.obolibrary.org/obo/OBI_0001292" , "http://www.w3.org/2000/01/rdf-schema#subClassOf" , "http://purl.obolibrary.org/obo/OBI_1110129" ,
 "biological activity assay measuring epitope specific interleukin-15 production by T cells" , "http://purl.obolibrary.org/obo/OBI_0001292" , "http://www.w3.org/2002/07/owl#equivalentClass" , "b34" ,
 "biological activity assay measuring epitope specific interleukin-17 production by T cells" , "http://purl.obolibrary.org/obo/OBI_0001295" , "http://www.w3.org/1999/02/22-rdf-syntax-ns#type" , "http://www.w3.org/2002/07/owl#Class" ,
 "biological activity assay measuring epitope specific interleukin-17 production by T cells" , "http://purl.obolibrary.org/obo/OBI_0001295" , "http://purl.obolibrary.org/obo/IAO_0000111" , "biological activity assay measuring epitope specific interleukin-17 production by T cells" ,
 "biological activity assay measuring epitope specific interleukin-17 production by T cells" , "http://purl.obolibrary.org/obo/OBI_0001295" , "http://purl.obolibrary.org/obo/IAO_0000115" , "A T cell epitope specific cytokine production assay that detects interleukin-17 production by T cells." ,
 "biological activity assay measuring epitope specific interleukin-17 production by T cells" , "http://purl.obolibrary.org/obo/OBI_0001295" , "http://www.w3.org/2000/01/rdf-schema#label" , "biological activity assay measuring epitope specific interleukin-17 production by T cells" ,
 "biological activity assay measuring epitope specific interleukin-17 production by T cells" , "http://purl.obolibrary.org/obo/OBI_0001295" , "http://purl.obolibrary.org/obo/IAO_0000119" , "IEDB" ,
 "biological activity assay measuring epitope specific interleukin-17 production by T cells" , "http://purl.obolibrary.org/obo/OBI_0001295" , "http://purl.obolibrary.org/obo/IAO_0000114" , "http://purl.obolibrary.org/obo/IAO_0000120" ,
 "biological activity assay measuring epitope specific interleukin-17 production by T cells" , "http://purl.obolibrary.org/obo/OBI_0001295" , "http://purl.obolibrary.org/obo/IAO_0000117" , "PERSON:Randi Vita, Jason Greenbaum, Bjoern Peters" ,
 "biological activity assay measuring epitope specific interleukin-17 production by T cells" , "http://purl.obolibrary.org/obo/OBI_0001295" , "http://purl.obolibrary.org/obo/OBI_9991118" , "IL-17 release|biological activity" ,
 "biological activity assay measuring epitope specific interleukin-17 production by T cells" , "http://purl.obolibrary.org/obo/OBI_0001295" , "http://www.w3.org/2000/01/rdf-schema#subClassOf" , "http://purl.obolibrary.org/obo/OBI_1110129" ,
 "biological activity assay measuring epitope specific interleukin-17 production by T cells" , "http://purl.obolibrary.org/obo/OBI_0001295" , "http://www.w3.org/2002/07/owl#equivalentClass" , "b35" ,
 "biological activity assay measuring epitope specific IP-10 production by T cells" , "http://purl.obolibrary.org/obo/OBI_0001308" , "http://www.w3.org/1999/02/22-rdf-syntax-ns#type" , "http://www.w3.org/2002/07/owl#Class" ,
 "biological activity assay measuring epitope specific IP-10 production by T cells" , "http://purl.obolibrary.org/obo/OBI_0001308" , "http://purl.obolibrary.org/obo/IAO_0000111" , "biological activity assay measuring epitope specific IP-10 production by T cells" ,
 "biological activity assay measuring epitope specific IP-10 production by T cells" , "http://purl.obolibrary.org/obo/OBI_0001308" , "http://purl.obolibrary.org/obo/IAO_0000115" , "A T cell epitope specific cytokine production assay that detects IP-10 production by T cells." ,
 "biological activity assay measuring epitope specific IP-10 production by T cells" , "http://purl.obolibrary.org/obo/OBI_0001308" , "http://www.w3.org/2000/01/rdf-schema#label" , "biological activity assay measuring epitope specific IP-10 production by T cells" ,
 "biological activity assay measuring epitope specific IP-10 production by T cells" , "http://purl.obolibrary.org/obo/OBI_0001308" , "http://purl.obolibrary.org/obo/IAO_0000119" , "IEDB" ,
 "biological activity assay measuring epitope specific IP-10 production by T cells" , "http://purl.obolibrary.org/obo/OBI_0001308" , "http://purl.obolibrary.org/obo/IAO_0000114" , "http://purl.obolibrary.org/obo/IAO_0000120" ,
 "biological activity assay measuring epitope specific IP-10 production by T cells" , "http://purl.obolibrary.org/obo/OBI_0001308" , "http://purl.obolibrary.org/obo/IAO_0000117" , "PERSON:Randi Vita, Jason Greenbaum, Bjoern Peters" ,
 "biological activity assay measuring epitope specific IP-10 production by T cells" , "http://purl.obolibrary.org/obo/OBI_0001308" , "http://purl.obolibrary.org/obo/OBI_9991118" , "CXCL10/IP-10 release|biological activity" ,
 "biological activity assay measuring epitope specific IP-10 production by T cells" , "http://purl.obolibrary.org/obo/OBI_0001308" , "http://www.w3.org/2000/01/rdf-schema#subClassOf" , "http://purl.obolibrary.org/obo/OBI_1110129" ,
 "biological activity assay measuring epitope specific IP-10 production by T cells" , "http://purl.obolibrary.org/obo/OBI_0001308" , "http://www.w3.org/2002/07/owl#equivalentClass" , "b36" ,
 "biological activity assay measuring epitope specific lymphotoxin A production by T cells" , "http://purl.obolibrary.org/obo/OBI_0001327" , "http://www.w3.org/1999/02/22-rdf-syntax-ns#type" , "http://www.w3.org/2002/07/owl#Class" ,
 "biological activity assay measuring epitope specific lymphotoxin A production by T cells" , "http://purl.obolibrary.org/obo/OBI_0001327" , "http://purl.obolibrary.org/obo/IAO_0000111" , "biological activity assay measuring epitope specific lymphotoxin A production by T cells" ,
 "biological activity assay measuring epitope specific lymphotoxin A production by T cells" , "http://purl.obolibrary.org/obo/OBI_0001327" , "http://purl.obolibrary.org/obo/IAO_0000115" , "A T cell epitope specific cytokine production assay that detects lymphotoxin A production by T cells." ,
 "biological activity assay measuring epitope specific lymphotoxin A production by T cells" , "http://purl.obolibrary.org/obo/OBI_0001327" , "http://www.w3.org/2000/01/rdf-schema#label" , "biological activity assay measuring epitope specific lymphotoxin A production by T cells" ,
 "biological activity assay measuring epitope specific lymphotoxin A production by T cells" , "http://purl.obolibrary.org/obo/OBI_0001327" , "http://purl.obolibrary.org/obo/IAO_0000119" , "IEDB" ,
 "biological activity assay measuring epitope specific lymphotoxin A production by T cells" , "http://purl.obolibrary.org/obo/OBI_0001327" , "http://purl.obolibrary.org/obo/IAO_0000114" , "http://purl.obolibrary.org/obo/IAO_0000120" ,
 "biological activity assay measuring epitope specific lymphotoxin A production by T cells" , "http://purl.obolibrary.org/obo/OBI_0001327" , "http://purl.obolibrary.org/obo/IAO_0000117" , "PERSON:Randi Vita, Jason Greenbaum, Bjoern Peters" ,
 "biological activity assay measuring epitope specific lymphotoxin A production by T cells" , "http://purl.obolibrary.org/obo/OBI_0001327" , "http://purl.obolibrary.org/obo/OBI_9991118" , "lymphotoxin A/TNFb release|biological activity" ,
 "biological activity assay measuring epitope specific lymphotoxin A production by T cells" , "http://purl.obolibrary.org/obo/OBI_0001327" , "http://www.w3.org/2000/01/rdf-schema#subClassOf" , "http://purl.obolibrary.org/obo/OBI_0001400" ,
 "biological activity assay measuring epitope specific lymphotoxin A production by T cells" , "http://purl.obolibrary.org/obo/OBI_0001327" , "http://www.w3.org/2002/07/owl#equivalentClass" , "b37" ,
 "biological activity assay measuring epitope specific macrophage inflammatory protein-1 alpha production by T cells" , "http://purl.obolibrary.org/obo/OBI_0001333" , "http://www.w3.org/1999/02/22-rdf-syntax-ns#type" , "http://www.w3.org/2002/07/owl#Class" ,
 "biological activity assay measuring epitope specific macrophage inflammatory protein-1 alpha production by T cells" , "http://purl.obolibrary.org/obo/OBI_0001333" , "http://purl.obolibrary.org/obo/IAO_0000111" , "biological activity assay measuring epitope specific macrophage inflammatory protein-1 alpha production by T cells" ,
 "biological activity assay measuring epitope specific macrophage inflammatory protein-1 alpha production by T cells" , "http://purl.obolibrary.org/obo/OBI_0001333" , "http://purl.obolibrary.org/obo/IAO_0000115" , "A T cell epitope specific cytokine production assay that detects macrophage inflammatory protein-1 alpha production by T cells." ,
 "biological activity assay measuring epitope specific macrophage inflammatory protein-1 alpha production by T cells" , "http://purl.obolibrary.org/obo/OBI_0001333" , "http://www.w3.org/2000/01/rdf-schema#label" , "biological activity assay measuring epitope specific macrophage inflammatory protein-1 alpha production by T cells" ,
 "biological activity assay measuring epitope specific macrophage inflammatory protein-1 alpha production by T cells" , "http://purl.obolibrary.org/obo/OBI_0001333" , "http://purl.obolibrary.org/obo/IAO_0000119" , "IEDB" ,
 "biological activity assay measuring epitope specific macrophage inflammatory protein-1 alpha production by T cells" , "http://purl.obolibrary.org/obo/OBI_0001333" , "http://purl.obolibrary.org/obo/IAO_0000114" , "http://purl.obolibrary.org/obo/IAO_0000120" ,
 "biological activity assay measuring epitope specific macrophage inflammatory protein-1 alpha production by T cells" , "http://purl.obolibrary.org/obo/OBI_0001333" , "http://purl.obolibrary.org/obo/IAO_0000117" , "PERSON:Randi Vita, Jason Greenbaum, Bjoern Peters" ,
 "biological activity assay measuring epitope specific macrophage inflammatory protein-1 alpha production by T cells" , "http://purl.obolibrary.org/obo/OBI_0001333" , "http://purl.obolibrary.org/obo/OBI_9991118" , "CCL3/MIP-1a release|biological activity" ,
 "biological activity assay measuring epitope specific macrophage inflammatory protein-1 alpha production by T cells" , "http://purl.obolibrary.org/obo/OBI_0001333" , "http://www.w3.org/2000/01/rdf-schema#subClassOf" , "http://purl.obolibrary.org/obo/OBI_1110129" ,
 "biological activity assay measuring epitope specific macrophage inflammatory protein-1 alpha production by T cells" , "http://purl.obolibrary.org/obo/OBI_0001333" , "http://www.w3.org/2002/07/owl#equivalentClass" , "b38" ,
 "biological activity assay measuring epitope specific chemokine (C-C motif) ligand 4 production by T cells" , "http://purl.obolibrary.org/obo/OBI_0001345" , "http://www.w3.org/1999/02/22-rdf-syntax-ns#type" , "http://www.w3.org/2002/07/owl#Class" ,
 "biological activity assay measuring epitope specific chemokine (C-C motif) ligand 4 production by T cells" , "http://purl.obolibrary.org/obo/OBI_0001345" , "http://purl.obolibrary.org/obo/IAO_0000111" , "biological activity assay measuring epitope specific chemokine (C-C motif) ligand 4 production by T cells" ,
 "biological activity assay measuring epitope specific chemokine (C-C motif) ligand 4 production by T cells" , "http://purl.obolibrary.org/obo/OBI_0001345" , "http://purl.obolibrary.org/obo/IAO_0000115" , "A T cell epitope specific cytokine production assay that detects chemokine (C-C motif) ligand 4 production by T cells." ,
 "biological activity assay measuring epitope specific chemokine (C-C motif) ligand 4 production by T cells" , "http://purl.obolibrary.org/obo/OBI_0001345" , "http://www.w3.org/2000/01/rdf-schema#label" , "biological activity assay measuring epitope specific chemokine (C-C motif) ligand 4 production by T cells" ,
 "biological activity assay measuring epitope specific chemokine (C-C motif) ligand 4 production by T cells" , "http://purl.obolibrary.org/obo/OBI_0001345" , "http://purl.obolibrary.org/obo/IAO_0000119" , "IEDB" ,
 "biological activity assay measuring epitope specific chemokine (C-C motif) ligand 4 production by T cells" , "http://purl.obolibrary.org/obo/OBI_0001345" , "http://purl.obolibrary.org/obo/IAO_0000114" , "http://purl.obolibrary.org/obo/IAO_0000120" ,
 "biological activity assay measuring epitope specific chemokine (C-C motif) ligand 4 production by T cells" , "http://purl.obolibrary.org/obo/OBI_0001345" , "http://purl.obolibrary.org/obo/IAO_0000117" , "PERSON:Randi Vita, Jason Greenbaum, Bjoern Peters" ,
 "biological activity assay measuring epitope specific chemokine (C-C motif) ligand 4 production by T cells" , "http://purl.obolibrary.org/obo/OBI_0001345" , "http://purl.obolibrary.org/obo/OBI_9991118" , "CCL4/MIP-1b release|biological activity" ,
 "biological activity assay measuring epitope specific chemokine (C-C motif) ligand 4 production by T cells" , "http://purl.obolibrary.org/obo/OBI_0001345" , "http://www.w3.org/2000/01/rdf-schema#subClassOf" , "http://purl.obolibrary.org/obo/OBI_1110129" ,
 "biological activity assay measuring epitope specific chemokine (C-C motif) ligand 4 production by T cells" , "http://purl.obolibrary.org/obo/OBI_0001345" , "http://www.w3.org/2002/07/owl#equivalentClass" , "b39" ,
 "biological activity assay measuring epitope specific interleukin-23 production by T cells" , "http://purl.obolibrary.org/obo/OBI_0001363" , "http://www.w3.org/1999/02/22-rdf-syntax-ns#type" , "http://www.w3.org/2002/07/owl#Class" ,
 "biological activity assay measuring epitope specific interleukin-23 production by T cells" , "http://purl.obolibrary.org/obo/OBI_0001363" , "http://purl.obolibrary.org/obo/IAO_0000111" , "biological activity assay measuring epitope specific interleukin-23 production by T cells" ,
 "biological activity assay measuring epitope specific interleukin-23 production by T cells" , "http://purl.obolibrary.org/obo/OBI_0001363" , "http://purl.obolibrary.org/obo/IAO_0000115" , "A T cell epitope specific cytokine production assay that detects interleukin-23 production by T cells." ,
 "biological activity assay measuring epitope specific interleukin-23 production by T cells" , "http://purl.obolibrary.org/obo/OBI_0001363" , "http://www.w3.org/2000/01/rdf-schema#label" , "biological activity assay measuring epitope specific interleukin-23 production by T cells" ,
 "biological activity assay measuring epitope specific interleukin-23 production by T cells" , "http://purl.obolibrary.org/obo/OBI_0001363" , "http://purl.obolibrary.org/obo/IAO_0000119" , "IEDB" ,
 "biological activity assay measuring epitope specific interleukin-23 production by T cells" , "http://purl.obolibrary.org/obo/OBI_0001363" , "http://purl.obolibrary.org/obo/IAO_0000114" , "http://purl.obolibrary.org/obo/IAO_0000120" ,
 "biological activity assay measuring epitope specific interleukin-23 production by T cells" , "http://purl.obolibrary.org/obo/OBI_0001363" , "http://purl.obolibrary.org/obo/IAO_0000117" , "PERSON:Randi Vita, Jason Greenbaum, Bjoern Peters" ,
 "biological activity assay measuring epitope specific interleukin-23 production by T cells" , "http://purl.obolibrary.org/obo/OBI_0001363" , "http://purl.obolibrary.org/obo/OBI_9991118" , "IL-23 release|biological activity" ,
 "biological activity assay measuring epitope specific interleukin-23 production by T cells" , "http://purl.obolibrary.org/obo/OBI_0001363" , "http://www.w3.org/2000/01/rdf-schema#subClassOf" , "http://purl.obolibrary.org/obo/OBI_1110129" ,
 "biological activity assay measuring epitope specific interleukin-23 production by T cells" , "http://purl.obolibrary.org/obo/OBI_0001363" , "http://www.w3.org/2002/07/owl#equivalentClass" , "b40" ,
 "biological activity assay measuring epitope specific interleukin-18 production by T cells" , "http://purl.obolibrary.org/obo/OBI_0001380" , "http://www.w3.org/1999/02/22-rdf-syntax-ns#type" , "http://www.w3.org/2002/07/owl#Class" ,
 "biological activity assay measuring epitope specific interleukin-18 production by T cells" , "http://purl.obolibrary.org/obo/OBI_0001380" , "http://purl.obolibrary.org/obo/IAO_0000111" , "biological activity assay measuring epitope specific interleukin-18 production by T cells" ,
 "biological activity assay measuring epitope specific interleukin-18 production by T cells" , "http://purl.obolibrary.org/obo/OBI_0001380" , "http://purl.obolibrary.org/obo/IAO_0000115" , "A T cell epitope specific cytokine production assay that detects interleukin-18 production by T cells." ,
 "biological activity assay measuring epitope specific interleukin-18 production by T cells" , "http://purl.obolibrary.org/obo/OBI_0001380" , "http://www.w3.org/2000/01/rdf-schema#label" , "biological activity assay measuring epitope specific interleukin-18 production by T cells" ,
 "biological activity assay measuring epitope specific interleukin-18 production by T cells" , "http://purl.obolibrary.org/obo/OBI_0001380" , "http://purl.obolibrary.org/obo/IAO_0000119" , "IEDB" ,
 "biological activity assay measuring epitope specific interleukin-18 production by T cells" , "http://purl.obolibrary.org/obo/OBI_0001380" , "http://purl.obolibrary.org/obo/IAO_0000114" , "http://purl.obolibrary.org/obo/IAO_0000120" ,
 "biological activity assay measuring epitope specific interleukin-18 production by T cells" , "http://purl.obolibrary.org/obo/OBI_0001380" , "http://purl.obolibrary.org/obo/IAO_0000117" , "PERSON:Randi Vita, Jason Greenbaum, Bjoern Peters" ,
 "biological activity assay measuring epitope specific interleukin-18 production by T cells" , "http://purl.obolibrary.org/obo/OBI_0001380" , "http://purl.obolibrary.org/obo/OBI_9991118" , "IL-18 release|biological activity" ,
 "biological activity assay measuring epitope specific interleukin-18 production by T cells" , "http://purl.obolibrary.org/obo/OBI_0001380" , "http://www.w3.org/2000/01/rdf-schema#subClassOf" , "http://purl.obolibrary.org/obo/OBI_1110129" ,
 "biological activity assay measuring epitope specific interleukin-18 production by T cells" , "http://purl.obolibrary.org/obo/OBI_0001380" , "http://www.w3.org/2002/07/owl#equivalentClass" , "b41" ,
 "biological activity assay measuring epitope specific interleukin-1 alpha production by T cells" , "http://purl.obolibrary.org/obo/OBI_0001388" , "http://www.w3.org/1999/02/22-rdf-syntax-ns#type" , "http://www.w3.org/2002/07/owl#Class" ,
 "biological activity assay measuring epitope specific interleukin-1 alpha production by T cells" , "http://purl.obolibrary.org/obo/OBI_0001388" , "http://purl.obolibrary.org/obo/IAO_0000111" , "biological activity assay measuring epitope specific interleukin-1 alpha production by T cells" ,
 "biological activity assay measuring epitope specific interleukin-1 alpha production by T cells" , "http://purl.obolibrary.org/obo/OBI_0001388" , "http://purl.obolibrary.org/obo/IAO_0000115" , "A T cell epitope specific cytokine production assay that detects interleukin-1 alpha production by T cells." ,
 "biological activity assay measuring epitope specific interleukin-1 alpha production by T cells" , "http://purl.obolibrary.org/obo/OBI_0001388" , "http://www.w3.org/2000/01/rdf-schema#label" , "biological activity assay measuring epitope specific interleukin-1 alpha production by T cells" ,
 "biological activity assay measuring epitope specific interleukin-1 alpha production by T cells" , "http://purl.obolibrary.org/obo/OBI_0001388" , "http://purl.obolibrary.org/obo/IAO_0000119" , "IEDB" ,
 "biological activity assay measuring epitope specific interleukin-1 alpha production by T cells" , "http://purl.obolibrary.org/obo/OBI_0001388" , "http://purl.obolibrary.org/obo/IAO_0000114" , "http://purl.obolibrary.org/obo/IAO_0000120" ,
 "biological activity assay measuring epitope specific interleukin-1 alpha production by T cells" , "http://purl.obolibrary.org/obo/OBI_0001388" , "http://purl.obolibrary.org/obo/IAO_0000117" , "PERSON:Randi Vita, Jason Greenbaum, Bjoern Peters" ,
 "biological activity assay measuring epitope specific interleukin-1 alpha production by T cells" , "http://purl.obolibrary.org/obo/OBI_0001388" , "http://purl.obolibrary.org/obo/OBI_9991118" , "IL-1a release|biological activity" ,
 "biological activity assay measuring epitope specific interleukin-1 alpha production by T cells" , "http://purl.obolibrary.org/obo/OBI_0001388" , "http://www.w3.org/2000/01/rdf-schema#subClassOf" , "http://purl.obolibrary.org/obo/OBI_1110129" ,
 "biological activity assay measuring epitope specific interleukin-1 alpha production by T cells" , "http://purl.obolibrary.org/obo/OBI_0001388" , "http://www.w3.org/2002/07/owl#equivalentClass" , "b42" ,
 "biological activity assay measuring epitope specific interferon-beta production by T cells" , "http://purl.obolibrary.org/obo/OBI_0001390" , "http://www.w3.org/1999/02/22-rdf-syntax-ns#type" , "http://www.w3.org/2002/07/owl#Class" ,
 "biological activity assay measuring epitope specific interferon-beta production by T cells" , "http://purl.obolibrary.org/obo/OBI_0001390" , "http://purl.obolibrary.org/obo/IAO_0000111" , "biological activity assay measuring epitope specific interferon-beta production by T cells" ,
 "biological activity assay measuring epitope specific interferon-beta production by T cells" , "http://purl.obolibrary.org/obo/OBI_0001390" , "http://purl.obolibrary.org/obo/IAO_0000115" , "A T cell epitope specific cytokine production assay that detects interferon-beta production by T cells." ,
 "biological activity assay measuring epitope specific interferon-beta production by T cells" , "http://purl.obolibrary.org/obo/OBI_0001390" , "http://www.w3.org/2000/01/rdf-schema#label" , "biological activity assay measuring epitope specific interferon-beta production by T cells" ,
 "biological activity assay measuring epitope specific interferon-beta production by T cells" , "http://purl.obolibrary.org/obo/OBI_0001390" , "http://purl.obolibrary.org/obo/IAO_0000119" , "IEDB" ,
 "biological activity assay measuring epitope specific interferon-beta production by T cells" , "http://purl.obolibrary.org/obo/OBI_0001390" , "http://purl.obolibrary.org/obo/IAO_0000114" , "http://purl.obolibrary.org/obo/IAO_0000120" ,
 "biological activity assay measuring epitope specific interferon-beta production by T cells" , "http://purl.obolibrary.org/obo/OBI_0001390" , "http://purl.obolibrary.org/obo/IAO_0000117" , "PERSON:Randi Vita, Jason Greenbaum, Bjoern Peters" ,
 "biological activity assay measuring epitope specific interferon-beta production by T cells" , "http://purl.obolibrary.org/obo/OBI_0001390" , "http://purl.obolibrary.org/obo/OBI_9991118" , "IFNb release|biological activity" ,
 "biological activity assay measuring epitope specific interferon-beta production by T cells" , "http://purl.obolibrary.org/obo/OBI_0001390" , "http://www.w3.org/2000/01/rdf-schema#subClassOf" , "http://purl.obolibrary.org/obo/OBI_1110129" ,
 "biological activity assay measuring epitope specific interferon-beta production by T cells" , "http://purl.obolibrary.org/obo/OBI_0001390" , "http://www.w3.org/2002/07/owl#equivalentClass" , "b43" ,
 "biological activity assay measuring epitope specific interleukin-12 production by T cells" , "http://purl.obolibrary.org/obo/OBI_0001391" , "http://www.w3.org/1999/02/22-rdf-syntax-ns#type" , "http://www.w3.org/2002/07/owl#Class" ,
 "biological activity assay measuring epitope specific interleukin-12 production by T cells" , "http://purl.obolibrary.org/obo/OBI_0001391" , "http://purl.obolibrary.org/obo/IAO_0000111" , "biological activity assay measuring epitope specific interleukin-12 production by T cells" ,
 "biological activity assay measuring epitope specific interleukin-12 production by T cells" , "http://purl.obolibrary.org/obo/OBI_0001391" , "http://purl.obolibrary.org/obo/IAO_0000115" , "A T cell epitope specific cytokine production assay that detects interleukin-12 production by T cells." ,
 "biological activity assay measuring epitope specific interleukin-12 production by T cells" , "http://purl.obolibrary.org/obo/OBI_0001391" , "http://www.w3.org/2000/01/rdf-schema#label" , "biological activity assay measuring epitope specific interleukin-12 production by T cells" ,
 "biological activity assay measuring epitope specific interleukin-12 production by T cells" , "http://purl.obolibrary.org/obo/OBI_0001391" , "http://purl.obolibrary.org/obo/IAO_0000119" , "IEDB" ,
 "biological activity assay measuring epitope specific interleukin-12 production by T cells" , "http://purl.obolibrary.org/obo/OBI_0001391" , "http://purl.obolibrary.org/obo/IAO_0000114" , "http://purl.obolibrary.org/obo/IAO_0000120" ,
 "biological activity assay measuring epitope specific interleukin-12 production by T cells" , "http://purl.obolibrary.org/obo/OBI_0001391" , "http://purl.obolibrary.org/obo/IAO_0000117" , "PERSON:Randi Vita, Jason Greenbaum, Bjoern Peters" ,
 "biological activity assay measuring epitope specific interleukin-12 production by T cells" , "http://purl.obolibrary.org/obo/OBI_0001391" , "http://purl.obolibrary.org/obo/OBI_9991118" , "IL-12 release|biological activity" ,
 "biological activity assay measuring epitope specific interleukin-12 production by T cells" , "http://purl.obolibrary.org/obo/OBI_0001391" , "http://www.w3.org/2000/01/rdf-schema#subClassOf" , "http://purl.obolibrary.org/obo/OBI_1110129" ,
 "biological activity assay measuring epitope specific interleukin-12 production by T cells" , "http://purl.obolibrary.org/obo/OBI_0001391" , "http://www.w3.org/2002/07/owl#equivalentClass" , "b44" ,
 "biological activity assay measuring epitope specific tumor necrosis factor superfamily cytokine production by T cells" , "http://purl.obolibrary.org/obo/OBI_0001400" , "http://www.w3.org/1999/02/22-rdf-syntax-ns#type" , "http://www.w3.org/2002/07/owl#Class" ,
 "biological activity assay measuring epitope specific tumor necrosis factor superfamily cytokine production by T cells" , "http://purl.obolibrary.org/obo/OBI_0001400" , "http://purl.obolibrary.org/obo/IAO_0000111" , "biological activity assay measuring epitope specific tumor necrosis factor superfamily cytokine production by T cells" ,
 "biological activity assay measuring epitope specific tumor necrosis factor superfamily cytokine production by T cells" , "http://purl.obolibrary.org/obo/OBI_0001400" , "http://purl.obolibrary.org/obo/IAO_0000115" , "A T cell epitope specific cytokine production assay that detects tumor necrosis factor superfamily cytokine production by T cells." ,
 "biological activity assay measuring epitope specific tumor necrosis factor superfamily cytokine production by T cells" , "http://purl.obolibrary.org/obo/OBI_0001400" , "http://www.w3.org/2000/01/rdf-schema#label" , "biological activity assay measuring epitope specific tumor necrosis factor superfamily cytokine production by T cells" ,
 "biological activity assay measuring epitope specific tumor necrosis factor superfamily cytokine production by T cells" , "http://purl.obolibrary.org/obo/OBI_0001400" , "http://purl.obolibrary.org/obo/IAO_0000119" , "IEDB" ,
 "biological activity assay measuring epitope specific tumor necrosis factor superfamily cytokine production by T cells" , "http://purl.obolibrary.org/obo/OBI_0001400" , "http://purl.obolibrary.org/obo/IAO_0000114" , "http://purl.obolibrary.org/obo/IAO_0000120" ,
 "biological activity assay measuring epitope specific tumor necrosis factor superfamily cytokine production by T cells" , "http://purl.obolibrary.org/obo/OBI_0001400" , "http://purl.obolibrary.org/obo/IAO_0000117" , "PERSON:Randi Vita, Jason Greenbaum, Bjoern Peters" ,
 "biological activity assay measuring epitope specific tumor necrosis factor superfamily cytokine production by T cells" , "http://purl.obolibrary.org/obo/OBI_0001400" , "http://purl.obolibrary.org/obo/OBI_9991118" , "TNF release|biological activity" ,
 "biological activity assay measuring epitope specific tumor necrosis factor superfamily cytokine production by T cells" , "http://purl.obolibrary.org/obo/OBI_0001400" , "http://www.w3.org/2000/01/rdf-schema#subClassOf" , "http://purl.obolibrary.org/obo/OBI_1110129" ,
 "biological activity assay measuring epitope specific tumor necrosis factor superfamily cytokine production by T cells" , "http://purl.obolibrary.org/obo/OBI_0001400" , "http://www.w3.org/2002/07/owl#equivalentClass" , "b45" ,
 "biological activity assay measuring epitope specific interleukin-3 production by T cells" , "http://purl.obolibrary.org/obo/OBI_0001406" , "http://www.w3.org/1999/02/22-rdf-syntax-ns#type" , "http://www.w3.org/2002/07/owl#Class" ,
 "biological activity assay measuring epitope specific interleukin-3 production by T cells" , "http://purl.obolibrary.org/obo/OBI_0001406" , "http://purl.obolibrary.org/obo/IAO_0000111" , "biological activity assay measuring epitope specific interleukin-3 production by T cells" ,
 "biological activity assay measuring epitope specific interleukin-3 production by T cells" , "http://purl.obolibrary.org/obo/OBI_0001406" , "http://purl.obolibrary.org/obo/IAO_0000115" , "A T cell epitope specific cytokine production assay that detects interleukin-3 production by T cells." ,
 "biological activity assay measuring epitope specific interleukin-3 production by T cells" , "http://purl.obolibrary.org/obo/OBI_0001406" , "http://www.w3.org/2000/01/rdf-schema#label" , "biological activity assay measuring epitope specific interleukin-3 production by T cells" ,
 "biological activity assay measuring epitope specific interleukin-3 production by T cells" , "http://purl.obolibrary.org/obo/OBI_0001406" , "http://purl.obolibrary.org/obo/IAO_0000119" , "IEDB" ,
 "biological activity assay measuring epitope specific interleukin-3 production by T cells" , "http://purl.obolibrary.org/obo/OBI_0001406" , "http://purl.obolibrary.org/obo/IAO_0000114" , "http://purl.obolibrary.org/obo/IAO_0000120" ,
 "biological activity assay measuring epitope specific interleukin-3 production by T cells" , "http://purl.obolibrary.org/obo/OBI_0001406" , "http://purl.obolibrary.org/obo/IAO_0000117" , "PERSON:Randi Vita, Jason Greenbaum, Bjoern Peters" ,
 "biological activity assay measuring epitope specific interleukin-3 production by T cells" , "http://purl.obolibrary.org/obo/OBI_0001406" , "http://purl.obolibrary.org/obo/OBI_9991118" , "IL-3 release|biological activity" ,
 "biological activity assay measuring epitope specific interleukin-3 production by T cells" , "http://purl.obolibrary.org/obo/OBI_0001406" , "http://www.w3.org/2000/01/rdf-schema#subClassOf" , "http://purl.obolibrary.org/obo/OBI_1110129" ,
 "biological activity assay measuring epitope specific interleukin-3 production by T cells" , "http://purl.obolibrary.org/obo/OBI_0001406" , "http://www.w3.org/2002/07/owl#equivalentClass" , "b46" ,
 "biological activity assay measuring epitope specific T cell activation" , "http://purl.obolibrary.org/obo/OBI_0001407" , "http://www.w3.org/1999/02/22-rdf-syntax-ns#type" , "http://www.w3.org/2002/07/owl#Class" ,
 "biological activity assay measuring epitope specific T cell activation" , "http://purl.obolibrary.org/obo/OBI_0001407" , "http://purl.obolibrary.org/obo/IAO_0000111" , "biological activity assay measuring epitope specific T cell activation" ,
 "biological activity assay measuring epitope specific T cell activation" , "http://purl.obolibrary.org/obo/OBI_0001407" , "http://purl.obolibrary.org/obo/IAO_0000115" , "A T cell epitope dependent biological activity assay that detects T cell activation." ,
 "biological activity assay measuring epitope specific T cell activation" , "http://purl.obolibrary.org/obo/OBI_0001407" , "http://www.w3.org/2000/01/rdf-schema#label" , "biological activity assay measuring epitope specific T cell activation" ,
 "biological activity assay measuring epitope specific T cell activation" , "http://purl.obolibrary.org/obo/OBI_0001407" , "http://purl.obolibrary.org/obo/IAO_0000119" , "IEDB" ,
 "biological activity assay measuring epitope specific T cell activation" , "http://purl.obolibrary.org/obo/OBI_0001407" , "http://purl.obolibrary.org/obo/IAO_0000114" , "http://purl.obolibrary.org/obo/IAO_0000120" ,
 "biological activity assay measuring epitope specific T cell activation" , "http://purl.obolibrary.org/obo/OBI_0001407" , "http://purl.obolibrary.org/obo/IAO_0000117" , "IEDB" ,
 "biological activity assay measuring epitope specific T cell activation" , "http://purl.obolibrary.org/obo/OBI_0001407" , "http://purl.obolibrary.org/obo/OBI_9991118" , "activation|biological activity" ,
 "biological activity assay measuring epitope specific T cell activation" , "http://purl.obolibrary.org/obo/OBI_0001407" , "http://www.w3.org/2000/01/rdf-schema#subClassOf" , "http://purl.obolibrary.org/obo/OBI_0002055" ,
 "biological activity assay measuring epitope specific interferon-gamma production by T cells" , "http://purl.obolibrary.org/obo/OBI_0001414" , "http://www.w3.org/1999/02/22-rdf-syntax-ns#type" , "http://www.w3.org/2002/07/owl#Class" ,
 "biological activity assay measuring epitope specific interferon-gamma production by T cells" , "http://purl.obolibrary.org/obo/OBI_0001414" , "http://purl.obolibrary.org/obo/IAO_0000111" , "biological activity assay measuring epitope specific interferon-gamma production by T cells" ,
 "biological activity assay measuring epitope specific interferon-gamma production by T cells" , "http://purl.obolibrary.org/obo/OBI_0001414" , "http://purl.obolibrary.org/obo/IAO_0000115" , "A T cell epitope specific cytokine production assay that detects interferon-gamma production by T cells." ,
 "biological activity assay measuring epitope specific interferon-gamma production by T cells" , "http://purl.obolibrary.org/obo/OBI_0001414" , "http://www.w3.org/2000/01/rdf-schema#label" , "biological activity assay measuring epitope specific interferon-gamma production by T cells" ,
 "biological activity assay measuring epitope specific interferon-gamma production by T cells" , "http://purl.obolibrary.org/obo/OBI_0001414" , "http://purl.obolibrary.org/obo/IAO_0000119" , "IEDB" ,
 "biological activity assay measuring epitope specific interferon-gamma production by T cells" , "http://purl.obolibrary.org/obo/OBI_0001414" , "http://purl.obolibrary.org/obo/IAO_0000114" , "http://purl.obolibrary.org/obo/IAO_0000120" ,
 "biological activity assay measuring epitope specific interferon-gamma production by T cells" , "http://purl.obolibrary.org/obo/OBI_0001414" , "http://purl.obolibrary.org/obo/IAO_0000117" , "PERSON:Randi Vita, Jason Greenbaum, Bjoern Peters" ,
 "biological activity assay measuring epitope specific interferon-gamma production by T cells" , "http://purl.obolibrary.org/obo/OBI_0001414" , "http://purl.obolibrary.org/obo/OBI_9991118" , "IFNg release|biological activity" ,
 "biological activity assay measuring epitope specific interferon-gamma production by T cells" , "http://purl.obolibrary.org/obo/OBI_0001414" , "http://www.w3.org/2000/01/rdf-schema#subClassOf" , "http://purl.obolibrary.org/obo/OBI_1110129" ,
 "biological activity assay measuring epitope specific interferon-gamma production by T cells" , "http://purl.obolibrary.org/obo/OBI_0001414" , "http://www.w3.org/2002/07/owl#equivalentClass" , "b47" ,
 "biological activity assay measuring epitope specific tumor necrosis factor production by T cells" , "http://purl.obolibrary.org/obo/OBI_0001416" , "http://www.w3.org/1999/02/22-rdf-syntax-ns#type" , "http://www.w3.org/2002/07/owl#Class" ,
 "biological activity assay measuring epitope specific tumor necrosis factor production by T cells" , "http://purl.obolibrary.org/obo/OBI_0001416" , "http://purl.obolibrary.org/obo/IAO_0000111" , "biological activity assay measuring epitope specific tumor necrosis factor production by T cells" ,
 "biological activity assay measuring epitope specific tumor necrosis factor production by T cells" , "http://purl.obolibrary.org/obo/OBI_0001416" , "http://purl.obolibrary.org/obo/IAO_0000115" , "An assay of epitope specific tumor necrosis factor superfamily cytokine production by T cells that detects tumor necrosis factor production." ,
 "biological activity assay measuring epitope specific tumor necrosis factor production by T cells" , "http://purl.obolibrary.org/obo/OBI_0001416" , "http://www.w3.org/2000/01/rdf-schema#label" , "biological activity assay measuring epitope specific tumor necrosis factor production by T cells" ,
 "biological activity assay measuring epitope specific tumor necrosis factor production by T cells" , "http://purl.obolibrary.org/obo/OBI_0001416" , "http://purl.obolibrary.org/obo/IAO_0000119" , "IEDB" ,
 "biological activity assay measuring epitope specific tumor necrosis factor production by T cells" , "http://purl.obolibrary.org/obo/OBI_0001416" , "http://purl.obolibrary.org/obo/IAO_0000114" , "http://purl.obolibrary.org/obo/IAO_0000120" ,
 "biological activity assay measuring epitope specific tumor necrosis factor production by T cells" , "http://purl.obolibrary.org/obo/OBI_0001416" , "http://purl.obolibrary.org/obo/IAO_0000117" , "PERSON:Randi Vita, Jason Greenbaum, Bjoern Peters" ,
 "biological activity assay measuring epitope specific tumor necrosis factor production by T cells" , "http://purl.obolibrary.org/obo/OBI_0001416" , "http://purl.obolibrary.org/obo/OBI_9991118" , "TNFa release|biological activity" ,
 "biological activity assay measuring epitope specific tumor necrosis factor production by T cells" , "http://purl.obolibrary.org/obo/OBI_0001416" , "http://www.w3.org/2000/01/rdf-schema#subClassOf" , "http://purl.obolibrary.org/obo/OBI_0001400" ,
 "biological activity assay measuring epitope specific tumor necrosis factor production by T cells" , "http://purl.obolibrary.org/obo/OBI_0001416" , "http://www.w3.org/2002/07/owl#equivalentClass" , "b48" ,
 "biological activity assay measuring epitope specific granzyme B release by T cells" , "http://purl.obolibrary.org/obo/OBI_0001436" , "http://www.w3.org/1999/02/22-rdf-syntax-ns#type" , "http://www.w3.org/2002/07/owl#Class" ,
 "biological activity assay measuring epitope specific granzyme B release by T cells" , "http://purl.obolibrary.org/obo/OBI_0001436" , "http://purl.obolibrary.org/obo/IAO_0000111" , "biological activity assay measuring epitope specific granzyme B release by T cells" ,
 "biological activity assay measuring epitope specific granzyme B release by T cells" , "http://purl.obolibrary.org/obo/OBI_0001436" , "http://purl.obolibrary.org/obo/IAO_0000115" , "A T cell epitope specific cytotoxic T cell degranulation assay that detects granzyme B release by T cells." ,
 "biological activity assay measuring epitope specific granzyme B release by T cells" , "http://purl.obolibrary.org/obo/OBI_0001436" , "http://www.w3.org/2000/01/rdf-schema#label" , "biological activity assay measuring epitope specific granzyme B release by T cells" ,
 "biological activity assay measuring epitope specific granzyme B release by T cells" , "http://purl.obolibrary.org/obo/OBI_0001436" , "http://purl.obolibrary.org/obo/IAO_0000119" , "IEDB" ,
 "biological activity assay measuring epitope specific granzyme B release by T cells" , "http://purl.obolibrary.org/obo/OBI_0001436" , "http://purl.obolibrary.org/obo/IAO_0000114" , "http://purl.obolibrary.org/obo/IAO_0000120" ,
 "biological activity assay measuring epitope specific granzyme B release by T cells" , "http://purl.obolibrary.org/obo/OBI_0001436" , "http://purl.obolibrary.org/obo/IAO_0000117" , "PERSON:Randi Vita, Jason Greenbaum, Bjoern Peters" ,
 "biological activity assay measuring epitope specific granzyme B release by T cells" , "http://purl.obolibrary.org/obo/OBI_0001436" , "http://purl.obolibrary.org/obo/OBI_9991118" , "granzyme B release|biological activity" ,
 "biological activity assay measuring epitope specific granzyme B release by T cells" , "http://purl.obolibrary.org/obo/OBI_0001436" , "http://www.w3.org/2000/01/rdf-schema#subClassOf" , "http://purl.obolibrary.org/obo/OBI_0001269" ,
 "biological activity assay measuring epitope specific granzyme B release by T cells" , "http://purl.obolibrary.org/obo/OBI_0001436" , "http://www.w3.org/2002/07/owl#equivalentClass" , "b49" ,
 "biological activity assay measuring epitope specific interleukin-2 production by T cells" , "http://purl.obolibrary.org/obo/OBI_0001445" , "http://www.w3.org/1999/02/22-rdf-syntax-ns#type" , "http://www.w3.org/2002/07/owl#Class" ,
 "biological activity assay measuring epitope specific interleukin-2 production by T cells" , "http://purl.obolibrary.org/obo/OBI_0001445" , "http://purl.obolibrary.org/obo/IAO_0000111" , "biological activity assay measuring epitope specific interleukin-2 production by T cells" ,
 "biological activity assay measuring epitope specific interleukin-2 production by T cells" , "http://purl.obolibrary.org/obo/OBI_0001445" , "http://purl.obolibrary.org/obo/IAO_0000115" , "A T cell epitope specific cytokine production assay that detects interleukin-2 production by T cells." ,
 "biological activity assay measuring epitope specific interleukin-2 production by T cells" , "http://purl.obolibrary.org/obo/OBI_0001445" , "http://www.w3.org/2000/01/rdf-schema#label" , "biological activity assay measuring epitope specific interleukin-2 production by T cells" ,
 "biological activity assay measuring epitope specific interleukin-2 production by T cells" , "http://purl.obolibrary.org/obo/OBI_0001445" , "http://purl.obolibrary.org/obo/IAO_0000119" , "IEDB" ,
 "biological activity assay measuring epitope specific interleukin-2 production by T cells" , "http://purl.obolibrary.org/obo/OBI_0001445" , "http://purl.obolibrary.org/obo/IAO_0000114" , "http://purl.obolibrary.org/obo/IAO_0000120" ,
 "biological activity assay measuring epitope specific interleukin-2 production by T cells" , "http://purl.obolibrary.org/obo/OBI_0001445" , "http://purl.obolibrary.org/obo/IAO_0000117" , "PERSON:Randi Vita, Jason Greenbaum, Bjoern Peters" ,
 "biological activity assay measuring epitope specific interleukin-2 production by T cells" , "http://purl.obolibrary.org/obo/OBI_0001445" , "http://purl.obolibrary.org/obo/OBI_9991118" , "IL-2 release|biological activity" ,
 "biological activity assay measuring epitope specific interleukin-2 production by T cells" , "http://purl.obolibrary.org/obo/OBI_0001445" , "http://www.w3.org/2000/01/rdf-schema#subClassOf" , "http://purl.obolibrary.org/obo/OBI_1110129" ,
 "biological activity assay measuring epitope specific interleukin-2 production by T cells" , "http://purl.obolibrary.org/obo/OBI_0001445" , "http://www.w3.org/2000/01/rdf-schema#subClassOf" , "b50" ,
 "biological activity assay measuring epitope specific interleukin-1 beta production by T cells" , "http://purl.obolibrary.org/obo/OBI_0001449" , "http://www.w3.org/1999/02/22-rdf-syntax-ns#type" , "http://www.w3.org/2002/07/owl#Class" ,
 "biological activity assay measuring epitope specific interleukin-1 beta production by T cells" , "http://purl.obolibrary.org/obo/OBI_0001449" , "http://purl.obolibrary.org/obo/IAO_0000111" , "biological activity assay measuring epitope specific interleukin-1 beta production by T cells" ,
 "biological activity assay measuring epitope specific interleukin-1 beta production by T cells" , "http://purl.obolibrary.org/obo/OBI_0001449" , "http://purl.obolibrary.org/obo/IAO_0000115" , "A T cell epitope specific cytokine production assay that detects interleukin-1 beta production by T cells." ,
 "biological activity assay measuring epitope specific interleukin-1 beta production by T cells" , "http://purl.obolibrary.org/obo/OBI_0001449" , "http://www.w3.org/2000/01/rdf-schema#label" , "biological activity assay measuring epitope specific interleukin-1 beta production by T cells" ,
 "biological activity assay measuring epitope specific interleukin-1 beta production by T cells" , "http://purl.obolibrary.org/obo/OBI_0001449" , "http://purl.obolibrary.org/obo/IAO_0000119" , "IEDB" ,
 "biological activity assay measuring epitope specific interleukin-1 beta production by T cells" , "http://purl.obolibrary.org/obo/OBI_0001449" , "http://purl.obolibrary.org/obo/IAO_0000114" , "http://purl.obolibrary.org/obo/IAO_0000120" ,
 "biological activity assay measuring epitope specific interleukin-1 beta production by T cells" , "http://purl.obolibrary.org/obo/OBI_0001449" , "http://purl.obolibrary.org/obo/IAO_0000117" , "PERSON:Randi Vita, Jason Greenbaum, Bjoern Peters" ,
 "biological activity assay measuring epitope specific interleukin-1 beta production by T cells" , "http://purl.obolibrary.org/obo/OBI_0001449" , "http://purl.obolibrary.org/obo/OBI_9991118" , "IL-1b release|biological activity" ,
 "biological activity assay measuring epitope specific interleukin-1 beta production by T cells" , "http://purl.obolibrary.org/obo/OBI_0001449" , "http://www.w3.org/2000/01/rdf-schema#subClassOf" , "http://purl.obolibrary.org/obo/OBI_1110129" ,
 "biological activity assay measuring epitope specific interleukin-1 beta production by T cells" , "http://purl.obolibrary.org/obo/OBI_0001449" , "http://www.w3.org/2002/07/owl#equivalentClass" , "b51" ,
 "biological activity assay measuring epitope specific interleukin-4 production by T cells" , "http://purl.obolibrary.org/obo/OBI_0001450" , "http://www.w3.org/1999/02/22-rdf-syntax-ns#type" , "http://www.w3.org/2002/07/owl#Class" ,
 "biological activity assay measuring epitope specific interleukin-4 production by T cells" , "http://purl.obolibrary.org/obo/OBI_0001450" , "http://purl.obolibrary.org/obo/IAO_0000111" , "biological activity assay measuring epitope specific interleukin-4 production by T cells" ,
 "biological activity assay measuring epitope specific interleukin-4 production by T cells" , "http://purl.obolibrary.org/obo/OBI_0001450" , "http://purl.obolibrary.org/obo/IAO_0000115" , "A T cell epitope specific cytokine production assay that detects interleukin-4 production by T cells." ,
 "biological activity assay measuring epitope specific interleukin-4 production by T cells" , "http://purl.obolibrary.org/obo/OBI_0001450" , "http://www.w3.org/2000/01/rdf-schema#label" , "biological activity assay measuring epitope specific interleukin-4 production by T cells" ,
 "biological activity assay measuring epitope specific interleukin-4 production by T cells" , "http://purl.obolibrary.org/obo/OBI_0001450" , "http://purl.obolibrary.org/obo/IAO_0000119" , "IEDB" ,
 "biological activity assay measuring epitope specific interleukin-4 production by T cells" , "http://purl.obolibrary.org/obo/OBI_0001450" , "http://purl.obolibrary.org/obo/IAO_0000114" , "http://purl.obolibrary.org/obo/IAO_0000120" ,
 "biological activity assay measuring epitope specific interleukin-4 production by T cells" , "http://purl.obolibrary.org/obo/OBI_0001450" , "http://purl.obolibrary.org/obo/IAO_0000117" , "PERSON:Randi Vita, Jason Greenbaum, Bjoern Peters" ,
 "biological activity assay measuring epitope specific interleukin-4 production by T cells" , "http://purl.obolibrary.org/obo/OBI_0001450" , "http://purl.obolibrary.org/obo/OBI_9991118" , "IL-4 release|biological activity" ,
 "biological activity assay measuring epitope specific interleukin-4 production by T cells" , "http://purl.obolibrary.org/obo/OBI_0001450" , "http://www.w3.org/2000/01/rdf-schema#subClassOf" , "http://purl.obolibrary.org/obo/OBI_1110129" ,
 "biological activity assay measuring epitope specific interleukin-4 production by T cells" , "http://purl.obolibrary.org/obo/OBI_0001450" , "http://www.w3.org/2002/07/owl#equivalentClass" , "b52" ,
 "biological activity assay measuring epitope specific interleukin-6 production by T cells" , "http://purl.obolibrary.org/obo/OBI_0001451" , "http://www.w3.org/1999/02/22-rdf-syntax-ns#type" , "http://www.w3.org/2002/07/owl#Class" ,
 "biological activity assay measuring epitope specific interleukin-6 production by T cells" , "http://purl.obolibrary.org/obo/OBI_0001451" , "http://purl.obolibrary.org/obo/IAO_0000111" , "biological activity assay measuring epitope specific interleukin-6 production by T cells" ,
 "biological activity assay measuring epitope specific interleukin-6 production by T cells" , "http://purl.obolibrary.org/obo/OBI_0001451" , "http://purl.obolibrary.org/obo/IAO_0000115" , "A T cell epitope specific cytokine production assay that detects interleukin-6 production by T cells." ,
 "biological activity assay measuring epitope specific interleukin-6 production by T cells" , "http://purl.obolibrary.org/obo/OBI_0001451" , "http://www.w3.org/2000/01/rdf-schema#label" , "biological activity assay measuring epitope specific interleukin-6 production by T cells" ,
 "biological activity assay measuring epitope specific interleukin-6 production by T cells" , "http://purl.obolibrary.org/obo/OBI_0001451" , "http://purl.obolibrary.org/obo/IAO_0000119" , "IEDB" ,
 "biological activity assay measuring epitope specific interleukin-6 production by T cells" , "http://purl.obolibrary.org/obo/OBI_0001451" , "http://purl.obolibrary.org/obo/IAO_0000114" , "http://purl.obolibrary.org/obo/IAO_0000120" ,
 "biological activity assay measuring epitope specific interleukin-6 production by T cells" , "http://purl.obolibrary.org/obo/OBI_0001451" , "http://purl.obolibrary.org/obo/IAO_0000117" , "PERSON:Randi Vita, Jason Greenbaum, Bjoern Peters" ,
 "biological activity assay measuring epitope specific interleukin-6 production by T cells" , "http://purl.obolibrary.org/obo/OBI_0001451" , "http://purl.obolibrary.org/obo/OBI_9991118" , "IL-6 release|biological activity" ,
 "biological activity assay measuring epitope specific interleukin-6 production by T cells" , "http://purl.obolibrary.org/obo/OBI_0001451" , "http://www.w3.org/2000/01/rdf-schema#subClassOf" , "http://purl.obolibrary.org/obo/OBI_1110129" ,
 "biological activity assay measuring epitope specific interleukin-6 production by T cells" , "http://purl.obolibrary.org/obo/OBI_0001451" , "http://www.w3.org/2002/07/owl#equivalentClass" , "b53" ,
 "biological activity assay measuring epitope specific macrophage inflammatory protein-1 gamma production by T cells" , "http://purl.obolibrary.org/obo/OBI_0001456" , "http://www.w3.org/1999/02/22-rdf-syntax-ns#type" , "http://www.w3.org/2002/07/owl#Class" ,
 "biological activity assay measuring epitope specific macrophage inflammatory protein-1 gamma production by T cells" , "http://purl.obolibrary.org/obo/OBI_0001456" , "http://purl.obolibrary.org/obo/IAO_0000111" , "biological activity assay measuring epitope specific macrophage inflammatory protein-1 gamma production by T cells" ,
 "biological activity assay measuring epitope specific macrophage inflammatory protein-1 gamma production by T cells" , "http://purl.obolibrary.org/obo/OBI_0001456" , "http://purl.obolibrary.org/obo/IAO_0000115" , "A T cell epitope specific cytokine production assay that detects macrophage inflammatory protein-1 gamma production by T cells." ,
 "biological activity assay measuring epitope specific macrophage inflammatory protein-1 gamma production by T cells" , "http://purl.obolibrary.org/obo/OBI_0001456" , "http://www.w3.org/2000/01/rdf-schema#label" , "biological activity assay measuring epitope specific macrophage inflammatory protein-1 gamma production by T cells" ,
 "biological activity assay measuring epitope specific macrophage inflammatory protein-1 gamma production by T cells" , "http://purl.obolibrary.org/obo/OBI_0001456" , "http://purl.obolibrary.org/obo/IAO_0000119" , "IEDB" ,
 "biological activity assay measuring epitope specific macrophage inflammatory protein-1 gamma production by T cells" , "http://purl.obolibrary.org/obo/OBI_0001456" , "http://purl.obolibrary.org/obo/IAO_0000114" , "http://purl.obolibrary.org/obo/IAO_0000120" ,
 "biological activity assay measuring epitope specific macrophage inflammatory protein-1 gamma production by T cells" , "http://purl.obolibrary.org/obo/OBI_0001456" , "http://purl.obolibrary.org/obo/IAO_0000117" , "PERSON:Randi Vita, Jason Greenbaum, Bjoern Peters" ,
 "biological activity assay measuring epitope specific macrophage inflammatory protein-1 gamma production by T cells" , "http://purl.obolibrary.org/obo/OBI_0001456" , "http://purl.obolibrary.org/obo/OBI_9991118" , "CCL9/MIP-1g release|biological activity" ,
 "biological activity assay measuring epitope specific macrophage inflammatory protein-1 gamma production by T cells" , "http://purl.obolibrary.org/obo/OBI_0001456" , "http://www.w3.org/2000/01/rdf-schema#subClassOf" , "http://purl.obolibrary.org/obo/OBI_1110129" ,
 "biological activity assay measuring epitope specific macrophage inflammatory protein-1 gamma production by T cells" , "http://purl.obolibrary.org/obo/OBI_0001456" , "http://www.w3.org/2002/07/owl#equivalentClass" , "b54" ,
 "biological activity assay measuring epitope specific chemokine (C-X-C motif) ligand 9 production by T cells" , "http://purl.obolibrary.org/obo/OBI_0001459" , "http://www.w3.org/1999/02/22-rdf-syntax-ns#type" , "http://www.w3.org/2002/07/owl#Class" ,
 "biological activity assay measuring epitope specific chemokine (C-X-C motif) ligand 9 production by T cells" , "http://purl.obolibrary.org/obo/OBI_0001459" , "http://purl.obolibrary.org/obo/IAO_0000111" , "biological activity assay measuring epitope specific chemokine (C-X-C motif) ligand 9 production by T cells" ,
 "biological activity assay measuring epitope specific chemokine (C-X-C motif) ligand 9 production by T cells" , "http://purl.obolibrary.org/obo/OBI_0001459" , "http://purl.obolibrary.org/obo/IAO_0000115" , "A T cell epitope specific cytokine production assay that detects chemokine (C-X-C motif) ligand 9 production by T cells." ,
 "biological activity assay measuring epitope specific chemokine (C-X-C motif) ligand 9 production by T cells" , "http://purl.obolibrary.org/obo/OBI_0001459" , "http://www.w3.org/2000/01/rdf-schema#label" , "biological activity assay measuring epitope specific chemokine (C-X-C motif) ligand 9 production by T cells" ,
 "biological activity assay measuring epitope specific chemokine (C-X-C motif) ligand 9 production by T cells" , "http://purl.obolibrary.org/obo/OBI_0001459" , "http://purl.obolibrary.org/obo/IAO_0000119" , "IEDB" ,
 "biological activity assay measuring epitope specific chemokine (C-X-C motif) ligand 9 production by T cells" , "http://purl.obolibrary.org/obo/OBI_0001459" , "http://purl.obolibrary.org/obo/IAO_0000114" , "http://purl.obolibrary.org/obo/IAO_0000120" ,
 "biological activity assay measuring epitope specific chemokine (C-X-C motif) ligand 9 production by T cells" , "http://purl.obolibrary.org/obo/OBI_0001459" , "http://purl.obolibrary.org/obo/IAO_0000117" , "PERSON:Randi Vita, Jason Greenbaum, Bjoern Peters" ,
 "biological activity assay measuring epitope specific chemokine (C-X-C motif) ligand 9 production by T cells" , "http://purl.obolibrary.org/obo/OBI_0001459" , "http://purl.obolibrary.org/obo/OBI_9991118" , "CXCL9/MIG release|biological activity" ,
 "biological activity assay measuring epitope specific chemokine (C-X-C motif) ligand 9 production by T cells" , "http://purl.obolibrary.org/obo/OBI_0001459" , "http://www.w3.org/2000/01/rdf-schema#subClassOf" , "http://purl.obolibrary.org/obo/OBI_1110129" ,
 "biological activity assay measuring epitope specific chemokine (C-X-C motif) ligand 9 production by T cells" , "http://purl.obolibrary.org/obo/OBI_0001459" , "http://www.w3.org/2002/07/owl#equivalentClass" , "b55" ,
 "biological activity assay measuring epitope specific monocyte chemotactic protein-1 production by T cells" , "http://purl.obolibrary.org/obo/OBI_0001465" , "http://www.w3.org/1999/02/22-rdf-syntax-ns#type" , "http://www.w3.org/2002/07/owl#Class" ,
 "biological activity assay measuring epitope specific monocyte chemotactic protein-1 production by T cells" , "http://purl.obolibrary.org/obo/OBI_0001465" , "http://purl.obolibrary.org/obo/IAO_0000111" , "biological activity assay measuring epitope specific monocyte chemotactic protein-1 production by T cells" ,
 "biological activity assay measuring epitope specific monocyte chemotactic protein-1 production by T cells" , "http://purl.obolibrary.org/obo/OBI_0001465" , "http://purl.obolibrary.org/obo/IAO_0000115" , "A T cell epitope specific cytokine production assay that detects monocyte chemotactic protein-1 production by T cells." ,
 "biological activity assay measuring epitope specific monocyte chemotactic protein-1 production by T cells" , "http://purl.obolibrary.org/obo/OBI_0001465" , "http://www.w3.org/2000/01/rdf-schema#label" , "biological activity assay measuring epitope specific monocyte chemotactic protein-1 production by T cells" ,
 "biological activity assay measuring epitope specific monocyte chemotactic protein-1 production by T cells" , "http://purl.obolibrary.org/obo/OBI_0001465" , "http://purl.obolibrary.org/obo/IAO_0000119" , "IEDB" ,
 "biological activity assay measuring epitope specific monocyte chemotactic protein-1 production by T cells" , "http://purl.obolibrary.org/obo/OBI_0001465" , "http://purl.obolibrary.org/obo/IAO_0000114" , "http://purl.obolibrary.org/obo/IAO_0000120" ,
 "biological activity assay measuring epitope specific monocyte chemotactic protein-1 production by T cells" , "http://purl.obolibrary.org/obo/OBI_0001465" , "http://purl.obolibrary.org/obo/IAO_0000117" , "PERSON:Randi Vita, Jason Greenbaum, Bjoern Peters" ,
 "biological activity assay measuring epitope specific monocyte chemotactic protein-1 production by T cells" , "http://purl.obolibrary.org/obo/OBI_0001465" , "http://purl.obolibrary.org/obo/OBI_9991118" , "CCL2/MCP-1 release|biological activity" ,
 "biological activity assay measuring epitope specific monocyte chemotactic protein-1 production by T cells" , "http://purl.obolibrary.org/obo/OBI_0001465" , "http://www.w3.org/2000/01/rdf-schema#subClassOf" , "http://purl.obolibrary.org/obo/OBI_1110129" ,
 "biological activity assay measuring epitope specific monocyte chemotactic protein-1 production by T cells" , "http://purl.obolibrary.org/obo/OBI_0001465" , "http://www.w3.org/2002/07/owl#equivalentClass" , "b56" ,
 "biological activity assay measuring T cell epitope specific in vivo activity" , "http://purl.obolibrary.org/obo/OBI_0001484" , "http://www.w3.org/1999/02/22-rdf-syntax-ns#type" , "http://www.w3.org/2002/07/owl#Class" ,
 "biological activity assay measuring T cell epitope specific in vivo activity" , "http://purl.obolibrary.org/obo/OBI_0001484" , "http://purl.obolibrary.org/obo/IAO_0000111" , "biological activity assay measuring T cell epitope specific in vivo activity" ,
 "biological activity assay measuring T cell epitope specific in vivo activity" , "http://purl.obolibrary.org/obo/OBI_0001484" , "http://purl.obolibrary.org/obo/IAO_0000115" , "A T cell epitope dependent biological activity determination assay that uses an in vivo intervention experiment." ,
 "biological activity assay measuring T cell epitope specific in vivo activity" , "http://purl.obolibrary.org/obo/OBI_0001484" , "http://www.w3.org/2000/01/rdf-schema#label" , "biological activity assay measuring T cell epitope specific in vivo activity" ,
 "biological activity assay measuring T cell epitope specific in vivo activity" , "http://purl.obolibrary.org/obo/OBI_0001484" , "http://purl.obolibrary.org/obo/IAO_0000119" , "IEDB" ,
 "biological activity assay measuring T cell epitope specific in vivo activity" , "http://purl.obolibrary.org/obo/OBI_0001484" , "http://purl.obolibrary.org/obo/IAO_0000114" , "http://purl.obolibrary.org/obo/IAO_0000120" ,
 "biological activity assay measuring T cell epitope specific in vivo activity" , "http://purl.obolibrary.org/obo/OBI_0001484" , "http://purl.obolibrary.org/obo/IAO_0000117" , "IEDB" ,
 "biological activity assay measuring T cell epitope specific in vivo activity" , "http://purl.obolibrary.org/obo/OBI_0001484" , "http://purl.obolibrary.org/obo/OBI_9991118" , "in vivo activity|biological activity" ,
 "biological activity assay measuring T cell epitope specific in vivo activity" , "http://purl.obolibrary.org/obo/OBI_0001484" , "http://www.w3.org/2000/01/rdf-schema#subClassOf" , "http://purl.obolibrary.org/obo/OBI_0002055" ,
 "biological activity assay measuring T cell epitope specific in vivo activity" , "http://purl.obolibrary.org/obo/OBI_0001484" , "http://www.w3.org/2002/07/owl#equivalentClass" , "b57" ,
 "biological activity assay measuring epitope specific T cell helper activity" , "http://purl.obolibrary.org/obo/OBI_0001495" , "http://www.w3.org/1999/02/22-rdf-syntax-ns#type" , "http://www.w3.org/2002/07/owl#Class" ,
 "biological activity assay measuring epitope specific T cell helper activity" , "http://purl.obolibrary.org/obo/OBI_0001495" , "http://purl.obolibrary.org/obo/IAO_0000111" , "biological activity assay measuring epitope specific T cell helper activity" ,
 "biological activity assay measuring epitope specific T cell helper activity" , "http://purl.obolibrary.org/obo/OBI_0001495" , "http://purl.obolibrary.org/obo/IAO_0000115" , "A T cell epitope dependent biological activity assay that detects the ability of epitope specific helper T cells to enhance either B cell or T cell adaptive immune response function." ,
 "biological activity assay measuring epitope specific T cell helper activity" , "http://purl.obolibrary.org/obo/OBI_0001495" , "http://www.w3.org/2000/01/rdf-schema#label" , "biological activity assay measuring epitope specific T cell helper activity" ,
 "biological activity assay measuring epitope specific T cell helper activity" , "http://purl.obolibrary.org/obo/OBI_0001495" , "http://purl.obolibrary.org/obo/IAO_0000119" , "IEDB" ,
 "biological activity assay measuring epitope specific T cell helper activity" , "http://purl.obolibrary.org/obo/OBI_0001495" , "http://purl.obolibrary.org/obo/IAO_0000114" , "http://purl.obolibrary.org/obo/IAO_0000120" ,
 "biological activity assay measuring epitope specific T cell helper activity" , "http://purl.obolibrary.org/obo/OBI_0001495" , "http://purl.obolibrary.org/obo/IAO_0000117" , "IEDB" ,
 "biological activity assay measuring epitope specific T cell helper activity" , "http://purl.obolibrary.org/obo/OBI_0001495" , "http://purl.obolibrary.org/obo/OBI_9991118" , "helper response|biological activity" ,
 "biological activity assay measuring epitope specific T cell helper activity" , "http://purl.obolibrary.org/obo/OBI_0001495" , "http://www.w3.org/2000/01/rdf-schema#subClassOf" , "http://purl.obolibrary.org/obo/OBI_0002055" ,
 "biological activity assay measuring epitope specific T cell helper activity" , "http://purl.obolibrary.org/obo/OBI_0001495" , "http://www.w3.org/2002/07/owl#equivalentClass" , "b58" ,
 "biological activity assay measuring epitope specific perforin release by T cells" , "http://purl.obolibrary.org/obo/OBI_0001497" , "http://www.w3.org/1999/02/22-rdf-syntax-ns#type" , "http://www.w3.org/2002/07/owl#Class" ,
 "biological activity assay measuring epitope specific perforin release by T cells" , "http://purl.obolibrary.org/obo/OBI_0001497" , "http://purl.obolibrary.org/obo/IAO_0000111" , "biological activity assay measuring epitope specific perforin release by T cells" ,
 "biological activity assay measuring epitope specific perforin release by T cells" , "http://purl.obolibrary.org/obo/OBI_0001497" , "http://purl.obolibrary.org/obo/IAO_0000115" , "A T cell epitope specific cytotoxic T cell degranulation assay that detects perforin release by T cells." ,
 "biological activity assay measuring epitope specific perforin release by T cells" , "http://purl.obolibrary.org/obo/OBI_0001497" , "http://www.w3.org/2000/01/rdf-schema#label" , "biological activity assay measuring epitope specific perforin release by T cells" ,
 "biological activity assay measuring epitope specific perforin release by T cells" , "http://purl.obolibrary.org/obo/OBI_0001497" , "http://purl.obolibrary.org/obo/IAO_0000119" , "IEDB" ,
 "biological activity assay measuring epitope specific perforin release by T cells" , "http://purl.obolibrary.org/obo/OBI_0001497" , "http://purl.obolibrary.org/obo/IAO_0000114" , "http://purl.obolibrary.org/obo/IAO_0000120" ,
 "biological activity assay measuring epitope specific perforin release by T cells" , "http://purl.obolibrary.org/obo/OBI_0001497" , "http://purl.obolibrary.org/obo/IAO_0000117" , "IEDB" ,
 "biological activity assay measuring epitope specific perforin release by T cells" , "http://purl.obolibrary.org/obo/OBI_0001497" , "http://purl.obolibrary.org/obo/OBI_9991118" , "perforin release|biological activity" ,
 "biological activity assay measuring epitope specific perforin release by T cells" , "http://purl.obolibrary.org/obo/OBI_0001497" , "http://www.w3.org/2000/01/rdf-schema#subClassOf" , "http://purl.obolibrary.org/obo/OBI_0001269" ,
 "biological activity assay measuring epitope specific perforin release by T cells" , "http://purl.obolibrary.org/obo/OBI_0001497" , "http://www.w3.org/2002/07/owl#equivalentClass" , "b59" ,
 "biological activity assay measuring epitope specific vascular endothelial growth factor production by T cells" , "http://purl.obolibrary.org/obo/OBI_0001570" , "http://www.w3.org/1999/02/22-rdf-syntax-ns#type" , "http://www.w3.org/2002/07/owl#Class" ,
 "biological activity assay measuring epitope specific vascular endothelial growth factor production by T cells" , "http://purl.obolibrary.org/obo/OBI_0001570" , "http://purl.obolibrary.org/obo/IAO_0000111" , "biological activity assay measuring epitope specific vascular endothelial growth factor production by T cells" ,
 "biological activity assay measuring epitope specific vascular endothelial growth factor production by T cells" , "http://purl.obolibrary.org/obo/OBI_0001570" , "http://purl.obolibrary.org/obo/IAO_0000115" , "A T cell epitope specific cytokine production assay that detects vascular endothelial growth factor production by T cells." ,
 "biological activity assay measuring epitope specific vascular endothelial growth factor production by T cells" , "http://purl.obolibrary.org/obo/OBI_0001570" , "http://www.w3.org/2000/01/rdf-schema#label" , "biological activity assay measuring epitope specific vascular endothelial growth factor production by T cells" ,
 "biological activity assay measuring epitope specific vascular endothelial growth factor production by T cells" , "http://purl.obolibrary.org/obo/OBI_0001570" , "http://purl.obolibrary.org/obo/IAO_0000119" , "IEDB" ,
 "biological activity assay measuring epitope specific vascular endothelial growth factor production by T cells" , "http://purl.obolibrary.org/obo/OBI_0001570" , "http://purl.obolibrary.org/obo/IAO_0000114" , "http://purl.obolibrary.org/obo/IAO_0000120" ,
 "biological activity assay measuring epitope specific vascular endothelial growth factor production by T cells" , "http://purl.obolibrary.org/obo/OBI_0001570" , "http://purl.obolibrary.org/obo/IAO_0000117" , "IEDB" ,
 "biological activity assay measuring epitope specific vascular endothelial growth factor production by T cells" , "http://purl.obolibrary.org/obo/OBI_0001570" , "http://purl.obolibrary.org/obo/OBI_9991118" , "VEGF release|biological activity" ,
 "biological activity assay measuring epitope specific vascular endothelial growth factor production by T cells" , "http://purl.obolibrary.org/obo/OBI_0001570" , "http://www.w3.org/2000/01/rdf-schema#subClassOf" , "http://purl.obolibrary.org/obo/OBI_1110129" ,
 "biological activity assay measuring epitope specific vascular endothelial growth factor production by T cells" , "http://purl.obolibrary.org/obo/OBI_0001570" , "http://www.w3.org/2002/07/owl#equivalentClass" , "b60" ,
 "biological activity assay measuring epitope specific interleukin-7 production by T cells" , "http://purl.obolibrary.org/obo/OBI_0001587" , "http://www.w3.org/1999/02/22-rdf-syntax-ns#type" , "http://www.w3.org/2002/07/owl#Class" ,
 "biological activity assay measuring epitope specific interleukin-7 production by T cells" , "http://purl.obolibrary.org/obo/OBI_0001587" , "http://purl.obolibrary.org/obo/IAO_0000111" , "biological activity assay measuring epitope specific interleukin-7 production by T cells" ,
 "biological activity assay measuring epitope specific interleukin-7 production by T cells" , "http://purl.obolibrary.org/obo/OBI_0001587" , "http://purl.obolibrary.org/obo/IAO_0000115" , "A T cell epitope specific cytokine production assay that detects interleukin-7 production by T cells." ,
 "biological activity assay measuring epitope specific interleukin-7 production by T cells" , "http://purl.obolibrary.org/obo/OBI_0001587" , "http://www.w3.org/2000/01/rdf-schema#label" , "biological activity assay measuring epitope specific interleukin-7 production by T cells" ,
 "biological activity assay measuring epitope specific interleukin-7 production by T cells" , "http://purl.obolibrary.org/obo/OBI_0001587" , "http://purl.obolibrary.org/obo/IAO_0000119" , "IEDB" ,
 "biological activity assay measuring epitope specific interleukin-7 production by T cells" , "http://purl.obolibrary.org/obo/OBI_0001587" , "http://purl.obolibrary.org/obo/IAO_0000114" , "http://purl.obolibrary.org/obo/IAO_0000120" ,
 "biological activity assay measuring epitope specific interleukin-7 production by T cells" , "http://purl.obolibrary.org/obo/OBI_0001587" , "http://purl.obolibrary.org/obo/IAO_0000117" , "IEDB" ,
 "biological activity assay measuring epitope specific interleukin-7 production by T cells" , "http://purl.obolibrary.org/obo/OBI_0001587" , "http://purl.obolibrary.org/obo/OBI_9991118" , "IL-7 release|biological activity" ,
 "biological activity assay measuring epitope specific interleukin-7 production by T cells" , "http://purl.obolibrary.org/obo/OBI_0001587" , "http://www.w3.org/2000/01/rdf-schema#subClassOf" , "http://purl.obolibrary.org/obo/OBI_1110129" ,
 "biological activity assay measuring epitope specific interleukin-7 production by T cells" , "http://purl.obolibrary.org/obo/OBI_0001587" , "http://www.w3.org/2002/07/owl#equivalentClass" , "b61" ,
 "biological activity assay measuring epitope specific granulocyte colony stimulating factor production by T cells" , "http://purl.obolibrary.org/obo/OBI_0001600" , "http://www.w3.org/1999/02/22-rdf-syntax-ns#type" , "http://www.w3.org/2002/07/owl#Class" ,
 "biological activity assay measuring epitope specific granulocyte colony stimulating factor production by T cells" , "http://purl.obolibrary.org/obo/OBI_0001600" , "http://purl.obolibrary.org/obo/IAO_0000111" , "biological activity assay measuring epitope specific granulocyte colony stimulating factor production by T cells" ,
 "biological activity assay measuring epitope specific granulocyte colony stimulating factor production by T cells" , "http://purl.obolibrary.org/obo/OBI_0001600" , "http://purl.obolibrary.org/obo/IAO_0000115" , "A T cell epitope specific cytokine production assay that detects granulocyte colony stimulating factor production by T cells." ,
 "biological activity assay measuring epitope specific granulocyte colony stimulating factor production by T cells" , "http://purl.obolibrary.org/obo/OBI_0001600" , "http://www.w3.org/2000/01/rdf-schema#label" , "biological activity assay measuring epitope specific granulocyte colony stimulating factor production by T cells" ,
 "biological activity assay measuring epitope specific granulocyte colony stimulating factor production by T cells" , "http://purl.obolibrary.org/obo/OBI_0001600" , "http://purl.obolibrary.org/obo/IAO_0000119" , "IEDB" ,
 "biological activity assay measuring epitope specific granulocyte colony stimulating factor production by T cells" , "http://purl.obolibrary.org/obo/OBI_0001600" , "http://purl.obolibrary.org/obo/IAO_0000114" , "http://purl.obolibrary.org/obo/IAO_0000120" ,
 "biological activity assay measuring epitope specific granulocyte colony stimulating factor production by T cells" , "http://purl.obolibrary.org/obo/OBI_0001600" , "http://purl.obolibrary.org/obo/IAO_0000117" , "IEDB" ,
 "biological activity assay measuring epitope specific granulocyte colony stimulating factor production by T cells" , "http://purl.obolibrary.org/obo/OBI_0001600" , "http://purl.obolibrary.org/obo/OBI_9991118" , "G-CSF release|biological activity" ,
 "biological activity assay measuring epitope specific granulocyte colony stimulating factor production by T cells" , "http://purl.obolibrary.org/obo/OBI_0001600" , "http://www.w3.org/2000/01/rdf-schema#subClassOf" , "http://purl.obolibrary.org/obo/OBI_1110129" ,
 "biological activity assay measuring epitope specific granulocyte colony stimulating factor production by T cells" , "http://purl.obolibrary.org/obo/OBI_0001600" , "http://www.w3.org/2002/07/owl#equivalentClass" , "b62" ,
 "biological activity assay measuring epitope specific tumor necrosis factor (ligand) superfamily member 11 production by T cells" , "http://purl.obolibrary.org/obo/OBI_0001607" , "http://www.w3.org/1999/02/22-rdf-syntax-ns#type" , "http://www.w3.org/2002/07/owl#Class" ,
 "biological activity assay measuring epitope specific tumor necrosis factor (ligand) superfamily member 11 production by T cells" , "http://purl.obolibrary.org/obo/OBI_0001607" , "http://purl.obolibrary.org/obo/IAO_0000111" , "biological activity assay measuring epitope specific tumor necrosis factor (ligand) superfamily member 11 production by T cells" ,
 "biological activity assay measuring epitope specific tumor necrosis factor (ligand) superfamily member 11 production by T cells" , "http://purl.obolibrary.org/obo/OBI_0001607" , "http://purl.obolibrary.org/obo/IAO_0000115" , "An assay of epitope specific tumor necrosis factor (ligand) superfamily member 11 production by T cells that detects tumor necrosis factor production." ,
 "biological activity assay measuring epitope specific tumor necrosis factor (ligand) superfamily member 11 production by T cells" , "http://purl.obolibrary.org/obo/OBI_0001607" , "http://www.w3.org/2000/01/rdf-schema#label" , "biological activity assay measuring epitope specific tumor necrosis factor (ligand) superfamily member 11 production by T cells" ,
 "biological activity assay measuring epitope specific tumor necrosis factor (ligand) superfamily member 11 production by T cells" , "http://purl.obolibrary.org/obo/OBI_0001607" , "http://purl.obolibrary.org/obo/IAO_0000119" , "IEDB" ,
 "biological activity assay measuring epitope specific tumor necrosis factor (ligand) superfamily member 11 production by T cells" , "http://purl.obolibrary.org/obo/OBI_0001607" , "http://purl.obolibrary.org/obo/IAO_0000114" , "http://purl.obolibrary.org/obo/IAO_0000120" ,
 "biological activity assay measuring epitope specific tumor necrosis factor (ligand) superfamily member 11 production by T cells" , "http://purl.obolibrary.org/obo/OBI_0001607" , "http://purl.obolibrary.org/obo/IAO_0000117" , "IEDB" ,
 "biological activity assay measuring epitope specific tumor necrosis factor (ligand) superfamily member 11 production by T cells" , "http://purl.obolibrary.org/obo/OBI_0001607" , "http://purl.obolibrary.org/obo/OBI_9991118" , "TNFSF11/RANKL release|biological activity" ,
 "biological activity assay measuring epitope specific tumor necrosis factor (ligand) superfamily member 11 production by T cells" , "http://purl.obolibrary.org/obo/OBI_0001607" , "http://www.w3.org/2000/01/rdf-schema#subClassOf" , "http://purl.obolibrary.org/obo/OBI_0001400" ,
 "biological activity assay measuring epitope specific tumor necrosis factor (ligand) superfamily member 11 production by T cells" , "http://purl.obolibrary.org/obo/OBI_0001607" , "http://www.w3.org/2002/07/owl#equivalentClass" , "b63" ,
 "biological activity assay measuring epitope specific Ig-mediated histamine release" , "http://purl.obolibrary.org/obo/OBI_0001639" , "http://www.w3.org/1999/02/22-rdf-syntax-ns#type" , "http://www.w3.org/2002/07/owl#Class" ,
 "biological activity assay measuring epitope specific Ig-mediated histamine release" , "http://purl.obolibrary.org/obo/OBI_0001639" , "http://purl.obolibrary.org/obo/IAO_0000111" , "biological activity assay measuring epitope specific Ig-mediated histamine release" ,
 "biological activity assay measuring epitope specific Ig-mediated histamine release" , "http://purl.obolibrary.org/obo/OBI_0001639" , "http://purl.obolibrary.org/obo/IAO_0000115" , "A B cell epitope specific activation of additional immune response in vitro assay that detects histamine release." ,
 "biological activity assay measuring epitope specific Ig-mediated histamine release" , "http://purl.obolibrary.org/obo/OBI_0001639" , "http://www.w3.org/2000/01/rdf-schema#label" , "biological activity assay measuring epitope specific Ig-mediated histamine release" ,
 "biological activity assay measuring epitope specific Ig-mediated histamine release" , "http://purl.obolibrary.org/obo/OBI_0001639" , "http://purl.obolibrary.org/obo/IAO_0000119" , "IEDB" ,
 "biological activity assay measuring epitope specific Ig-mediated histamine release" , "http://purl.obolibrary.org/obo/OBI_0001639" , "http://purl.obolibrary.org/obo/IAO_0000114" , "http://purl.obolibrary.org/obo/IAO_0000120" ,
 "biological activity assay measuring epitope specific Ig-mediated histamine release" , "http://purl.obolibrary.org/obo/OBI_0001639" , "http://purl.obolibrary.org/obo/IAO_0000117" , "PERSON:Randi Vita, Jason Greenbaum, Bjoern Peters" ,
 "biological activity assay measuring epitope specific Ig-mediated histamine release" , "http://purl.obolibrary.org/obo/OBI_0001639" , "http://purl.obolibrary.org/obo/OBI_9991118" , "histamine release|biological activity" ,
 "biological activity assay measuring epitope specific Ig-mediated histamine release" , "http://purl.obolibrary.org/obo/OBI_0001639" , "http://www.w3.org/2000/01/rdf-schema#subClassOf" , "http://purl.obolibrary.org/obo/OBI_0001704" ,
 "biological activity assay measuring epitope specific Ig-mediated histamine release" , "http://purl.obolibrary.org/obo/OBI_0001639" , "http://www.w3.org/2002/07/owl#equivalentClass" , "b64" ,
 "biological activity assay measuring epitope specific immunoglobulin-mediated antigen activation" , "http://purl.obolibrary.org/obo/OBI_0001640" , "http://www.w3.org/1999/02/22-rdf-syntax-ns#type" , "http://www.w3.org/2002/07/owl#Class" ,
 "biological activity assay measuring epitope specific immunoglobulin-mediated antigen activation" , "http://purl.obolibrary.org/obo/OBI_0001640" , "http://purl.obolibrary.org/obo/IAO_0000111" , "biological activity assay measuring epitope specific immunoglobulin-mediated antigen activation" ,
 "biological activity assay measuring epitope specific immunoglobulin-mediated antigen activation" , "http://purl.obolibrary.org/obo/OBI_0001640" , "http://purl.obolibrary.org/obo/IAO_0000115" , "A B cell epitope dependent biological activity determination assay that detects antigen activation." ,
 "biological activity assay measuring epitope specific immunoglobulin-mediated antigen activation" , "http://purl.obolibrary.org/obo/OBI_0001640" , "http://www.w3.org/2000/01/rdf-schema#label" , "biological activity assay measuring epitope specific immunoglobulin-mediated antigen activation" ,
 "biological activity assay measuring epitope specific immunoglobulin-mediated antigen activation" , "http://purl.obolibrary.org/obo/OBI_0001640" , "http://purl.obolibrary.org/obo/IAO_0000119" , "IEDB" ,
 "biological activity assay measuring epitope specific immunoglobulin-mediated antigen activation" , "http://purl.obolibrary.org/obo/OBI_0001640" , "http://purl.obolibrary.org/obo/IAO_0000114" , "http://purl.obolibrary.org/obo/IAO_0000120" ,
 "biological activity assay measuring epitope specific immunoglobulin-mediated antigen activation" , "http://purl.obolibrary.org/obo/OBI_0001640" , "http://purl.obolibrary.org/obo/IAO_0000117" , "PERSON:Randi Vita, Jason Greenbaum, Bjoern Peters" ,
 "biological activity assay measuring epitope specific immunoglobulin-mediated antigen activation" , "http://purl.obolibrary.org/obo/OBI_0001640" , "http://purl.obolibrary.org/obo/OBI_9991118" , "antigen activation|biological activity" ,
 "biological activity assay measuring epitope specific immunoglobulin-mediated antigen activation" , "http://purl.obolibrary.org/obo/OBI_0001640" , "http://www.w3.org/2000/01/rdf-schema#subClassOf" , "http://purl.obolibrary.org/obo/OBI_0001706" ,
 "biological activity assay measuring epitope specific immunoglobulin-mediated antigen activation" , "http://purl.obolibrary.org/obo/OBI_0001640" , "http://www.w3.org/2000/01/rdf-schema#subClassOf" , "b65" ,
 "biological activity assay measuring epitope specific complement-dependent cytotoxicity" , "http://purl.obolibrary.org/obo/OBI_0001641" , "http://www.w3.org/1999/02/22-rdf-syntax-ns#type" , "http://www.w3.org/2002/07/owl#Class" ,
 "biological activity assay measuring epitope specific complement-dependent cytotoxicity" , "http://purl.obolibrary.org/obo/OBI_0001641" , "http://purl.obolibrary.org/obo/IAO_0000111" , "biological activity assay measuring epitope specific complement-dependent cytotoxicity" ,
 "biological activity assay measuring epitope specific complement-dependent cytotoxicity" , "http://purl.obolibrary.org/obo/OBI_0001641" , "http://purl.obolibrary.org/obo/IAO_0000115" , "A B cell epitope specific activation of additional immune response in vitro assay that detects complement-dependent cytotoxicity." ,
 "biological activity assay measuring epitope specific complement-dependent cytotoxicity" , "http://purl.obolibrary.org/obo/OBI_0001641" , "http://www.w3.org/2000/01/rdf-schema#label" , "biological activity assay measuring epitope specific complement-dependent cytotoxicity" ,
 "biological activity assay measuring epitope specific complement-dependent cytotoxicity" , "http://purl.obolibrary.org/obo/OBI_0001641" , "http://purl.obolibrary.org/obo/IAO_0000119" , "IEDB" ,
 "biological activity assay measuring epitope specific complement-dependent cytotoxicity" , "http://purl.obolibrary.org/obo/OBI_0001641" , "http://purl.obolibrary.org/obo/IAO_0000114" , "http://purl.obolibrary.org/obo/IAO_0000120" ,
 "biological activity assay measuring epitope specific complement-dependent cytotoxicity" , "http://purl.obolibrary.org/obo/OBI_0001641" , "http://purl.obolibrary.org/obo/IAO_0000117" , "PERSON:Randi Vita, Jason Greenbaum, Bjoern Peters" ,
 "biological activity assay measuring epitope specific complement-dependent cytotoxicity" , "http://purl.obolibrary.org/obo/OBI_0001641" , "http://purl.obolibrary.org/obo/OBI_9991118" , "complement-dependent cytotoxicity|biological activity" ,
 "biological activity assay measuring epitope specific complement-dependent cytotoxicity" , "http://purl.obolibrary.org/obo/OBI_0001641" , "http://www.w3.org/2000/01/rdf-schema#subClassOf" , "http://purl.obolibrary.org/obo/OBI_0001704" ,
 "biological activity assay measuring epitope specific complement-dependent cytotoxicity" , "http://purl.obolibrary.org/obo/OBI_0001641" , "http://www.w3.org/2002/07/owl#equivalentClass" , "b66" ,
 "biological activity assay measuring epitope specific antibody-dependent cellular cytotoxicity" , "http://purl.obolibrary.org/obo/OBI_0001642" , "http://www.w3.org/1999/02/22-rdf-syntax-ns#type" , "http://www.w3.org/2002/07/owl#Class" ,
 "biological activity assay measuring epitope specific antibody-dependent cellular cytotoxicity" , "http://purl.obolibrary.org/obo/OBI_0001642" , "http://purl.obolibrary.org/obo/IAO_0000111" , "biological activity assay measuring epitope specific antibody-dependent cellular cytotoxicity" ,
 "biological activity assay measuring epitope specific antibody-dependent cellular cytotoxicity" , "http://purl.obolibrary.org/obo/OBI_0001642" , "http://purl.obolibrary.org/obo/IAO_0000115" , "A B cell epitope specific activation of additional immune response in vitro assay that detects antibody-dependent cellular cytotoxicity." ,
 "biological activity assay measuring epitope specific antibody-dependent cellular cytotoxicity" , "http://purl.obolibrary.org/obo/OBI_0001642" , "http://www.w3.org/2000/01/rdf-schema#label" , "biological activity assay measuring epitope specific antibody-dependent cellular cytotoxicity" ,
 "biological activity assay measuring epitope specific antibody-dependent cellular cytotoxicity" , "http://purl.obolibrary.org/obo/OBI_0001642" , "http://purl.obolibrary.org/obo/IAO_0000119" , "IEDB" ,
 "biological activity assay measuring epitope specific antibody-dependent cellular cytotoxicity" , "http://purl.obolibrary.org/obo/OBI_0001642" , "http://purl.obolibrary.org/obo/IAO_0000114" , "http://purl.obolibrary.org/obo/IAO_0000120" ,
 "biological activity assay measuring epitope specific antibody-dependent cellular cytotoxicity" , "http://purl.obolibrary.org/obo/OBI_0001642" , "http://purl.obolibrary.org/obo/IAO_0000117" , "PERSON:Randi Vita, Jason Greenbaum, Bjoern Peters" ,
 "biological activity assay measuring epitope specific antibody-dependent cellular cytotoxicity" , "http://purl.obolibrary.org/obo/OBI_0001642" , "http://purl.obolibrary.org/obo/OBI_9991118" , "antibody-dependent cellular cytotoxicity|biological activity" ,
 "biological activity assay measuring epitope specific antibody-dependent cellular cytotoxicity" , "http://purl.obolibrary.org/obo/OBI_0001642" , "http://www.w3.org/2000/01/rdf-schema#subClassOf" , "http://purl.obolibrary.org/obo/OBI_0001704" ,
 "biological activity assay measuring epitope specific antibody-dependent cellular cytotoxicity" , "http://purl.obolibrary.org/obo/OBI_0001642" , "http://www.w3.org/2002/07/owl#equivalentClass" , "b67" ,
 "biological activity assay measuring epitope specific immunoglobulin-mediated neutralization" , "http://purl.obolibrary.org/obo/OBI_0001643" , "http://www.w3.org/1999/02/22-rdf-syntax-ns#type" , "http://www.w3.org/2002/07/owl#Class" ,
 "biological activity assay measuring epitope specific immunoglobulin-mediated neutralization" , "http://purl.obolibrary.org/obo/OBI_0001643" , "http://purl.obolibrary.org/obo/IAO_0000111" , "biological activity assay measuring epitope specific immunoglobulin-mediated neutralization" ,
 "biological activity assay measuring epitope specific immunoglobulin-mediated neutralization" , "http://purl.obolibrary.org/obo/OBI_0001643" , "http://purl.obolibrary.org/obo/IAO_0000115" , "A B cell epitope dependent biological activity determination assay that detects neutralization of the antigen." ,
 "biological activity assay measuring epitope specific immunoglobulin-mediated neutralization" , "http://purl.obolibrary.org/obo/OBI_0001643" , "http://www.w3.org/2000/01/rdf-schema#label" , "biological activity assay measuring epitope specific immunoglobulin-mediated neutralization" ,
 "biological activity assay measuring epitope specific immunoglobulin-mediated neutralization" , "http://purl.obolibrary.org/obo/OBI_0001643" , "http://purl.obolibrary.org/obo/IAO_0000119" , "IEDB" ,
 "biological activity assay measuring epitope specific immunoglobulin-mediated neutralization" , "http://purl.obolibrary.org/obo/OBI_0001643" , "http://purl.obolibrary.org/obo/IAO_0000114" , "http://purl.obolibrary.org/obo/IAO_0000120" ,
 "biological activity assay measuring epitope specific immunoglobulin-mediated neutralization" , "http://purl.obolibrary.org/obo/OBI_0001643" , "http://purl.obolibrary.org/obo/IAO_0000117" , "PERSON:Randi Vita, Jason Greenbaum, Bjoern Peters" ,
 "biological activity assay measuring epitope specific immunoglobulin-mediated neutralization" , "http://purl.obolibrary.org/obo/OBI_0001643" , "http://purl.obolibrary.org/obo/OBI_9991118" , "neutralization |biological activity" ,
 "biological activity assay measuring epitope specific immunoglobulin-mediated neutralization" , "http://purl.obolibrary.org/obo/OBI_0001643" , "http://www.w3.org/2000/01/rdf-schema#subClassOf" , "http://purl.obolibrary.org/obo/OBI_0001706" ,
 "biological activity assay measuring epitope specific immunoglobulin-mediated neutralization" , "http://purl.obolibrary.org/obo/OBI_0001643" , "http://www.w3.org/2002/07/owl#equivalentClass" , "b68" ,
 "biological activity assay measuring epitope specific opsonization" , "http://purl.obolibrary.org/obo/OBI_0001644" , "http://www.w3.org/1999/02/22-rdf-syntax-ns#type" , "http://www.w3.org/2002/07/owl#Class" ,
 "biological activity assay measuring epitope specific opsonization" , "http://purl.obolibrary.org/obo/OBI_0001644" , "http://purl.obolibrary.org/obo/IAO_0000111" , "biological activity assay measuring epitope specific opsonization" ,
 "biological activity assay measuring epitope specific opsonization" , "http://purl.obolibrary.org/obo/OBI_0001644" , "http://purl.obolibrary.org/obo/IAO_0000115" , "A B cell epitope specific activation of additional immune response in vitro assay that detects opsonization." ,
 "biological activity assay measuring epitope specific opsonization" , "http://purl.obolibrary.org/obo/OBI_0001644" , "http://www.w3.org/2000/01/rdf-schema#label" , "biological activity assay measuring epitope specific opsonization" ,
 "biological activity assay measuring epitope specific opsonization" , "http://purl.obolibrary.org/obo/OBI_0001644" , "http://purl.obolibrary.org/obo/IAO_0000119" , "IEDB" ,
 "biological activity assay measuring epitope specific opsonization" , "http://purl.obolibrary.org/obo/OBI_0001644" , "http://purl.obolibrary.org/obo/IAO_0000114" , "http://purl.obolibrary.org/obo/IAO_0000120" ,
 "biological activity assay measuring epitope specific opsonization" , "http://purl.obolibrary.org/obo/OBI_0001644" , "http://purl.obolibrary.org/obo/IAO_0000117" , "PERSON:Randi Vita, Jason Greenbaum, Bjoern Peters" ,
 "biological activity assay measuring epitope specific opsonization" , "http://purl.obolibrary.org/obo/OBI_0001644" , "http://purl.obolibrary.org/obo/OBI_9991118" , "opsonization|biological activity" ,
 "biological activity assay measuring epitope specific opsonization" , "http://purl.obolibrary.org/obo/OBI_0001644" , "http://www.w3.org/2000/01/rdf-schema#subClassOf" , "http://purl.obolibrary.org/obo/OBI_0001704" ,
 "biological activity assay measuring epitope specific opsonization" , "http://purl.obolibrary.org/obo/OBI_0001644" , "http://www.w3.org/2002/07/owl#equivalentClass" , "b69" ,
 "biological activity assay measuring epitope specific immune complex formation" , "http://purl.obolibrary.org/obo/OBI_0001695" , "http://www.w3.org/1999/02/22-rdf-syntax-ns#type" , "http://www.w3.org/2002/07/owl#Class" ,
 "biological activity assay measuring epitope specific immune complex formation" , "http://purl.obolibrary.org/obo/OBI_0001695" , "http://purl.obolibrary.org/obo/IAO_0000111" , "biological activity assay measuring epitope specific immune complex formation" ,
 "biological activity assay measuring epitope specific immune complex formation" , "http://purl.obolibrary.org/obo/OBI_0001695" , "http://purl.obolibrary.org/obo/IAO_0000115" , "A B cell epitope specific activation of additional immune response in vitro assay that detects agglutination." ,
 "biological activity assay measuring epitope specific immune complex formation" , "http://purl.obolibrary.org/obo/OBI_0001695" , "http://www.w3.org/2000/01/rdf-schema#label" , "biological activity assay measuring epitope specific immune complex formation" ,
 "biological activity assay measuring epitope specific immune complex formation" , "http://purl.obolibrary.org/obo/OBI_0001695" , "http://purl.obolibrary.org/obo/IAO_0000119" , "IEDB" ,
 "biological activity assay measuring epitope specific immune complex formation" , "http://purl.obolibrary.org/obo/OBI_0001695" , "http://purl.obolibrary.org/obo/IAO_0000114" , "http://purl.obolibrary.org/obo/IAO_0000120" ,
 "biological activity assay measuring epitope specific immune complex formation" , "http://purl.obolibrary.org/obo/OBI_0001695" , "http://purl.obolibrary.org/obo/IAO_0000117" , "PERSON:Randi Vita, Jason Greenbaum, Bjoern Peters" ,
 "biological activity assay measuring epitope specific immune complex formation" , "http://purl.obolibrary.org/obo/OBI_0001695" , "http://purl.obolibrary.org/obo/OBI_9991118" , "agglutination|biological activity" ,
 "biological activity assay measuring epitope specific immune complex formation" , "http://purl.obolibrary.org/obo/OBI_0001695" , "http://www.w3.org/2000/01/rdf-schema#subClassOf" , "http://purl.obolibrary.org/obo/OBI_0001704" ,
 "biological activity assay measuring epitope specific immune complex formation" , "http://purl.obolibrary.org/obo/OBI_0001695" , "http://www.w3.org/2002/07/owl#equivalentClass" , "b70" ,
 "biological activity assay measuring B cell epitope specific in vivo activity" , "http://purl.obolibrary.org/obo/OBI_0001698" , "http://www.w3.org/1999/02/22-rdf-syntax-ns#type" , "http://www.w3.org/2002/07/owl#Class" ,
 "biological activity assay measuring B cell epitope specific in vivo activity" , "http://purl.obolibrary.org/obo/OBI_0001698" , "http://purl.obolibrary.org/obo/IAO_0000111" , "biological activity assay measuring B cell epitope specific in vivo activity" ,
 "biological activity assay measuring B cell epitope specific in vivo activity" , "http://purl.obolibrary.org/obo/OBI_0001698" , "http://purl.obolibrary.org/obo/IAO_0000115" , "A B cell epitope dependent biological activity determination assay that uses an in vivo intervention experiment." ,
 "biological activity assay measuring B cell epitope specific in vivo activity" , "http://purl.obolibrary.org/obo/OBI_0001698" , "http://www.w3.org/2000/01/rdf-schema#label" , "biological activity assay measuring B cell epitope specific in vivo activity" ,
 "biological activity assay measuring B cell epitope specific in vivo activity" , "http://purl.obolibrary.org/obo/OBI_0001698" , "http://purl.obolibrary.org/obo/IAO_0000119" , "IEDB" ,
 "biological activity assay measuring B cell epitope specific in vivo activity" , "http://purl.obolibrary.org/obo/OBI_0001698" , "http://purl.obolibrary.org/obo/IAO_0000114" , "http://purl.obolibrary.org/obo/IAO_0000120" ,
 "biological activity assay measuring B cell epitope specific in vivo activity" , "http://purl.obolibrary.org/obo/OBI_0001698" , "http://purl.obolibrary.org/obo/IAO_0000117" , "PERSON:Randi Vita, Jason Greenbaum, Bjoern Peters" ,
 "biological activity assay measuring B cell epitope specific in vivo activity" , "http://purl.obolibrary.org/obo/OBI_0001698" , "http://purl.obolibrary.org/obo/OBI_9991118" , "in vivo activity|biological activity" ,
 "biological activity assay measuring B cell epitope specific in vivo activity" , "http://purl.obolibrary.org/obo/OBI_0001698" , "http://www.w3.org/2000/01/rdf-schema#subClassOf" , "http://purl.obolibrary.org/obo/OBI_0001706" ,
 "biological activity assay measuring B cell epitope specific in vivo activity" , "http://purl.obolibrary.org/obo/OBI_0001698" , "http://www.w3.org/2002/07/owl#equivalentClass" , "b71" ,
 "biological activity assay measuring epitope specific activation of additional immune response in vitro" , "http://purl.obolibrary.org/obo/OBI_0001704" , "http://www.w3.org/1999/02/22-rdf-syntax-ns#type" , "http://www.w3.org/2002/07/owl#Class" ,
 "biological activity assay measuring epitope specific activation of additional immune response in vitro" , "http://purl.obolibrary.org/obo/OBI_0001704" , "http://purl.obolibrary.org/obo/IAO_0000111" , "biological activity assay measuring epitope specific activation of additional immune response in vitro" ,
 "biological activity assay measuring epitope specific activation of additional immune response in vitro" , "http://purl.obolibrary.org/obo/OBI_0001704" , "http://purl.obolibrary.org/obo/IAO_0000115" , "A B cell epitope dependent biological activity determination assay that detects secondary in vitro activity." ,
 "biological activity assay measuring epitope specific activation of additional immune response in vitro" , "http://purl.obolibrary.org/obo/OBI_0001704" , "http://www.w3.org/2000/01/rdf-schema#label" , "biological activity assay measuring epitope specific activation of additional immune response in vitro" ,
 "biological activity assay measuring epitope specific activation of additional immune response in vitro" , "http://purl.obolibrary.org/obo/OBI_0001704" , "http://purl.obolibrary.org/obo/IAO_0000119" , "IEDB" ,
 "biological activity assay measuring epitope specific activation of additional immune response in vitro" , "http://purl.obolibrary.org/obo/OBI_0001704" , "http://purl.obolibrary.org/obo/IAO_0000114" , "http://purl.obolibrary.org/obo/IAO_0000120" ,
 "biological activity assay measuring epitope specific activation of additional immune response in vitro" , "http://purl.obolibrary.org/obo/OBI_0001704" , "http://purl.obolibrary.org/obo/IAO_0000117" , "IEDB" ,
 "biological activity assay measuring epitope specific activation of additional immune response in vitro" , "http://purl.obolibrary.org/obo/OBI_0001704" , "http://purl.obolibrary.org/obo/OBI_9991118" , "secondary in vitro activity|biological activity" ,
 "biological activity assay measuring epitope specific activation of additional immune response in vitro" , "http://purl.obolibrary.org/obo/OBI_0001704" , "http://www.w3.org/2000/01/rdf-schema#subClassOf" , "http://purl.obolibrary.org/obo/OBI_0001706" ,
 "biological activity assay measuring epitope specific activation of additional immune response in vitro" , "http://purl.obolibrary.org/obo/OBI_0001704" , "http://www.w3.org/2000/01/rdf-schema#subClassOf" , "b72" ,
 "biological activity assay measuring epitope specific antigen inhibition of antibody activity" , "http://purl.obolibrary.org/obo/OBI_0001705" , "http://www.w3.org/1999/02/22-rdf-syntax-ns#type" , "http://www.w3.org/2002/07/owl#Class" ,
 "biological activity assay measuring epitope specific antigen inhibition of antibody activity" , "http://purl.obolibrary.org/obo/OBI_0001705" , "http://purl.obolibrary.org/obo/IAO_0000111" , "biological activity assay measuring epitope specific antigen inhibition of antibody activity" ,
 "biological activity assay measuring epitope specific antigen inhibition of antibody activity" , "http://purl.obolibrary.org/obo/OBI_0001705" , "http://purl.obolibrary.org/obo/IAO_0000115" , "A B cell epitope dependent biological activity determination assay that detects inhibition of the antibody's activity by the antigen." ,
 "biological activity assay measuring epitope specific antigen inhibition of antibody activity" , "http://purl.obolibrary.org/obo/OBI_0001705" , "http://www.w3.org/2000/01/rdf-schema#label" , "biological activity assay measuring epitope specific antigen inhibition of antibody activity" ,
 "biological activity assay measuring epitope specific antigen inhibition of antibody activity" , "http://purl.obolibrary.org/obo/OBI_0001705" , "http://purl.obolibrary.org/obo/IAO_0000119" , "IEDB" ,
 "biological activity assay measuring epitope specific antigen inhibition of antibody activity" , "http://purl.obolibrary.org/obo/OBI_0001705" , "http://purl.obolibrary.org/obo/IAO_0000114" , "http://purl.obolibrary.org/obo/IAO_0000120" ,
 "biological activity assay measuring epitope specific antigen inhibition of antibody activity" , "http://purl.obolibrary.org/obo/OBI_0001705" , "http://purl.obolibrary.org/obo/IAO_0000117" , "IEDB" ,
 "biological activity assay measuring epitope specific antigen inhibition of antibody activity" , "http://purl.obolibrary.org/obo/OBI_0001705" , "http://purl.obolibrary.org/obo/OBI_9991118" , "antibody activity inhibition|biological activity" ,
 "biological activity assay measuring epitope specific antigen inhibition of antibody activity" , "http://purl.obolibrary.org/obo/OBI_0001705" , "http://www.w3.org/2000/01/rdf-schema#subClassOf" , "http://purl.obolibrary.org/obo/OBI_0001706" ,
 "biological activity assay measuring epitope specific antigen inhibition of antibody activity" , "http://purl.obolibrary.org/obo/OBI_0001705" , "http://www.w3.org/2000/01/rdf-schema#subClassOf" , "b73" ,
 "assay measuring B cell epitope specific biological activity" , "http://purl.obolibrary.org/obo/OBI_0001706" , "http://www.w3.org/1999/02/22-rdf-syntax-ns#type" , "http://www.w3.org/2002/07/owl#Class" ,
 "assay measuring B cell epitope specific biological activity" , "http://purl.obolibrary.org/obo/OBI_0001706" , "http://purl.obolibrary.org/obo/IAO_0000111" , "assay measuring B cell epitope specific biological activity" ,
 "assay measuring B cell epitope specific biological activity" , "http://purl.obolibrary.org/obo/OBI_0001706" , "http://purl.obolibrary.org/obo/IAO_0000115" , "A B cell epitope recognition assay that detects biological activity." ,
 "assay measuring B cell epitope specific biological activity" , "http://purl.obolibrary.org/obo/OBI_0001706" , "http://www.w3.org/2000/01/rdf-schema#label" , "assay measuring B cell epitope specific biological activity" ,
 "assay measuring B cell epitope specific biological activity" , "http://purl.obolibrary.org/obo/OBI_0001706" , "http://purl.obolibrary.org/obo/IAO_0000119" , "IEDB" ,
 "assay measuring B cell epitope specific biological activity" , "http://purl.obolibrary.org/obo/OBI_0001706" , "http://purl.obolibrary.org/obo/IAO_0000114" , "http://purl.obolibrary.org/obo/IAO_0000120" ,
 "assay measuring B cell epitope specific biological activity" , "http://purl.obolibrary.org/obo/OBI_0001706" , "http://purl.obolibrary.org/obo/IAO_0000117" , "IEDB" ,
 "assay measuring B cell epitope specific biological activity" , "http://purl.obolibrary.org/obo/OBI_0001706" , "http://purl.obolibrary.org/obo/OBI_9991118" , "biological activity|any method" ,
 "assay measuring B cell epitope specific biological activity" , "http://purl.obolibrary.org/obo/OBI_0001706" , "http://www.w3.org/2000/01/rdf-schema#subClassOf" , "http://purl.obolibrary.org/obo/OBI_1110127" ,
 "assay measuring B cell epitope specific biological activity" , "http://purl.obolibrary.org/obo/OBI_0001706" , "http://www.w3.org/2002/07/owl#equivalentClass" , "b74" ,
 "biological activity assay measuring epitope specific hemagglutination inhibition" , "http://purl.obolibrary.org/obo/OBI_0001724" , "http://www.w3.org/1999/02/22-rdf-syntax-ns#type" , "http://www.w3.org/2002/07/owl#Class" ,
 "biological activity assay measuring epitope specific hemagglutination inhibition" , "http://purl.obolibrary.org/obo/OBI_0001724" , "http://purl.obolibrary.org/obo/IAO_0000111" , "biological activity assay measuring epitope specific hemagglutination inhibition" ,
 "biological activity assay measuring epitope specific hemagglutination inhibition" , "http://purl.obolibrary.org/obo/OBI_0001724" , "http://purl.obolibrary.org/obo/IAO_0000115" , "A B cell epitope qualitative binding to antibody assay that uses a viral hemagglutination inhibition assay." ,
 "biological activity assay measuring epitope specific hemagglutination inhibition" , "http://purl.obolibrary.org/obo/OBI_0001724" , "http://www.w3.org/2000/01/rdf-schema#label" , "biological activity assay measuring epitope specific hemagglutination inhibition" ,
 "biological activity assay measuring epitope specific hemagglutination inhibition" , "http://purl.obolibrary.org/obo/OBI_0001724" , "http://purl.obolibrary.org/obo/IAO_0000119" , "IEDB" ,
 "biological activity assay measuring epitope specific hemagglutination inhibition" , "http://purl.obolibrary.org/obo/OBI_0001724" , "http://purl.obolibrary.org/obo/IAO_0000114" , "http://purl.obolibrary.org/obo/IAO_0000120" ,
 "biological activity assay measuring epitope specific hemagglutination inhibition" , "http://purl.obolibrary.org/obo/OBI_0001724" , "http://purl.obolibrary.org/obo/IAO_0000117" , "PERSON:Randi Vita, Jason Greenbaum, Bjoern Peters" ,
 "biological activity assay measuring epitope specific hemagglutination inhibition" , "http://purl.obolibrary.org/obo/OBI_0001724" , "http://purl.obolibrary.org/obo/OBI_9991118" , "hemagglutination inhibition|biological activity" ,
 "biological activity assay measuring epitope specific hemagglutination inhibition" , "http://purl.obolibrary.org/obo/OBI_0001724" , "http://www.w3.org/2000/01/rdf-schema#subClassOf" , "http://purl.obolibrary.org/obo/OBI_0001703" ,
 "biological activity assay measuring epitope specific hemagglutination inhibition" , "http://purl.obolibrary.org/obo/OBI_0001724" , "http://www.w3.org/2002/07/owl#equivalentClass" , "b75" ,
 "biological activity assay measuring epitope specific interleukin-17F production by T cells" , "http://purl.obolibrary.org/obo/OBI_0001772" , "http://www.w3.org/1999/02/22-rdf-syntax-ns#type" , "http://www.w3.org/2002/07/owl#Class" ,
 "biological activity assay measuring epitope specific interleukin-17F production by T cells" , "http://purl.obolibrary.org/obo/OBI_0001772" , "http://purl.obolibrary.org/obo/IAO_0000111" , "biological activity assay measuring epitope specific interleukin-17F production by T cells" ,
 "biological activity assay measuring epitope specific interleukin-17F production by T cells" , "http://purl.obolibrary.org/obo/OBI_0001772" , "http://purl.obolibrary.org/obo/IAO_0000115" , "An assay of epitope specific interleukin-17 production by T cells that detects interleukin-17F production." ,
 "biological activity assay measuring epitope specific interleukin-17F production by T cells" , "http://purl.obolibrary.org/obo/OBI_0001772" , "http://www.w3.org/2000/01/rdf-schema#label" , "biological activity assay measuring epitope specific interleukin-17F production by T cells" ,
 "biological activity assay measuring epitope specific interleukin-17F production by T cells" , "http://purl.obolibrary.org/obo/OBI_0001772" , "http://purl.obolibrary.org/obo/IAO_0000119" , "IEDB" ,
 "biological activity assay measuring epitope specific interleukin-17F production by T cells" , "http://purl.obolibrary.org/obo/OBI_0001772" , "http://purl.obolibrary.org/obo/IAO_0000114" , "http://purl.obolibrary.org/obo/IAO_0000120" ,
 "biological activity assay measuring epitope specific interleukin-17F production by T cells" , "http://purl.obolibrary.org/obo/OBI_0001772" , "http://purl.obolibrary.org/obo/IAO_0000117" , "PERSON:Randi Vita, Jason Greenbaum, Bjoern Peters" ,
 "biological activity assay measuring epitope specific interleukin-17F production by T cells" , "http://purl.obolibrary.org/obo/OBI_0001772" , "http://purl.obolibrary.org/obo/OBI_9991118" , "IL-17F release|biological activity" ,
 "biological activity assay measuring epitope specific interleukin-17F production by T cells" , "http://purl.obolibrary.org/obo/OBI_0001772" , "http://www.w3.org/2000/01/rdf-schema#subClassOf" , "http://purl.obolibrary.org/obo/OBI_0001295" ,
 "biological activity assay measuring epitope specific interleukin-17F production by T cells" , "http://purl.obolibrary.org/obo/OBI_0001772" , "http://www.w3.org/2002/07/owl#equivalentClass" , "b76" ,
 "biological activity assay measuring epitope specific interleukin-17A production by T cells" , "http://purl.obolibrary.org/obo/OBI_0001773" , "http://www.w3.org/1999/02/22-rdf-syntax-ns#type" , "http://www.w3.org/2002/07/owl#Class" ,
 "biological activity assay measuring epitope specific interleukin-17A production by T cells" , "http://purl.obolibrary.org/obo/OBI_0001773" , "http://purl.obolibrary.org/obo/IAO_0000111" , "biological activity assay measuring epitope specific interleukin-17A production by T cells" ,
 "biological activity assay measuring epitope specific interleukin-17A production by T cells" , "http://purl.obolibrary.org/obo/OBI_0001773" , "http://purl.obolibrary.org/obo/IAO_0000115" , "An assay of epitope specific interleukin-17 production by T cells that detects interleukin-17A production." ,
 "biological activity assay measuring epitope specific interleukin-17A production by T cells" , "http://purl.obolibrary.org/obo/OBI_0001773" , "http://www.w3.org/2000/01/rdf-schema#label" , "biological activity assay measuring epitope specific interleukin-17A production by T cells" ,
 "biological activity assay measuring epitope specific interleukin-17A production by T cells" , "http://purl.obolibrary.org/obo/OBI_0001773" , "http://purl.obolibrary.org/obo/IAO_0000119" , "IEDB" ,
 "biological activity assay measuring epitope specific interleukin-17A production by T cells" , "http://purl.obolibrary.org/obo/OBI_0001773" , "http://purl.obolibrary.org/obo/IAO_0000114" , "http://purl.obolibrary.org/obo/IAO_0000120" ,
 "biological activity assay measuring epitope specific interleukin-17A production by T cells" , "http://purl.obolibrary.org/obo/OBI_0001773" , "http://purl.obolibrary.org/obo/IAO_0000117" , "PERSON:Randi Vita, Jason Greenbaum, Bjoern Peters" ,
 "biological activity assay measuring epitope specific interleukin-17A production by T cells" , "http://purl.obolibrary.org/obo/OBI_0001773" , "http://purl.obolibrary.org/obo/OBI_9991118" , "IL-17A release|biological activity" ,
 "biological activity assay measuring epitope specific interleukin-17A production by T cells" , "http://purl.obolibrary.org/obo/OBI_0001773" , "http://www.w3.org/2000/01/rdf-schema#subClassOf" , "http://purl.obolibrary.org/obo/OBI_0001295" ,
 "biological activity assay measuring epitope specific interleukin-17A production by T cells" , "http://purl.obolibrary.org/obo/OBI_0001773" , "http://www.w3.org/2002/07/owl#equivalentClass" , "b77" ,
 "biological activity assay measuring epitope specific chemokine (C-C motif) ligand 21 production by T cells" , "http://purl.obolibrary.org/obo/OBI_0001774" , "http://www.w3.org/1999/02/22-rdf-syntax-ns#type" , "http://www.w3.org/2002/07/owl#Class" ,
 "biological activity assay measuring epitope specific chemokine (C-C motif) ligand 21 production by T cells" , "http://purl.obolibrary.org/obo/OBI_0001774" , "http://purl.obolibrary.org/obo/IAO_0000111" , "biological activity assay measuring epitope specific chemokine (C-C motif) ligand 21 production by T cells" ,
 "biological activity assay measuring epitope specific chemokine (C-C motif) ligand 21 production by T cells" , "http://purl.obolibrary.org/obo/OBI_0001774" , "http://purl.obolibrary.org/obo/IAO_0000115" , "A T cell epitope specific cytokine production assay that detects chemokine (C-C motif) ligand 21 production by T cells." ,
 "biological activity assay measuring epitope specific chemokine (C-C motif) ligand 21 production by T cells" , "http://purl.obolibrary.org/obo/OBI_0001774" , "http://www.w3.org/2000/01/rdf-schema#label" , "biological activity assay measuring epitope specific chemokine (C-C motif) ligand 21 production by T cells" ,
 "biological activity assay measuring epitope specific chemokine (C-C motif) ligand 21 production by T cells" , "http://purl.obolibrary.org/obo/OBI_0001774" , "http://purl.obolibrary.org/obo/IAO_0000119" , "IEDB" ,
 "biological activity assay measuring epitope specific chemokine (C-C motif) ligand 21 production by T cells" , "http://purl.obolibrary.org/obo/OBI_0001774" , "http://purl.obolibrary.org/obo/IAO_0000114" , "http://purl.obolibrary.org/obo/IAO_0000120" ,
 "biological activity assay measuring epitope specific chemokine (C-C motif) ligand 21 production by T cells" , "http://purl.obolibrary.org/obo/OBI_0001774" , "http://purl.obolibrary.org/obo/IAO_0000117" , "PERSON:Randi Vita, Jason Greenbaum, Bjoern Peters" ,
 "biological activity assay measuring epitope specific chemokine (C-C motif) ligand 21 production by T cells" , "http://purl.obolibrary.org/obo/OBI_0001774" , "http://purl.obolibrary.org/obo/OBI_9991118" , "CCL21/SLC release|biological activity" ,
 "biological activity assay measuring epitope specific chemokine (C-C motif) ligand 21 production by T cells" , "http://purl.obolibrary.org/obo/OBI_0001774" , "http://www.w3.org/2000/01/rdf-schema#subClassOf" , "http://purl.obolibrary.org/obo/OBI_1110129" ,
 "biological activity assay measuring epitope specific chemokine (C-C motif) ligand 21 production by T cells" , "http://purl.obolibrary.org/obo/OBI_0001774" , "http://www.w3.org/2002/07/owl#equivalentClass" , "b78" ,
 "biological activity assay measuring epitope specific chemokine (C-C motif) ligand 19 production by T cells" , "http://purl.obolibrary.org/obo/OBI_0001775" , "http://www.w3.org/1999/02/22-rdf-syntax-ns#type" , "http://www.w3.org/2002/07/owl#Class" ,
 "biological activity assay measuring epitope specific chemokine (C-C motif) ligand 19 production by T cells" , "http://purl.obolibrary.org/obo/OBI_0001775" , "http://purl.obolibrary.org/obo/IAO_0000111" , "biological activity assay measuring epitope specific chemokine (C-C motif) ligand 19 production by T cells" ,
 "biological activity assay measuring epitope specific chemokine (C-C motif) ligand 19 production by T cells" , "http://purl.obolibrary.org/obo/OBI_0001775" , "http://purl.obolibrary.org/obo/IAO_0000115" , "A T cell epitope specific cytokine production assay that detects chemokine (C-C motif) ligand 19 production by T cells." ,
 "biological activity assay measuring epitope specific chemokine (C-C motif) ligand 19 production by T cells" , "http://purl.obolibrary.org/obo/OBI_0001775" , "http://www.w3.org/2000/01/rdf-schema#label" , "biological activity assay measuring epitope specific chemokine (C-C motif) ligand 19 production by T cells" ,
 "biological activity assay measuring epitope specific chemokine (C-C motif) ligand 19 production by T cells" , "http://purl.obolibrary.org/obo/OBI_0001775" , "http://purl.obolibrary.org/obo/IAO_0000119" , "IEDB" ,
 "biological activity assay measuring epitope specific chemokine (C-C motif) ligand 19 production by T cells" , "http://purl.obolibrary.org/obo/OBI_0001775" , "http://purl.obolibrary.org/obo/IAO_0000114" , "http://purl.obolibrary.org/obo/IAO_0000120" ,
 "biological activity assay measuring epitope specific chemokine (C-C motif) ligand 19 production by T cells" , "http://purl.obolibrary.org/obo/OBI_0001775" , "http://purl.obolibrary.org/obo/IAO_0000117" , "PERSON:Randi Vita, Jason Greenbaum, Bjoern Peters" ,
 "biological activity assay measuring epitope specific chemokine (C-C motif) ligand 19 production by T cells" , "http://purl.obolibrary.org/obo/OBI_0001775" , "http://purl.obolibrary.org/obo/OBI_9991118" , "CCL19/MIP-3b release|biological activity" ,
 "biological activity assay measuring epitope specific chemokine (C-C motif) ligand 19 production by T cells" , "http://purl.obolibrary.org/obo/OBI_0001775" , "http://www.w3.org/2000/01/rdf-schema#subClassOf" , "http://purl.obolibrary.org/obo/OBI_1110129" ,
 "biological activity assay measuring epitope specific chemokine (C-C motif) ligand 19 production by T cells" , "http://purl.obolibrary.org/obo/OBI_0001775" , "http://www.w3.org/2002/07/owl#equivalentClass" , "b79" ,
 "biological activity assay measuring epitope specific chemokine (C-X-C motif) ligand 12 production by T cells" , "http://purl.obolibrary.org/obo/OBI_0001776" , "http://www.w3.org/1999/02/22-rdf-syntax-ns#type" , "http://www.w3.org/2002/07/owl#Class" ,
 "biological activity assay measuring epitope specific chemokine (C-X-C motif) ligand 12 production by T cells" , "http://purl.obolibrary.org/obo/OBI_0001776" , "http://purl.obolibrary.org/obo/IAO_0000111" , "biological activity assay measuring epitope specific chemokine (C-X-C motif) ligand 12 production by T cells" ,
 "biological activity assay measuring epitope specific chemokine (C-X-C motif) ligand 12 production by T cells" , "http://purl.obolibrary.org/obo/OBI_0001776" , "http://purl.obolibrary.org/obo/IAO_0000115" , "A T cell epitope specific cytokine production assay that detects chemokine (C-X-C motif) ligand 12 production by T cells." ,
 "biological activity assay measuring epitope specific chemokine (C-X-C motif) ligand 12 production by T cells" , "http://purl.obolibrary.org/obo/OBI_0001776" , "http://www.w3.org/2000/01/rdf-schema#label" , "biological activity assay measuring epitope specific chemokine (C-X-C motif) ligand 12 production by T cells" ,
 "biological activity assay measuring epitope specific chemokine (C-X-C motif) ligand 12 production by T cells" , "http://purl.obolibrary.org/obo/OBI_0001776" , "http://purl.obolibrary.org/obo/IAO_0000119" , "IEDB" ,
 "biological activity assay measuring epitope specific chemokine (C-X-C motif) ligand 12 production by T cells" , "http://purl.obolibrary.org/obo/OBI_0001776" , "http://purl.obolibrary.org/obo/IAO_0000114" , "http://purl.obolibrary.org/obo/IAO_0000120" ,
 "biological activity assay measuring epitope specific chemokine (C-X-C motif) ligand 12 production by T cells" , "http://purl.obolibrary.org/obo/OBI_0001776" , "http://purl.obolibrary.org/obo/IAO_0000117" , "IEDB" ,
 "biological activity assay measuring epitope specific chemokine (C-X-C motif) ligand 12 production by T cells" , "http://purl.obolibrary.org/obo/OBI_0001776" , "http://purl.obolibrary.org/obo/OBI_9991118" , "CXCL12/SDF-1 release|biological activity" ,
 "biological activity assay measuring epitope specific chemokine (C-X-C motif) ligand 12 production by T cells" , "http://purl.obolibrary.org/obo/OBI_0001776" , "http://www.w3.org/2000/01/rdf-schema#subClassOf" , "http://purl.obolibrary.org/obo/OBI_1110129" ,
 "biological activity assay measuring epitope specific chemokine (C-X-C motif) ligand 12 production by T cells" , "http://purl.obolibrary.org/obo/OBI_0001776" , "http://www.w3.org/2002/07/owl#equivalentClass" , "b80" ,
 "biological activity assay measuring epitope specific chemokine (C-C motif) ligand 22 production by T cells" , "http://purl.obolibrary.org/obo/OBI_0001777" , "http://www.w3.org/1999/02/22-rdf-syntax-ns#type" , "http://www.w3.org/2002/07/owl#Class" ,
 "biological activity assay measuring epitope specific chemokine (C-C motif) ligand 22 production by T cells" , "http://purl.obolibrary.org/obo/OBI_0001777" , "http://purl.obolibrary.org/obo/IAO_0000111" , "biological activity assay measuring epitope specific chemokine (C-C motif) ligand 22 production by T cells" ,
 "biological activity assay measuring epitope specific chemokine (C-C motif) ligand 22 production by T cells" , "http://purl.obolibrary.org/obo/OBI_0001777" , "http://purl.obolibrary.org/obo/IAO_0000115" , "A T cell epitope specific cytokine production assay that detects chemokine (C-C motif) ligand 22 production by T cells." ,
 "biological activity assay measuring epitope specific chemokine (C-C motif) ligand 22 production by T cells" , "http://purl.obolibrary.org/obo/OBI_0001777" , "http://www.w3.org/2000/01/rdf-schema#label" , "biological activity assay measuring epitope specific chemokine (C-C motif) ligand 22 production by T cells" ,
 "biological activity assay measuring epitope specific chemokine (C-C motif) ligand 22 production by T cells" , "http://purl.obolibrary.org/obo/OBI_0001777" , "http://purl.obolibrary.org/obo/IAO_0000119" , "IEDB" ,
 "biological activity assay measuring epitope specific chemokine (C-C motif) ligand 22 production by T cells" , "http://purl.obolibrary.org/obo/OBI_0001777" , "http://purl.obolibrary.org/obo/IAO_0000114" , "http://purl.obolibrary.org/obo/IAO_0000120" ,
 "biological activity assay measuring epitope specific chemokine (C-C motif) ligand 22 production by T cells" , "http://purl.obolibrary.org/obo/OBI_0001777" , "http://purl.obolibrary.org/obo/IAO_0000117" , "PERSON:Randi Vita, Jason Greenbaum, Bjoern Peters" ,
 "biological activity assay measuring epitope specific chemokine (C-C motif) ligand 22 production by T cells" , "http://purl.obolibrary.org/obo/OBI_0001777" , "http://purl.obolibrary.org/obo/OBI_9991118" , "CCL22/MDC release|biological activity" ,
 "biological activity assay measuring epitope specific chemokine (C-C motif) ligand 22 production by T cells" , "http://purl.obolibrary.org/obo/OBI_0001777" , "http://www.w3.org/2000/01/rdf-schema#subClassOf" , "http://purl.obolibrary.org/obo/OBI_1110129" ,
 "biological activity assay measuring epitope specific chemokine (C-C motif) ligand 22 production by T cells" , "http://purl.obolibrary.org/obo/OBI_0001777" , "http://www.w3.org/2002/07/owl#equivalentClass" , "b81" ,
 "biological activity assay measuring epitope specific chemokine (C-X-C motif) ligand 16 production by T cells" , "http://purl.obolibrary.org/obo/OBI_0001778" , "http://www.w3.org/1999/02/22-rdf-syntax-ns#type" , "http://www.w3.org/2002/07/owl#Class" ,
 "biological activity assay measuring epitope specific chemokine (C-X-C motif) ligand 16 production by T cells" , "http://purl.obolibrary.org/obo/OBI_0001778" , "http://purl.obolibrary.org/obo/IAO_0000111" , "biological activity assay measuring epitope specific chemokine (C-X-C motif) ligand 16 production by T cells" ,
 "biological activity assay measuring epitope specific chemokine (C-X-C motif) ligand 16 production by T cells" , "http://purl.obolibrary.org/obo/OBI_0001778" , "http://purl.obolibrary.org/obo/IAO_0000115" , "A T cell epitope specific cytokine production assay that detects chemokine (C-X-C motif) ligand 16 production by T cells." ,
 "biological activity assay measuring epitope specific chemokine (C-X-C motif) ligand 16 production by T cells" , "http://purl.obolibrary.org/obo/OBI_0001778" , "http://www.w3.org/2000/01/rdf-schema#label" , "biological activity assay measuring epitope specific chemokine (C-X-C motif) ligand 16 production by T cells" ,
 "biological activity assay measuring epitope specific chemokine (C-X-C motif) ligand 16 production by T cells" , "http://purl.obolibrary.org/obo/OBI_0001778" , "http://purl.obolibrary.org/obo/IAO_0000119" , "IEDB" ,
 "biological activity assay measuring epitope specific chemokine (C-X-C motif) ligand 16 production by T cells" , "http://purl.obolibrary.org/obo/OBI_0001778" , "http://purl.obolibrary.org/obo/IAO_0000114" , "http://purl.obolibrary.org/obo/IAO_0000120" ,
 "biological activity assay measuring epitope specific chemokine (C-X-C motif) ligand 16 production by T cells" , "http://purl.obolibrary.org/obo/OBI_0001778" , "http://purl.obolibrary.org/obo/IAO_0000117" , "PERSON:Randi Vita, Jason Greenbaum, Bjoern Peters" ,
 "biological activity assay measuring epitope specific chemokine (C-X-C motif) ligand 16 production by T cells" , "http://purl.obolibrary.org/obo/OBI_0001778" , "http://purl.obolibrary.org/obo/OBI_9991118" , "CXCL16 release|biological activity" ,
 "biological activity assay measuring epitope specific chemokine (C-X-C motif) ligand 16 production by T cells" , "http://purl.obolibrary.org/obo/OBI_0001778" , "http://www.w3.org/2000/01/rdf-schema#subClassOf" , "http://purl.obolibrary.org/obo/OBI_1110129" ,
 "biological activity assay measuring epitope specific chemokine (C-X-C motif) ligand 16 production by T cells" , "http://purl.obolibrary.org/obo/OBI_0001778" , "http://www.w3.org/2002/07/owl#equivalentClass" , "b82" ,
 "biological activity assay measuring epitope specific chemokine (C-X-C motif) ligand 13 production by T cells" , "http://purl.obolibrary.org/obo/OBI_0001779" , "http://www.w3.org/1999/02/22-rdf-syntax-ns#type" , "http://www.w3.org/2002/07/owl#Class" ,
 "biological activity assay measuring epitope specific chemokine (C-X-C motif) ligand 13 production by T cells" , "http://purl.obolibrary.org/obo/OBI_0001779" , "http://purl.obolibrary.org/obo/IAO_0000111" , "biological activity assay measuring epitope specific chemokine (C-X-C motif) ligand 13 production by T cells" ,
 "biological activity assay measuring epitope specific chemokine (C-X-C motif) ligand 13 production by T cells" , "http://purl.obolibrary.org/obo/OBI_0001779" , "http://purl.obolibrary.org/obo/IAO_0000115" , "A T cell epitope specific cytokine production assay that detects chemokine (C-X-C motif) ligand 13 production by T cells." ,
 "biological activity assay measuring epitope specific chemokine (C-X-C motif) ligand 13 production by T cells" , "http://purl.obolibrary.org/obo/OBI_0001779" , "http://www.w3.org/2000/01/rdf-schema#label" , "biological activity assay measuring epitope specific chemokine (C-X-C motif) ligand 13 production by T cells" ,
 "biological activity assay measuring epitope specific chemokine (C-X-C motif) ligand 13 production by T cells" , "http://purl.obolibrary.org/obo/OBI_0001779" , "http://purl.obolibrary.org/obo/IAO_0000119" , "IEDB" ,
 "biological activity assay measuring epitope specific chemokine (C-X-C motif) ligand 13 production by T cells" , "http://purl.obolibrary.org/obo/OBI_0001779" , "http://purl.obolibrary.org/obo/IAO_0000114" , "http://purl.obolibrary.org/obo/IAO_0000120" ,
 "biological activity assay measuring epitope specific chemokine (C-X-C motif) ligand 13 production by T cells" , "http://purl.obolibrary.org/obo/OBI_0001779" , "http://purl.obolibrary.org/obo/IAO_0000117" , "PERSON:Randi Vita, Jason Greenbaum, Bjoern Peters" ,
 "biological activity assay measuring epitope specific chemokine (C-X-C motif) ligand 13 production by T cells" , "http://purl.obolibrary.org/obo/OBI_0001779" , "http://purl.obolibrary.org/obo/OBI_9991118" , "CXCL13/BLC release|biological activity" ,
 "biological activity assay measuring epitope specific chemokine (C-X-C motif) ligand 13 production by T cells" , "http://purl.obolibrary.org/obo/OBI_0001779" , "http://www.w3.org/2000/01/rdf-schema#subClassOf" , "http://purl.obolibrary.org/obo/OBI_1110129" ,
 "biological activity assay measuring epitope specific chemokine (C-X-C motif) ligand 13 production by T cells" , "http://purl.obolibrary.org/obo/OBI_0001779" , "http://www.w3.org/2002/07/owl#equivalentClass" , "b83" ,
 "biological activity assay measuring epitope specific granzyme A release by T cells" , "http://purl.obolibrary.org/obo/OBI_0001809" , "http://www.w3.org/1999/02/22-rdf-syntax-ns#type" , "http://www.w3.org/2002/07/owl#Class" ,
 "biological activity assay measuring epitope specific granzyme A release by T cells" , "http://purl.obolibrary.org/obo/OBI_0001809" , "http://purl.obolibrary.org/obo/IAO_0000111" , "biological activity assay measuring epitope specific granzyme A release by T cells" ,
 "biological activity assay measuring epitope specific granzyme A release by T cells" , "http://purl.obolibrary.org/obo/OBI_0001809" , "http://purl.obolibrary.org/obo/IAO_0000115" , "A T cell epitope specific cytotoxic T cell degranulation assay that detects granzyme A release by T cells." ,
 "biological activity assay measuring epitope specific granzyme A release by T cells" , "http://purl.obolibrary.org/obo/OBI_0001809" , "http://www.w3.org/2000/01/rdf-schema#label" , "biological activity assay measuring epitope specific granzyme A release by T cells" ,
 "biological activity assay measuring epitope specific granzyme A release by T cells" , "http://purl.obolibrary.org/obo/OBI_0001809" , "http://purl.obolibrary.org/obo/IAO_0000119" , "IEDB" ,
 "biological activity assay measuring epitope specific granzyme A release by T cells" , "http://purl.obolibrary.org/obo/OBI_0001809" , "http://purl.obolibrary.org/obo/IAO_0000114" , "http://purl.obolibrary.org/obo/IAO_0000120" ,
 "biological activity assay measuring epitope specific granzyme A release by T cells" , "http://purl.obolibrary.org/obo/OBI_0001809" , "http://purl.obolibrary.org/obo/IAO_0000117" , "IEDB" ,
 "biological activity assay measuring epitope specific granzyme A release by T cells" , "http://purl.obolibrary.org/obo/OBI_0001809" , "http://purl.obolibrary.org/obo/OBI_9991118" , "granzyme A release|biological activity" ,
 "biological activity assay measuring epitope specific granzyme A release by T cells" , "http://purl.obolibrary.org/obo/OBI_0001809" , "http://www.w3.org/2000/01/rdf-schema#subClassOf" , "http://purl.obolibrary.org/obo/OBI_0001269" ,
 "biological activity assay measuring epitope specific granzyme A release by T cells" , "http://purl.obolibrary.org/obo/OBI_0001809" , "http://www.w3.org/2002/07/owl#equivalentClass" , "b84" ,
 "biological activity assay measuring epitope specific granulysin release by T cells" , "http://purl.obolibrary.org/obo/OBI_0001810" , "http://www.w3.org/1999/02/22-rdf-syntax-ns#type" , "http://www.w3.org/2002/07/owl#Class" ,
 "biological activity assay measuring epitope specific granulysin release by T cells" , "http://purl.obolibrary.org/obo/OBI_0001810" , "http://purl.obolibrary.org/obo/IAO_0000111" , "biological activity assay measuring epitope specific granulysin release by T cells" ,
 "biological activity assay measuring epitope specific granulysin release by T cells" , "http://purl.obolibrary.org/obo/OBI_0001810" , "http://purl.obolibrary.org/obo/IAO_0000115" , "A T cell epitope specific cytotoxic T cell degranulation assay that detects granulysin release by T cells." ,
 "biological activity assay measuring epitope specific granulysin release by T cells" , "http://purl.obolibrary.org/obo/OBI_0001810" , "http://www.w3.org/2000/01/rdf-schema#label" , "biological activity assay measuring epitope specific granulysin release by T cells" ,
 "biological activity assay measuring epitope specific granulysin release by T cells" , "http://purl.obolibrary.org/obo/OBI_0001810" , "http://purl.obolibrary.org/obo/IAO_0000119" , "IEDB" ,
 "biological activity assay measuring epitope specific granulysin release by T cells" , "http://purl.obolibrary.org/obo/OBI_0001810" , "http://purl.obolibrary.org/obo/IAO_0000114" , "http://purl.obolibrary.org/obo/IAO_0000120" ,
 "biological activity assay measuring epitope specific granulysin release by T cells" , "http://purl.obolibrary.org/obo/OBI_0001810" , "http://purl.obolibrary.org/obo/IAO_0000117" , "IEDB" ,
 "biological activity assay measuring epitope specific granulysin release by T cells" , "http://purl.obolibrary.org/obo/OBI_0001810" , "http://purl.obolibrary.org/obo/OBI_9991118" , "granulysin release|biological activity" ,
 "biological activity assay measuring epitope specific granulysin release by T cells" , "http://purl.obolibrary.org/obo/OBI_0001810" , "http://www.w3.org/2000/01/rdf-schema#subClassOf" , "http://purl.obolibrary.org/obo/OBI_0001269" ,
 "biological activity assay measuring epitope specific granulysin release by T cells" , "http://purl.obolibrary.org/obo/OBI_0001810" , "http://www.w3.org/2002/07/owl#equivalentClass" , "b85" ,
 "assay measuring T cell epitope specific biological activity" , "http://purl.obolibrary.org/obo/OBI_0002055" , "http://www.w3.org/1999/02/22-rdf-syntax-ns#type" , "http://www.w3.org/2002/07/owl#Class" ,
 "assay measuring T cell epitope specific biological activity" , "http://purl.obolibrary.org/obo/OBI_0002055" , "http://purl.obolibrary.org/obo/IAO_0000111" , "assay measuring T cell epitope specific biological activity" ,
 "assay measuring T cell epitope specific biological activity" , "http://purl.obolibrary.org/obo/OBI_0002055" , "http://purl.obolibrary.org/obo/IAO_0000115" , "A T cell epitope recognition assay that detects biological activity." ,
 "assay measuring T cell epitope specific biological activity" , "http://purl.obolibrary.org/obo/OBI_0002055" , "http://www.w3.org/2000/01/rdf-schema#label" , "assay measuring T cell epitope specific biological activity" ,
 "assay measuring T cell epitope specific biological activity" , "http://purl.obolibrary.org/obo/OBI_0002055" , "http://purl.obolibrary.org/obo/IAO_0000119" , "IEDB" ,
 "assay measuring T cell epitope specific biological activity" , "http://purl.obolibrary.org/obo/OBI_0002055" , "http://purl.obolibrary.org/obo/IAO_0000114" , "http://purl.obolibrary.org/obo/IAO_0000120" ,
 "assay measuring T cell epitope specific biological activity" , "http://purl.obolibrary.org/obo/OBI_0002055" , "http://purl.obolibrary.org/obo/IAO_0000117" , "IEDB" ,
 "assay measuring T cell epitope specific biological activity" , "http://purl.obolibrary.org/obo/OBI_0002055" , "http://purl.obolibrary.org/obo/OBI_9991118" , "biological activity|any method" ,
 "assay measuring T cell epitope specific biological activity" , "http://purl.obolibrary.org/obo/OBI_0002055" , "http://www.w3.org/2000/01/rdf-schema#subClassOf" , "http://purl.obolibrary.org/obo/OBI_1110037" ,
 "assay measuring T cell epitope specific biological activity" , "http://purl.obolibrary.org/obo/OBI_0002055" , "http://www.w3.org/2002/07/owl#equivalentClass" , "b86" ,
 "biological activity assay measuring epitope specific chemokine (C-C motif) ligand 17 production by T cells" , "http://purl.obolibrary.org/obo/OBI_0002056" , "http://www.w3.org/1999/02/22-rdf-syntax-ns#type" , "http://www.w3.org/2002/07/owl#Class" ,
 "biological activity assay measuring epitope specific chemokine (C-C motif) ligand 17 production by T cells" , "http://purl.obolibrary.org/obo/OBI_0002056" , "http://purl.obolibrary.org/obo/IAO_0000111" , "biological activity assay measuring epitope specific chemokine (C-C motif) ligand 17 production by T cells" ,
 "biological activity assay measuring epitope specific chemokine (C-C motif) ligand 17 production by T cells" , "http://purl.obolibrary.org/obo/OBI_0002056" , "http://purl.obolibrary.org/obo/IAO_0000115" , "A T cell epitope specific cytokine production assay that detects production of chemokine (C-C motif) ligand 17 production by T cells." ,
 "biological activity assay measuring epitope specific chemokine (C-C motif) ligand 17 production by T cells" , "http://purl.obolibrary.org/obo/OBI_0002056" , "http://www.w3.org/2000/01/rdf-schema#label" , "biological activity assay measuring epitope specific chemokine (C-C motif) ligand 17 production by T cells" ,
 "biological activity assay measuring epitope specific chemokine (C-C motif) ligand 17 production by T cells" , "http://purl.obolibrary.org/obo/OBI_0002056" , "http://purl.obolibrary.org/obo/IAO_0000119" , "IEDB" ,
 "biological activity assay measuring epitope specific chemokine (C-C motif) ligand 17 production by T cells" , "http://purl.obolibrary.org/obo/OBI_0002056" , "http://purl.obolibrary.org/obo/IAO_0000114" , "http://purl.obolibrary.org/obo/IAO_0000120" ,
 "biological activity assay measuring epitope specific chemokine (C-C motif) ligand 17 production by T cells" , "http://purl.obolibrary.org/obo/OBI_0002056" , "http://purl.obolibrary.org/obo/IAO_0000117" , "IEDB" ,
 "biological activity assay measuring epitope specific chemokine (C-C motif) ligand 17 production by T cells" , "http://purl.obolibrary.org/obo/OBI_0002056" , "http://purl.obolibrary.org/obo/OBI_9991118" , "CCL17/TARC release|biological activity" ,
 "biological activity assay measuring epitope specific chemokine (C-C motif) ligand 17 production by T cells" , "http://purl.obolibrary.org/obo/OBI_0002056" , "http://www.w3.org/2000/01/rdf-schema#subClassOf" , "http://purl.obolibrary.org/obo/OBI_1110129" ,
 "biological activity assay measuring epitope specific chemokine (C-C motif) ligand 17 production by T cells" , "http://purl.obolibrary.org/obo/OBI_0002056" , "http://www.w3.org/2002/07/owl#equivalentClass" , "b87" ,
 "biological activity assay measuring epitope specific macrophage migration inhibitory factor (MIF) production by T cells" , "http://purl.obolibrary.org/obo/OBI_0002057" , "http://www.w3.org/1999/02/22-rdf-syntax-ns#type" , "http://www.w3.org/2002/07/owl#Class" ,
 "biological activity assay measuring epitope specific macrophage migration inhibitory factor (MIF) production by T cells" , "http://purl.obolibrary.org/obo/OBI_0002057" , "http://purl.obolibrary.org/obo/IAO_0000111" , "biological activity assay measuring epitope specific macrophage migration inhibitory factor (MIF) production by T cells" ,
 "biological activity assay measuring epitope specific macrophage migration inhibitory factor (MIF) production by T cells" , "http://purl.obolibrary.org/obo/OBI_0002057" , "http://purl.obolibrary.org/obo/IAO_0000115" , "A T cell epitope specific cytokine production assay that detects macrophage migration inhibitory factor (MIF) production by T cells." ,
 "biological activity assay measuring epitope specific macrophage migration inhibitory factor (MIF) production by T cells" , "http://purl.obolibrary.org/obo/OBI_0002057" , "http://www.w3.org/2000/01/rdf-schema#label" , "biological activity assay measuring epitope specific macrophage migration inhibitory factor (MIF) production by T cells" ,
 "biological activity assay measuring epitope specific macrophage migration inhibitory factor (MIF) production by T cells" , "http://purl.obolibrary.org/obo/OBI_0002057" , "http://purl.obolibrary.org/obo/IAO_0000119" , "IEDB" ,
 "biological activity assay measuring epitope specific macrophage migration inhibitory factor (MIF) production by T cells" , "http://purl.obolibrary.org/obo/OBI_0002057" , "http://purl.obolibrary.org/obo/IAO_0000114" , "http://purl.obolibrary.org/obo/IAO_0000120" ,
 "biological activity assay measuring epitope specific macrophage migration inhibitory factor (MIF) production by T cells" , "http://purl.obolibrary.org/obo/OBI_0002057" , "http://purl.obolibrary.org/obo/IAO_0000117" , "IEDB" ,
 "biological activity assay measuring epitope specific macrophage migration inhibitory factor (MIF) production by T cells" , "http://purl.obolibrary.org/obo/OBI_0002057" , "http://purl.obolibrary.org/obo/OBI_9991118" , "MIF release|biological activity" ,
 "biological activity assay measuring epitope specific macrophage migration inhibitory factor (MIF) production by T cells" , "http://purl.obolibrary.org/obo/OBI_0002057" , "http://www.w3.org/2000/01/rdf-schema#subClassOf" , "http://purl.obolibrary.org/obo/OBI_1110129" ,
 "biological activity assay measuring epitope specific macrophage migration inhibitory factor (MIF) production by T cells" , "http://purl.obolibrary.org/obo/OBI_0002057" , "http://www.w3.org/2002/07/owl#equivalentClass" , "b88" ,
 "biological activity assay measuring epitope specific oncostatin M production by T cells" , "http://purl.obolibrary.org/obo/OBI_0002058" , "http://www.w3.org/1999/02/22-rdf-syntax-ns#type" , "http://www.w3.org/2002/07/owl#Class" ,
 "biological activity assay measuring epitope specific oncostatin M production by T cells" , "http://purl.obolibrary.org/obo/OBI_0002058" , "http://purl.obolibrary.org/obo/IAO_0000111" , "biological activity assay measuring epitope specific oncostatin M production by T cells" ,
 "biological activity assay measuring epitope specific oncostatin M production by T cells" , "http://purl.obolibrary.org/obo/OBI_0002058" , "http://purl.obolibrary.org/obo/IAO_0000115" , "A T cell epitope specific cytokine production assay that detects oncostatin M production by T cells." ,
 "biological activity assay measuring epitope specific oncostatin M production by T cells" , "http://purl.obolibrary.org/obo/OBI_0002058" , "http://www.w3.org/2000/01/rdf-schema#label" , "biological activity assay measuring epitope specific oncostatin M production by T cells" ,
 "biological activity assay measuring epitope specific oncostatin M production by T cells" , "http://purl.obolibrary.org/obo/OBI_0002058" , "http://purl.obolibrary.org/obo/IAO_0000119" , "IEDB" ,
 "biological activity assay measuring epitope specific oncostatin M production by T cells" , "http://purl.obolibrary.org/obo/OBI_0002058" , "http://purl.obolibrary.org/obo/IAO_0000114" , "http://purl.obolibrary.org/obo/IAO_0000120" ,
 "biological activity assay measuring epitope specific oncostatin M production by T cells" , "http://purl.obolibrary.org/obo/OBI_0002058" , "http://purl.obolibrary.org/obo/IAO_0000117" , "IEDB" ,
 "biological activity assay measuring epitope specific oncostatin M production by T cells" , "http://purl.obolibrary.org/obo/OBI_0002058" , "http://purl.obolibrary.org/obo/OBI_9991118" , "oncostatin M release|biological activity" ,
 "biological activity assay measuring epitope specific oncostatin M production by T cells" , "http://purl.obolibrary.org/obo/OBI_0002058" , "http://www.w3.org/2000/01/rdf-schema#subClassOf" , "http://purl.obolibrary.org/obo/OBI_1110129" ,
 "biological activity assay measuring epitope specific oncostatin M production by T cells" , "http://purl.obolibrary.org/obo/OBI_0002058" , "http://www.w3.org/2002/07/owl#equivalentClass" , "b89" ,
 "contact to pathogen carrying biological vector" , "http://purl.obolibrary.org/obo/OBI_1110114" , "http://www.w3.org/1999/02/22-rdf-syntax-ns#type" , "http://www.w3.org/2002/07/owl#Class" ,
 "contact to pathogen carrying biological vector" , "http://purl.obolibrary.org/obo/OBI_1110114" , "http://purl.obolibrary.org/obo/IAO_0000111" , "contact to pathogen carrying biological vector" ,
 "contact to pathogen carrying biological vector" , "http://purl.obolibrary.org/obo/OBI_1110114" , "http://purl.obolibrary.org/obo/IAO_0000115" , "a process in which a vector carrying an infectious agent comes close enough to a potential host organism that a contact can result" ,
 "contact to pathogen carrying biological vector" , "http://purl.obolibrary.org/obo/OBI_1110114" , "http://www.w3.org/2000/01/rdf-schema#label" , "contact to pathogen carrying biological vector" ,
 "contact to pathogen carrying biological vector" , "http://purl.obolibrary.org/obo/OBI_1110114" , "http://purl.obolibrary.org/obo/IAO_0000119" , "IEDB" ,
 "contact to pathogen carrying biological vector" , "http://purl.obolibrary.org/obo/OBI_1110114" , "http://purl.obolibrary.org/obo/IAO_0000114" , "http://purl.obolibrary.org/obo/IAO_0000120" ,
 "contact to pathogen carrying biological vector" , "http://purl.obolibrary.org/obo/OBI_1110114" , "http://purl.obolibrary.org/obo/IAO_0000117" , "IEDB" ,
 "contact to pathogen carrying biological vector" , "http://purl.obolibrary.org/obo/OBI_1110114" , "http://www.w3.org/2000/01/rdf-schema#subClassOf" , "http://purl.obolibrary.org/obo/OBI_1110111" ,
 "biological activity assay measuring epitope specific cytokine production by T cells" , "http://purl.obolibrary.org/obo/OBI_1110129" , "http://www.w3.org/1999/02/22-rdf-syntax-ns#type" , "http://www.w3.org/2002/07/owl#Class" ,
 "biological activity assay measuring epitope specific cytokine production by T cells" , "http://purl.obolibrary.org/obo/OBI_1110129" , "http://purl.obolibrary.org/obo/IAO_0000111" , "biological activity assay measuring epitope specific cytokine production by T cells" ,
 "biological activity assay measuring epitope specific cytokine production by T cells" , "http://purl.obolibrary.org/obo/OBI_1110129" , "http://purl.obolibrary.org/obo/IAO_0000115" , "A T cell epitope dependent biological activity assay that detects cytokine production." ,
 "biological activity assay measuring epitope specific cytokine production by T cells" , "http://purl.obolibrary.org/obo/OBI_1110129" , "http://www.w3.org/2000/01/rdf-schema#label" , "biological activity assay measuring epitope specific cytokine production by T cells" ,
 "biological activity assay measuring epitope specific cytokine production by T cells" , "http://purl.obolibrary.org/obo/OBI_1110129" , "http://purl.obolibrary.org/obo/IAO_0000119" , "IEDB" ,
 "biological activity assay measuring epitope specific cytokine production by T cells" , "http://purl.obolibrary.org/obo/OBI_1110129" , "http://purl.obolibrary.org/obo/IAO_0000114" , "http://purl.obolibrary.org/obo/IAO_0000120" ,
 "biological activity assay measuring epitope specific cytokine production by T cells" , "http://purl.obolibrary.org/obo/OBI_1110129" , "http://purl.obolibrary.org/obo/IAO_0000117" , "IEDB" ,
 "biological activity assay measuring epitope specific cytokine production by T cells" , "http://purl.obolibrary.org/obo/OBI_1110129" , "http://purl.obolibrary.org/obo/OBI_9991118" , "cytokine release|biological activity" ,
 "biological activity assay measuring epitope specific cytokine production by T cells" , "http://purl.obolibrary.org/obo/OBI_1110129" , "http://www.w3.org/2000/01/rdf-schema#subClassOf" , "http://purl.obolibrary.org/obo/OBI_0002055" ,
 "biological activity assay measuring epitope specific cytokine production by T cells" , "http://purl.obolibrary.org/obo/OBI_1110129" , "http://www.w3.org/2000/01/rdf-schema#subClassOf" , "b90" ,
 "biological activity assay measuring epitope specific T cell killing" , "http://purl.obolibrary.org/obo/OBI_1110130" , "http://www.w3.org/1999/02/22-rdf-syntax-ns#type" , "http://www.w3.org/2002/07/owl#Class" ,
 "biological activity assay measuring epitope specific T cell killing" , "http://purl.obolibrary.org/obo/OBI_1110130" , "http://purl.obolibrary.org/obo/IAO_0000111" , "biological activity assay measuring epitope specific T cell killing" ,
 "biological activity assay measuring epitope specific T cell killing" , "http://purl.obolibrary.org/obo/OBI_1110130" , "http://purl.obolibrary.org/obo/IAO_0000115" , "A T cell epitope dependent biological activity assay that detects the killing of an antigen presenting cell (APC) by a T cell whose TCR recognizes an epitope presented by the APC." ,
 "biological activity assay measuring epitope specific T cell killing" , "http://purl.obolibrary.org/obo/OBI_1110130" , "http://www.w3.org/2000/01/rdf-schema#label" , "biological activity assay measuring epitope specific T cell killing" ,
 "biological activity assay measuring epitope specific T cell killing" , "http://purl.obolibrary.org/obo/OBI_1110130" , "http://purl.obolibrary.org/obo/IAO_0000119" , "IEDB" ,
 "biological activity assay measuring epitope specific T cell killing" , "http://purl.obolibrary.org/obo/OBI_1110130" , "http://purl.obolibrary.org/obo/IAO_0000114" , "http://purl.obolibrary.org/obo/IAO_0000120" ,
 "biological activity assay measuring epitope specific T cell killing" , "http://purl.obolibrary.org/obo/OBI_1110130" , "http://purl.obolibrary.org/obo/IAO_0000117" , "IEDB" ,
 "biological activity assay measuring epitope specific T cell killing" , "http://purl.obolibrary.org/obo/OBI_1110130" , "http://purl.obolibrary.org/obo/OBI_9991118" , "cytotoxicity|biological activity" ,
 "biological activity assay measuring epitope specific T cell killing" , "http://purl.obolibrary.org/obo/OBI_1110130" , "http://www.w3.org/2000/01/rdf-schema#subClassOf" , "http://purl.obolibrary.org/obo/OBI_0002055" ,
 "biological activity assay measuring epitope specific T cell killing" , "http://purl.obolibrary.org/obo/OBI_1110130" , "http://www.w3.org/2002/07/owl#equivalentClass" , "b91" ,
 "biological activity assay measuring epitope specific proliferation of T cells" , "http://purl.obolibrary.org/obo/OBI_1110131" , "http://www.w3.org/1999/02/22-rdf-syntax-ns#type" , "http://www.w3.org/2002/07/owl#Class" ,
 "biological activity assay measuring epitope specific proliferation of T cells" , "http://purl.obolibrary.org/obo/OBI_1110131" , "http://purl.obolibrary.org/obo/IAO_0000111" , "biological activity assay measuring epitope specific proliferation of T cells" ,
 "biological activity assay measuring epitope specific proliferation of T cells" , "http://purl.obolibrary.org/obo/OBI_1110131" , "http://purl.obolibrary.org/obo/IAO_0000115" , "A T cell epitope dependent biological activity assay that detects T cell proliferation." ,
 "biological activity assay measuring epitope specific proliferation of T cells" , "http://purl.obolibrary.org/obo/OBI_1110131" , "http://www.w3.org/2000/01/rdf-schema#label" , "biological activity assay measuring epitope specific proliferation of T cells" ,
 "biological activity assay measuring epitope specific proliferation of T cells" , "http://purl.obolibrary.org/obo/OBI_1110131" , "http://purl.obolibrary.org/obo/IAO_0000119" , "IEDB" ,
 "biological activity assay measuring epitope specific proliferation of T cells" , "http://purl.obolibrary.org/obo/OBI_1110131" , "http://purl.obolibrary.org/obo/IAO_0000114" , "http://purl.obolibrary.org/obo/IAO_0000120" ,
 "biological activity assay measuring epitope specific proliferation of T cells" , "http://purl.obolibrary.org/obo/OBI_1110131" , "http://purl.obolibrary.org/obo/IAO_0000117" , "PERSON:Randi Vita, Jason Greenbaum, Bjoern Peters" ,
 "biological activity assay measuring epitope specific proliferation of T cells" , "http://purl.obolibrary.org/obo/OBI_1110131" , "http://purl.obolibrary.org/obo/OBI_9991118" , "proliferation|biological activity" ,
 "biological activity assay measuring epitope specific proliferation of T cells" , "http://purl.obolibrary.org/obo/OBI_1110131" , "http://www.w3.org/2000/01/rdf-schema#subClassOf" , "http://purl.obolibrary.org/obo/OBI_0002055" ,
 "biological activity assay measuring epitope specific proliferation of T cells" , "http://purl.obolibrary.org/obo/OBI_1110131" , "http://www.w3.org/2002/07/owl#equivalentClass" , "b92" ,
 "biological sex" , "http://purl.obolibrary.org/obo/PATO_0000047" , "http://www.w3.org/1999/02/22-rdf-syntax-ns#type" , "http://www.w3.org/2002/07/owl#Class" ,
 "biological sex" , "http://purl.obolibrary.org/obo/PATO_0000047" , "http://purl.obolibrary.org/obo/IAO_0000111" , "biological sex" ,
 "biological sex" , "http://purl.obolibrary.org/obo/PATO_0000047" , "http://purl.obolibrary.org/obo/IAO_0000115" , "An organismal quality inhering in a bearer by virtue of the bearer's ability to undergo sexual reproduction in order to differentiate the individuals or types involved." ,
 "biological sex" , "http://purl.obolibrary.org/obo/PATO_0000047" , "http://www.w3.org/2000/01/rdf-schema#label" , "biological sex" ,
 "biological sex" , "http://purl.obolibrary.org/obo/PATO_0000047" , "http://purl.obolibrary.org/obo/IAO_0000412" , "http://purl.obolibrary.org/obo/pato.owl" ,
 "biological sex" , "http://purl.obolibrary.org/obo/PATO_0000047" , "http://www.w3.org/2000/01/rdf-schema#subClassOf" , "http://purl.obolibrary.org/obo/PATO_0001995" ,
 "ice mass" , "http://purl.obolibrary.org/obo/ENVO_01000293" , "http://www.w3.org/1999/02/22-rdf-syntax-ns#type" , "http://www.w3.org/2002/07/owl#Class" ,
 "ice mass" , "http://purl.obolibrary.org/obo/ENVO_01000293" , "http://purl.obolibrary.org/obo/IAO_0000115" , "A mass of ice." ,
 "ice mass" , "http://purl.obolibrary.org/obo/ENVO_01000293" , "http://www.w3.org/2000/01/rdf-schema#label" , "ice mass" ,
 "ice mass" , "http://purl.obolibrary.org/obo/ENVO_01000293" , "http://purl.obolibrary.org/obo/IAO_0000116" , "Class should be populated by inference and asserted subclasses redistributed." ,
 "ice mass" , "http://purl.obolibrary.org/obo/ENVO_01000293" , "http://www.geneontology.org/formats/oboInOwl#hasOBONamespace" , "ENVO" ,
 "ice mass" , "http://purl.obolibrary.org/obo/ENVO_01000293" , "http://www.geneontology.org/formats/oboInOwl#id" , "ENVO:01000293" ,
 "ice mass" , "http://purl.obolibrary.org/obo/ENVO_01000293" , "http://www.geneontology.org/formats/oboInOwl#created_by" , "ORCID:0000-0002-4366-3088" ,
 "ice mass" , "http://purl.obolibrary.org/obo/ENVO_01000293" , "http://www.geneontology.org/formats/oboInOwl#creation_date" , "2013-10-15T19:49:11Z" ,
 "ice mass" , "http://purl.obolibrary.org/obo/ENVO_01000293" , "http://www.w3.org/2000/01/rdf-schema#subClassOf" , "http://purl.obolibrary.org/obo/ENVO_00000000" ,
 "ice mass" , "http://purl.obolibrary.org/obo/ENVO_01000293" , "http://www.w3.org/2000/01/rdf-schema#subClassOf" , "http://purl.obolibrary.org/obo/ENVO_00000131" ,
 "ice mass" , "http://purl.obolibrary.org/obo/ENVO_01000293" , "http://www.w3.org/2000/01/rdf-schema#subClassOf" , "b93" ,
 "ice mass" , "http://purl.obolibrary.org/obo/ENVO_01000293" , "http://www.w3.org/2000/01/rdf-schema#subClassOf" , "b94" ,
 "ice mass" , "http://purl.obolibrary.org/obo/ENVO_01000293" , "http://www.w3.org/2002/07/owl#equivalentClass" , "b95" ,
 "massif" , "http://purl.obolibrary.org/obo/ENVO_00000381" , "http://www.w3.org/1999/02/22-rdf-syntax-ns#type" , "http://www.w3.org/2002/07/owl#Class" ,
 "massif" , "http://purl.obolibrary.org/obo/ENVO_00000381" , "http://purl.obolibrary.org/obo/IAO_0000115" , "A section of the Earths's crust that is demarcated by faults or flexures. In the movement of the crust, a massif tends to retain its internal structure while being displaced as a whole." ,
 "massif" , "http://purl.obolibrary.org/obo/ENVO_00000381" , "http://www.w3.org/2000/01/rdf-schema#label" , "massif" ,
 "massif" , "http://purl.obolibrary.org/obo/ENVO_00000381" , "http://www.geneontology.org/formats/oboInOwl#hasOBONamespace" , "ENVO" ,
 "massif" , "http://purl.obolibrary.org/obo/ENVO_00000381" , "http://www.geneontology.org/formats/oboInOwl#id" , "ENVO:00000381" ,
 "massif" , "http://purl.obolibrary.org/obo/ENVO_00000381" , "http://www.geneontology.org/formats/oboInOwl#hasDbXref" , "EcoLexicon:massif" ,
 "massif" , "http://purl.obolibrary.org/obo/ENVO_00000381" , "http://www.geneontology.org/formats/oboInOwl#hasDbXref" , "FTT:946" ,
 "massif" , "http://purl.obolibrary.org/obo/ENVO_00000381" , "http://www.geneontology.org/formats/oboInOwl#hasDbXref" , "TGN:21435" ,
 "massif" , "http://purl.obolibrary.org/obo/ENVO_00000381" , "http://www.geneontology.org/formats/oboInOwl#hasDbXref" , "https://en.wikipedia.org/wiki/Massif" ,
 "massif" , "http://purl.obolibrary.org/obo/ENVO_00000381" , "http://www.w3.org/2000/01/rdf-schema#subClassOf" , "http://purl.obolibrary.org/obo/ENVO_00000176" ,
 "water mass front" , "http://purl.obolibrary.org/obo/ENVO_01000096" , "http://www.w3.org/1999/02/22-rdf-syntax-ns#type" , "http://www.w3.org/2002/07/owl#Class" ,
 "water mass front" , "http://purl.obolibrary.org/obo/ENVO_01000096" , "http://www.w3.org/2000/01/rdf-schema#label" , "water mass front" ,
 "water mass front" , "http://purl.obolibrary.org/obo/ENVO_01000096" , "http://www.geneontology.org/formats/oboInOwl#hasOBONamespace" , "ENVO" ,
 "water mass front" , "http://purl.obolibrary.org/obo/ENVO_01000096" , "http://www.geneontology.org/formats/oboInOwl#id" , "ENVO:01000096" ,
 "water mass front" , "http://purl.obolibrary.org/obo/ENVO_01000096" , "http://www.geneontology.org/formats/oboInOwl#created_by" , "ORCID:0000-0002-4366-3088" ,
 "water mass front" , "http://purl.obolibrary.org/obo/ENVO_01000096" , "http://www.geneontology.org/formats/oboInOwl#creation_date" , "2010-03-16T12:23:26Z" ,
 "water mass front" , "http://purl.obolibrary.org/obo/ENVO_01000096" , "http://www.w3.org/2000/01/rdf-schema#subClassOf" , "http://purl.obolibrary.org/obo/ENVO_01000071" ,
 "salt mass" , "http://purl.obolibrary.org/obo/ENVO_01000443" , "http://www.w3.org/1999/02/22-rdf-syntax-ns#type" , "http://www.w3.org/2002/07/owl#Class" ,
 "salt mass" , "http://purl.obolibrary.org/obo/ENVO_01000443" , "http://purl.obolibrary.org/obo/IAO_0000115" , "An accumulation of a salt, typically sodium chloride." ,
 "salt mass" , "http://purl.obolibrary.org/obo/ENVO_01000443" , "http://www.w3.org/2000/01/rdf-schema#label" , "salt mass" ,
 "salt mass" , "http://purl.obolibrary.org/obo/ENVO_01000443" , "http://www.w3.org/2000/01/rdf-schema#subClassOf" , "http://purl.obolibrary.org/obo/ENVO_00000000" ,
 "salt mass" , "http://purl.obolibrary.org/obo/ENVO_01000443" , "http://www.w3.org/2000/01/rdf-schema#subClassOf" , "b96" ,
 "salt mass" , "http://purl.obolibrary.org/obo/ENVO_01000443" , "http://www.w3.org/2002/07/owl#equivalentClass" , "b97" ,
 "mass of biological material" , "http://purl.obolibrary.org/obo/ENVO_01000549" , "http://www.w3.org/1999/02/22-rdf-syntax-ns#type" , "http://www.w3.org/2002/07/owl#Class" ,
 "mass of biological material" , "http://purl.obolibrary.org/obo/ENVO_01000549" , "http://www.w3.org/2000/01/rdf-schema#label" , "mass of biological material" ,
 "mass of biological material" , "http://purl.obolibrary.org/obo/ENVO_01000549" , "http://www.w3.org/2000/01/rdf-schema#subClassOf" , "http://purl.obolibrary.org/obo/ENVO_00002004" ,
 "water mass" , "http://purl.obolibrary.org/obo/ENVO_01000685" , "http://www.w3.org/1999/02/22-rdf-syntax-ns#type" , "http://www.w3.org/2002/07/owl#Class" ,
 "water mass" , "http://purl.obolibrary.org/obo/ENVO_01000685" , "http://purl.obolibrary.org/obo/IAO_0000115" , "A mass of water." ,
 "water mass" , "http://purl.obolibrary.org/obo/ENVO_01000685" , "http://www.w3.org/2000/01/rdf-schema#label" , "water mass" ,
 "water mass" , "http://purl.obolibrary.org/obo/ENVO_01000685" , "http://www.w3.org/2000/01/rdf-schema#subClassOf" , "http://purl.obolibrary.org/obo/ENVO_00000000" ,
 "water mass" , "http://purl.obolibrary.org/obo/ENVO_01000685" , "http://www.w3.org/2000/01/rdf-schema#subClassOf" , "b98" ,
 "marine water mass" , "http://purl.obolibrary.org/obo/ENVO_01000686" , "http://www.w3.org/1999/02/22-rdf-syntax-ns#type" , "http://www.w3.org/2002/07/owl#Class" ,
 "marine water mass" , "http://purl.obolibrary.org/obo/ENVO_01000686" , "http://purl.obolibrary.org/obo/IAO_0000115" , "A mass of marine water." ,
 "marine water mass" , "http://purl.obolibrary.org/obo/ENVO_01000686" , "http://www.w3.org/2000/01/rdf-schema#label" , "marine water mass" ,
 "marine water mass" , "http://purl.obolibrary.org/obo/ENVO_01000686" , "http://www.w3.org/2000/01/rdf-schema#subClassOf" , "http://purl.obolibrary.org/obo/ENVO_01000044" ,
 "marine water mass" , "http://purl.obolibrary.org/obo/ENVO_01000686" , "http://www.w3.org/2000/01/rdf-schema#subClassOf" , "http://purl.obolibrary.org/obo/ENVO_01000685" ,
 "marine water mass" , "http://purl.obolibrary.org/obo/ENVO_01000686" , "http://www.w3.org/2000/01/rdf-schema#subClassOf" , "b99" ,
 "mass wasting" , "http://purl.obolibrary.org/obo/ENVO_01000690" , "http://www.w3.org/1999/02/22-rdf-syntax-ns#type" , "http://www.w3.org/2002/07/owl#Class" ,
 "mass wasting" , "http://purl.obolibrary.org/obo/ENVO_01000690" , "http://www.w3.org/2000/01/rdf-schema#comment" , "Of interest for future development: Some causes of mass wasting earthquakes, increased overburden from structures, increased soil moisture, reduction of roots holding the soil to bedrock, undercutting of the slope by excavation or erosion, weathering by frost heave, bioturbation, volcanic edifice over-steepening. Some processes that reduce mass wasting: Afforestation, Reforestation, Terracing steps on slopes (reduce angle of slope). https://en.wikipedia.org/wiki/Mass_wasting." ,
 "mass wasting" , "http://purl.obolibrary.org/obo/ENVO_01000690" , "http://purl.obolibrary.org/obo/IAO_0000115" , "Mass wasting is the geomorphic process by which solid environmental material such as soil, sand, regolith, and/or rock move downslope typically as a mass, largely under the force of gravity, but frequently affected by water and water content as in submarine environments and mudslides." ,
 "mass wasting" , "http://purl.obolibrary.org/obo/ENVO_01000690" , "http://www.w3.org/2000/01/rdf-schema#label" , "mass wasting" ,
 "mass wasting" , "http://purl.obolibrary.org/obo/ENVO_01000690" , "http://www.geneontology.org/formats/oboInOwl#hasExactSynonym" , "slope movement" ,
 "mass wasting" , "http://purl.obolibrary.org/obo/ENVO_01000690" , "http://www.geneontology.org/formats/oboInOwl#hasBroadSynonym" , "mass movement" ,
 "mass wasting" , "http://purl.obolibrary.org/obo/ENVO_01000690" , "http://www.geneontology.org/formats/oboInOwl#inSubset" , "environmental_hazards" ,
 "mass wasting" , "http://purl.obolibrary.org/obo/ENVO_01000690" , "http://www.w3.org/2000/01/rdf-schema#subClassOf" , "http://purl.obolibrary.org/obo/ENVO_02500000" ,
 "mass wasting" , "http://purl.obolibrary.org/obo/ENVO_01000690" , "http://www.w3.org/2000/01/rdf-schema#subClassOf" , "b100" ,
 "mass wasting" , "http://purl.obolibrary.org/obo/ENVO_01000690" , "http://www.w3.org/2000/01/rdf-schema#subClassOf" , "b101" ,
 "mass wasting flow" , "http://purl.obolibrary.org/obo/ENVO_01000696" , "http://www.w3.org/1999/02/22-rdf-syntax-ns#type" , "http://www.w3.org/2002/07/owl#Class" ,
 "mass wasting flow" , "http://purl.obolibrary.org/obo/ENVO_01000696" , "http://purl.obolibrary.org/obo/IAO_0000115" , "A mass wasting flow is a form of mass wasting during which the moving materials behave similarly to a flowing fluid. Water, air and ice are often involved in enabling fluidlike motion of the material." ,
 "mass wasting flow" , "http://purl.obolibrary.org/obo/ENVO_01000696" , "http://www.w3.org/2000/01/rdf-schema#label" , "mass wasting flow" ,
 "mass wasting flow" , "http://purl.obolibrary.org/obo/ENVO_01000696" , "http://www.geneontology.org/formats/oboInOwl#hasBroadSynonym" , "flow" ,
 "mass wasting flow" , "http://purl.obolibrary.org/obo/ENVO_01000696" , "http://www.geneontology.org/formats/oboInOwl#inSubset" , "environmental_hazards" ,
 "mass wasting flow" , "http://purl.obolibrary.org/obo/ENVO_01000696" , "http://www.w3.org/2000/01/rdf-schema#subClassOf" , "http://purl.obolibrary.org/obo/ENVO_01000690" ,
 "mass gaseous flow" , "http://purl.obolibrary.org/obo/ENVO_01000792" , "http://www.w3.org/1999/02/22-rdf-syntax-ns#type" , "http://www.w3.org/2002/07/owl#Class" ,
 "mass gaseous flow" , "http://purl.obolibrary.org/obo/ENVO_01000792" , "http://www.w3.org/2000/01/rdf-schema#comment" , "This class refers to all forms of "wind": from the familiar movement of air in the Earth's atmosphere to the solar wind. Use a subclass to be more precise." ,
 "mass gaseous flow" , "http://purl.obolibrary.org/obo/ENVO_01000792" , "http://purl.obolibrary.org/obo/IAO_0000115" , "A process whereby a large volume of gas moves due to a disequilibrium of physical forces." ,
 "mass gaseous flow" , "http://purl.obolibrary.org/obo/ENVO_01000792" , "http://www.w3.org/2000/01/rdf-schema#label" , "mass gaseous flow" ,
 "mass gaseous flow" , "http://purl.obolibrary.org/obo/ENVO_01000792" , "http://www.geneontology.org/formats/oboInOwl#hasRelatedSynonym" , "wind" ,
 "mass gaseous flow" , "http://purl.obolibrary.org/obo/ENVO_01000792" , "http://www.w3.org/2000/01/rdf-schema#subClassOf" , "http://purl.obolibrary.org/obo/ENVO_02500000" ,
 "mass gaseous flow" , "http://purl.obolibrary.org/obo/ENVO_01000792" , "http://www.w3.org/2000/01/rdf-schema#subClassOf" , "b102" ,
 "mass plasma flow" , "http://purl.obolibrary.org/obo/ENVO_01000796" , "http://www.w3.org/1999/02/22-rdf-syntax-ns#type" , "http://www.w3.org/2002/07/owl#Class" ,
 "mass plasma flow" , "http://purl.obolibrary.org/obo/ENVO_01000796" , "http://www.w3.org/2000/01/rdf-schema#label" , "mass plasma flow" ,
 "mass plasma flow" , "http://purl.obolibrary.org/obo/ENVO_01000796" , "http://www.w3.org/2000/01/rdf-schema#subClassOf" , "http://purl.obolibrary.org/obo/ENVO_02500000" ,
 "mass plasma flow" , "http://purl.obolibrary.org/obo/ENVO_01000796" , "http://www.w3.org/2000/01/rdf-schema#subClassOf" , "b103" ,
 "mass density of soil" , "http://purl.obolibrary.org/obo/ENVO_09200005" , "http://www.w3.org/1999/02/22-rdf-syntax-ns#type" , "http://www.w3.org/2002/07/owl#Class" ,
 "mass density of soil" , "http://purl.obolibrary.org/obo/ENVO_09200005" , "http://purl.obolibrary.org/obo/IAO_0000115" , "The mass density of a soil." ,
 "mass density of soil" , "http://purl.obolibrary.org/obo/ENVO_09200005" , "http://www.w3.org/2000/01/rdf-schema#label" , "mass density of soil" ,
 "mass density of soil" , "http://purl.obolibrary.org/obo/ENVO_09200005" , "http://www.geneontology.org/formats/oboInOwl#hasExactSynonym" , "soil mass density" ,
 "mass density of soil" , "http://purl.obolibrary.org/obo/ENVO_09200005" , "http://www.w3.org/2000/01/rdf-schema#subClassOf" , "http://purl.obolibrary.org/obo/PATO_0001019" ,
 "mass density of soil" , "http://purl.obolibrary.org/obo/ENVO_09200005" , "http://www.w3.org/2000/01/rdf-schema#subClassOf" , "b104" ,
 "mass density of soil" , "http://purl.obolibrary.org/obo/ENVO_09200005" , "http://www.w3.org/2002/07/owl#equivalentClass" , "b105" ,
 "mass measurement datum" , "http://purl.obolibrary.org/obo/IAO_0000414" , "http://www.w3.org/1999/02/22-rdf-syntax-ns#type" , "http://www.w3.org/2002/07/owl#Class" ,
 "mass measurement datum" , "http://purl.obolibrary.org/obo/IAO_0000414" , "http://purl.obolibrary.org/obo/IAO_0000111" , "mass measurement datum" ,
 "mass measurement datum" , "http://purl.obolibrary.org/obo/IAO_0000414" , "http://purl.obolibrary.org/obo/IAO_0000115" , "A scalar measurement datum that is the result of measurement of mass quality" ,
 "mass measurement datum" , "http://purl.obolibrary.org/obo/IAO_0000414" , "http://www.w3.org/2000/01/rdf-schema#label" , "mass measurement datum" ,
 "mass measurement datum" , "http://purl.obolibrary.org/obo/IAO_0000414" , "http://purl.obolibrary.org/obo/IAO_0000114" , "http://purl.obolibrary.org/obo/IAO_0000123" ,
 "mass measurement datum" , "http://purl.obolibrary.org/obo/IAO_0000414" , "http://purl.obolibrary.org/obo/IAO_0000117" , "Person:Alan Ruttenberg" ,
 "mass measurement datum" , "http://purl.obolibrary.org/obo/IAO_0000414" , "http://purl.obolibrary.org/obo/IAO_0000116" , "2009/09/28 Alan Ruttenberg. Fucoidan-use-case" ,
 "mass measurement datum" , "http://purl.obolibrary.org/obo/IAO_0000414" , "http://www.w3.org/2000/01/rdf-schema#subClassOf" , "http://purl.obolibrary.org/obo/IAO_0000032" ,
 "mass measurement datum" , "http://purl.obolibrary.org/obo/IAO_0000414" , "http://www.w3.org/2000/01/rdf-schema#subClassOf" , "b106" ,
 "mass spectrometer" , "http://purl.obolibrary.org/obo/OBI_0000049" , "http://www.w3.org/1999/02/22-rdf-syntax-ns#type" , "http://www.w3.org/2002/07/owl#Class" ,
 "mass spectrometer" , "http://purl.obolibrary.org/obo/OBI_0000049" , "http://purl.obolibrary.org/obo/IAO_0000111" , "mass spectrometer" ,
 "mass spectrometer" , "http://purl.obolibrary.org/obo/OBI_0000049" , "http://purl.obolibrary.org/obo/IAO_0000115" , "A mass spectrometer is an instrument which is used to measure the mass to charge ratio of ions. All mass spectrometers consist of three basic parts: an ion source, a mass analyzer, and a detector system. The stages within the mass spectrometer are: 1. Production of ions from the sample 2. Separation of ions with different masses 3. Detection of the number of ions of each mass produced 4.Collection of data to generate the mass spectrum" ,
 "mass spectrometer" , "http://purl.obolibrary.org/obo/OBI_0000049" , "http://www.w3.org/2000/01/rdf-schema#label" , "mass spectrometer" ,
 "mass spectrometer" , "http://purl.obolibrary.org/obo/OBI_0000049" , "http://purl.obolibrary.org/obo/IAO_0000119" , "http://en.wikipedia.org/wiki/Mass_spectrometry" ,
 "mass spectrometer" , "http://purl.obolibrary.org/obo/OBI_0000049" , "http://purl.obolibrary.org/obo/IAO_0000114" , "http://purl.obolibrary.org/obo/IAO_0000122" ,
 "mass spectrometer" , "http://purl.obolibrary.org/obo/OBI_0000049" , "http://purl.obolibrary.org/obo/IAO_0000117" , "Frank Gibson" ,
 "mass spectrometer" , "http://purl.obolibrary.org/obo/OBI_0000049" , "http://purl.obolibrary.org/obo/IAO_0000112" , "LCQ Fleet Ion Trap MSn manufactured by thermo fisher scientific" ,
 "mass spectrometer" , "http://purl.obolibrary.org/obo/OBI_0000049" , "http://www.w3.org/2000/01/rdf-schema#subClassOf" , "http://purl.obolibrary.org/obo/OBI_0000832" ,
 "mass spectrometer" , "http://purl.obolibrary.org/obo/OBI_0000049" , "http://www.w3.org/2000/01/rdf-schema#subClassOf" , "b107" ,
 "mass spectrometer" , "http://purl.obolibrary.org/obo/OBI_0000049" , "http://www.w3.org/2000/01/rdf-schema#subClassOf" , "b108" ,
 "mass spectrometer" , "http://purl.obolibrary.org/obo/OBI_0000049" , "http://www.w3.org/2000/01/rdf-schema#subClassOf" , "b109" ,
 "mass spectrometer" , "http://purl.obolibrary.org/obo/OBI_0000049" , "http://www.w3.org/2000/01/rdf-schema#subClassOf" , "b110" ,
 "liquid chromatography mass spectrometry platform" , "http://purl.obolibrary.org/obo/OBI_0000051" , "http://www.w3.org/1999/02/22-rdf-syntax-ns#type" , "http://www.w3.org/2002/07/owl#Class" ,
 "liquid chromatography mass spectrometry platform" , "http://purl.obolibrary.org/obo/OBI_0000051" , "http://purl.obolibrary.org/obo/IAO_0000111" , "liquid chromatography mass spectrometry platform" ,
 "liquid chromatography mass spectrometry platform" , "http://purl.obolibrary.org/obo/OBI_0000051" , "http://purl.obolibrary.org/obo/IAO_0000115" , "A liquid chromatography mass spectrometry platform is a platform that is the collection of instrument, software and reagents needed to perform a liquid chromatography mass spectrometry protocol. definition_source: OBI." ,
 "liquid chromatography mass spectrometry platform" , "http://purl.obolibrary.org/obo/OBI_0000051" , "http://www.w3.org/2000/01/rdf-schema#label" , "liquid chromatography mass spectrometry platform" ,
 "liquid chromatography mass spectrometry platform" , "http://purl.obolibrary.org/obo/OBI_0000051" , "http://purl.obolibrary.org/obo/IAO_0000119" , "OBI Instrument branch" ,
 "liquid chromatography mass spectrometry platform" , "http://purl.obolibrary.org/obo/OBI_0000051" , "http://purl.obolibrary.org/obo/IAO_0000114" , "http://purl.obolibrary.org/obo/IAO_0000123" ,
 "liquid chromatography mass spectrometry platform" , "http://purl.obolibrary.org/obo/OBI_0000051" , "http://purl.obolibrary.org/obo/IAO_0000117" , "OBI instrument branch" ,
 "liquid chromatography mass spectrometry platform" , "http://purl.obolibrary.org/obo/OBI_0000051" , "http://www.w3.org/2000/01/rdf-schema#subClassOf" , "http://purl.obolibrary.org/obo/OBI_0000932" ,
 "liquid chromatography mass spectrometry platform" , "http://purl.obolibrary.org/obo/OBI_0000051" , "http://www.w3.org/2000/01/rdf-schema#subClassOf" , "http://purl.obolibrary.org/obo/OBI_0000832" ,
 "liquid chromatography mass spectrometry platform" , "http://purl.obolibrary.org/obo/OBI_0000051" , "http://www.w3.org/2000/01/rdf-schema#subClassOf" , "b111" ,
 "liquid chromatography mass spectrometry platform" , "http://purl.obolibrary.org/obo/OBI_0000051" , "http://www.w3.org/2000/01/rdf-schema#subClassOf" , "b112" ,
 "liquid chromatography mass spectrometry platform" , "http://purl.obolibrary.org/obo/OBI_0000051" , "http://www.w3.org/2000/01/rdf-schema#subClassOf" , "b113" ,
 "liquid chromatography mass spectrometry platform" , "http://purl.obolibrary.org/obo/OBI_0000051" , "http://www.w3.org/2000/01/rdf-schema#subClassOf" , "b114" ,
 "mass analyzer" , "http://purl.obolibrary.org/obo/OBI_0000345" , "http://www.w3.org/1999/02/22-rdf-syntax-ns#type" , "http://www.w3.org/2002/07/owl#Class" ,
 "mass analyzer" , "http://purl.obolibrary.org/obo/OBI_0000345" , "http://purl.obolibrary.org/obo/IAO_0000111" , "mass analyzer" ,
 "mass analyzer" , "http://purl.obolibrary.org/obo/OBI_0000345" , "http://purl.obolibrary.org/obo/IAO_0000115" , "A Mass analyzer is a device that separates ions according to their mass-to-charge ratio. All mass spectrometers are based on dynamics of charged particles in electric and magnetic fields in vacuum where the two laws of Lorentz force law and Newton's second law of motion apply." ,
 "mass analyzer" , "http://purl.obolibrary.org/obo/OBI_0000345" , "http://www.w3.org/2000/01/rdf-schema#label" , "mass analyzer" ,
 "mass analyzer" , "http://purl.obolibrary.org/obo/OBI_0000345" , "http://purl.obolibrary.org/obo/IAO_0000119" , "http://en.wikipedia.org/wiki/Mass_spectrometry#Mass_analyzer" ,
 "mass analyzer" , "http://purl.obolibrary.org/obo/OBI_0000345" , "http://purl.obolibrary.org/obo/IAO_0000114" , "http://purl.obolibrary.org/obo/IAO_0000120" ,
 "mass analyzer" , "http://purl.obolibrary.org/obo/OBI_0000345" , "http://purl.obolibrary.org/obo/IAO_0000117" , "Frank Gibson" ,
 "mass analyzer" , "http://purl.obolibrary.org/obo/OBI_0000345" , "http://purl.obolibrary.org/obo/IAO_0000117" , "PERSON: Daniel Schober" ,
 "mass analyzer" , "http://purl.obolibrary.org/obo/OBI_0000345" , "http://purl.obolibrary.org/obo/IAO_0000112" , "The mass analyzer of the Voyager-DE(tm) STR Biospectrometry Workstation" ,
 "mass analyzer" , "http://purl.obolibrary.org/obo/OBI_0000345" , "http://www.w3.org/2000/01/rdf-schema#subClassOf" , "http://purl.obolibrary.org/obo/OBI_0000932" ,
 "mass analyzer" , "http://purl.obolibrary.org/obo/OBI_0000345" , "http://www.w3.org/2000/01/rdf-schema#subClassOf" , "http://purl.obolibrary.org/obo/OBI_0000832" ,
 "mass analyzer" , "http://purl.obolibrary.org/obo/OBI_0000345" , "http://www.w3.org/2000/01/rdf-schema#subClassOf" , "b115" ,
 "mass analyzer" , "http://purl.obolibrary.org/obo/OBI_0000345" , "http://www.w3.org/2000/01/rdf-schema#subClassOf" , "b116" ,
 "mass measurement assay" , "http://purl.obolibrary.org/obo/OBI_0000445" , "http://www.w3.org/1999/02/22-rdf-syntax-ns#type" , "http://www.w3.org/2002/07/owl#Class" ,
 "mass measurement assay" , "http://purl.obolibrary.org/obo/OBI_0000445" , "http://www.w3.org/2000/01/rdf-schema#comment" , "Philippe Rocca-Serra" ,
 "mass measurement assay" , "http://purl.obolibrary.org/obo/OBI_0000445" , "http://purl.obolibrary.org/obo/IAO_0000111" , "mass measurement assay" ,
 "mass measurement assay" , "http://purl.obolibrary.org/obo/OBI_0000445" , "http://purl.obolibrary.org/obo/IAO_0000115" , "a process to determine the mass of an evaluant" ,
 "mass measurement assay" , "http://purl.obolibrary.org/obo/OBI_0000445" , "http://www.w3.org/2000/01/rdf-schema#label" , "mass measurement assay" ,
 "mass measurement assay" , "http://purl.obolibrary.org/obo/OBI_0000445" , "http://purl.obolibrary.org/obo/IAO_0000119" , "OBI" ,
 "mass measurement assay" , "http://purl.obolibrary.org/obo/OBI_0000445" , "http://purl.obolibrary.org/obo/IAO_0000114" , "http://purl.obolibrary.org/obo/IAO_0000120" ,
 "mass measurement assay" , "http://purl.obolibrary.org/obo/OBI_0000445" , "http://purl.obolibrary.org/obo/IAO_0000117" , "Helen Parkinson" ,
 "mass measurement assay" , "http://purl.obolibrary.org/obo/OBI_0000445" , "http://purl.obolibrary.org/obo/IAO_0000112" , "The patients was weighed and mass was determined to be 47 kilograms" ,
 "mass measurement assay" , "http://purl.obolibrary.org/obo/OBI_0000445" , "http://www.w3.org/2000/01/rdf-schema#subClassOf" , "http://purl.obolibrary.org/obo/OBI_0000070" ,
 "mass measurement assay" , "http://purl.obolibrary.org/obo/OBI_0000445" , "http://www.w3.org/2000/01/rdf-schema#subClassOf" , "b117" ,
 "mass measurement assay" , "http://purl.obolibrary.org/obo/OBI_0000445" , "http://www.w3.org/2000/01/rdf-schema#subClassOf" , "b118" ,
 "mass measurement assay" , "http://purl.obolibrary.org/obo/OBI_0000445" , "http://www.w3.org/2000/01/rdf-schema#subClassOf" , "b119" ,
 "mass measurement assay" , "http://purl.obolibrary.org/obo/OBI_0000445" , "http://www.w3.org/2000/01/rdf-schema#subClassOf" , "b120" ,
 "mass spectrometry assay" , "http://purl.obolibrary.org/obo/OBI_0000470" , "http://www.w3.org/1999/02/22-rdf-syntax-ns#type" , "http://www.w3.org/2002/07/owl#Class" ,
 "mass spectrometry assay" , "http://purl.obolibrary.org/obo/OBI_0000470" , "http://purl.obolibrary.org/obo/IAO_0000111" , "mass spectrometry assay" ,
 "mass spectrometry assay" , "http://purl.obolibrary.org/obo/OBI_0000470" , "http://purl.obolibrary.org/obo/IAO_0000115" , "An assay that identifies the amount and type of material entities present in a sample by fragmenting it and measuring the mass-to-charge ratio of the resulting particles." ,
 "mass spectrometry assay" , "http://purl.obolibrary.org/obo/OBI_0000470" , "http://www.w3.org/2000/01/rdf-schema#label" , "mass spectrometry assay" ,
 "mass spectrometry assay" , "http://purl.obolibrary.org/obo/OBI_0000470" , "http://purl.obolibrary.org/obo/IAO_0000119" , "Philippe Rocca-Serra" ,
 "mass spectrometry assay" , "http://purl.obolibrary.org/obo/OBI_0000470" , "http://purl.obolibrary.org/obo/IAO_0000114" , "http://purl.obolibrary.org/obo/IAO_0000120" ,
 "mass spectrometry assay" , "http://purl.obolibrary.org/obo/OBI_0000470" , "http://purl.obolibrary.org/obo/IAO_0000117" , "Philippe Rocca-Serra" ,
 "mass spectrometry assay" , "http://purl.obolibrary.org/obo/OBI_0000470" , "http://purl.obolibrary.org/obo/IAO_0000112" , "Identification of a proteins cut out from a 2D gel by cleaving it into peptides using trypsin digestion using electrospray ionizatino to ensure the peptides are charged, and accelerating them with an electro magnetic field in which the flight path is determined by the mass / charge ratio of the peptides. Comparing the mass/charge ratio of peptides in the proteins with databases of protein sequences allows to identify which protein gave rise to the peptides." ,
 "mass spectrometry assay" , "http://purl.obolibrary.org/obo/OBI_0000470" , "http://www.w3.org/2000/01/rdf-schema#subClassOf" , "http://purl.obolibrary.org/obo/OBI_0000070" ,
 "mass spectrometry assay" , "http://purl.obolibrary.org/obo/OBI_0000470" , "http://www.w3.org/2002/07/owl#equivalentClass" , "b121" ,
 "mass selective detector" , "http://purl.obolibrary.org/obo/OBI_0000569" , "http://www.w3.org/1999/02/22-rdf-syntax-ns#type" , "http://www.w3.org/2002/07/owl#Class" ,
 "mass selective detector" , "http://purl.obolibrary.org/obo/OBI_0000569" , "http://purl.obolibrary.org/obo/IAO_0000111" , "mass selective detector" ,
 "mass selective detector" , "http://purl.obolibrary.org/obo/OBI_0000569" , "http://purl.obolibrary.org/obo/IAO_0000115" , "A mass selective detector is a GC detector that uses mass spectrometry. It is based upon the ionization of solute molecules in the ion source and the separation of the ions generated on the basis of their mass/charge ratio by an analyzer unit. This may be a magnetic sector analyzer, a quadruple mass filter, or an ion trap. Ions are detected by a dynode electron multiplier." ,
 "mass selective detector" , "http://purl.obolibrary.org/obo/OBI_0000569" , "http://www.w3.org/2000/01/rdf-schema#label" , "mass selective detector" ,
 "mass selective detector" , "http://purl.obolibrary.org/obo/OBI_0000569" , "http://purl.obolibrary.org/obo/IAO_0000119" , "WEB:<http://homepages.onsnet.nu/%7Ealkema/html/whatisgc.html>" ,
 "mass selective detector" , "http://purl.obolibrary.org/obo/OBI_0000569" , "http://purl.obolibrary.org/obo/IAO_0000119" , "http://msi-ontology.sourceforge.net/ontology/CHROM.owl#msi_01198" ,
 "mass selective detector" , "http://purl.obolibrary.org/obo/OBI_0000569" , "http://purl.obolibrary.org/obo/IAO_0000114" , "http://purl.obolibrary.org/obo/IAO_0000120" ,
 "mass selective detector" , "http://purl.obolibrary.org/obo/OBI_0000569" , "http://purl.obolibrary.org/obo/IAO_0000117" , "PERSON:Daniel Schober" ,
 "mass selective detector" , "http://purl.obolibrary.org/obo/OBI_0000569" , "http://purl.obolibrary.org/obo/IAO_0000118" , "mass spectrometry detector" ,
 "mass selective detector" , "http://purl.obolibrary.org/obo/OBI_0000569" , "http://www.w3.org/2000/01/rdf-schema#subClassOf" , "http://purl.obolibrary.org/obo/OBI_0000637" ,
 "tandem mass spectrometer" , "http://purl.obolibrary.org/obo/OBI_0001088" , "http://www.w3.org/1999/02/22-rdf-syntax-ns#type" , "http://www.w3.org/2002/07/owl#Class" ,
 "tandem mass spectrometer" , "http://purl.obolibrary.org/obo/OBI_0001088" , "http://purl.obolibrary.org/obo/IAO_0000111" , "tandem mass spectrometer" ,
 "tandem mass spectrometer" , "http://purl.obolibrary.org/obo/OBI_0001088" , "http://purl.obolibrary.org/obo/IAO_0000115" , "A mass spectrometer in which ions are subjected to two or more sequential stages of analysis (which may be separated spatially or temporally) according to the quotient mass/charge." ,
 "tandem mass spectrometer" , "http://purl.obolibrary.org/obo/OBI_0001088" , "http://www.w3.org/2000/01/rdf-schema#label" , "tandem mass spectrometer" ,
 "tandem mass spectrometer" , "http://purl.obolibrary.org/obo/OBI_0001088" , "http://purl.obolibrary.org/obo/IAO_0000119" , "http://goldbook.iupac.org/T06250.html" ,
 "tandem mass spectrometer" , "http://purl.obolibrary.org/obo/OBI_0001088" , "http://purl.obolibrary.org/obo/IAO_0000114" , "http://purl.obolibrary.org/obo/IAO_0000120" ,
 "tandem mass spectrometer" , "http://purl.obolibrary.org/obo/OBI_0001088" , "http://purl.obolibrary.org/obo/IAO_0000117" , "PERSON: Erik Segerdell" ,
 "tandem mass spectrometer" , "http://purl.obolibrary.org/obo/OBI_0001088" , "http://www.w3.org/2000/01/rdf-schema#subClassOf" , "http://purl.obolibrary.org/obo/OBI_0000049" ,
 "mass spectrometry assay measuring MHC ligand processing and presentation" , "http://purl.obolibrary.org/obo/OBI_0001478" , "http://www.w3.org/1999/02/22-rdf-syntax-ns#type" , "http://www.w3.org/2002/07/owl#Class" ,
 "mass spectrometry assay measuring MHC ligand processing and presentation" , "http://purl.obolibrary.org/obo/OBI_0001478" , "http://purl.obolibrary.org/obo/IAO_0000111" , "mass spectrometry assay measuring MHC ligand processing and presentation" ,
 "mass spectrometry assay measuring MHC ligand processing and presentation" , "http://purl.obolibrary.org/obo/OBI_0001478" , "http://purl.obolibrary.org/obo/IAO_0000115" , "A MHC ligand processing and presentation assay that uses a mass spectrometry assay to identify eluted ligands" ,
 "mass spectrometry assay measuring MHC ligand processing and presentation" , "http://purl.obolibrary.org/obo/OBI_0001478" , "http://www.w3.org/2000/01/rdf-schema#label" , "mass spectrometry assay measuring MHC ligand processing and presentation" ,
 "mass spectrometry assay measuring MHC ligand processing and presentation" , "http://purl.obolibrary.org/obo/OBI_0001478" , "http://purl.obolibrary.org/obo/IAO_0000119" , "IEDB" ,
 "mass spectrometry assay measuring MHC ligand processing and presentation" , "http://purl.obolibrary.org/obo/OBI_0001478" , "http://purl.obolibrary.org/obo/IAO_0000114" , "http://purl.obolibrary.org/obo/IAO_0000120" ,
 "mass spectrometry assay measuring MHC ligand processing and presentation" , "http://purl.obolibrary.org/obo/OBI_0001478" , "http://purl.obolibrary.org/obo/IAO_0000117" , "IEDB" ,
 "mass spectrometry assay measuring MHC ligand processing and presentation" , "http://purl.obolibrary.org/obo/OBI_0001478" , "http://purl.obolibrary.org/obo/OBI_9991118" , "ligand presentation|mass spectrometry" ,
 "mass spectrometry assay measuring MHC ligand processing and presentation" , "http://purl.obolibrary.org/obo/OBI_0001478" , "http://www.w3.org/2000/01/rdf-schema#subClassOf" , "http://purl.obolibrary.org/obo/OBI_1110125" ,
 "mass spectrometry assay measuring MHC ligand processing and presentation" , "http://purl.obolibrary.org/obo/OBI_0001478" , "http://www.w3.org/2002/07/owl#equivalentClass" , "b122" ,
 "mass spectrometry assay measuring MHC ligand processing and presentation of MHC ligands eluted from cellular MHC" , "http://purl.obolibrary.org/obo/OBI_0001489" , "http://www.w3.org/1999/02/22-rdf-syntax-ns#type" , "http://www.w3.org/2002/07/owl#Class" ,
 "mass spectrometry assay measuring MHC ligand processing and presentation of MHC ligands eluted from cellular MHC" , "http://purl.obolibrary.org/obo/OBI_0001489" , "http://purl.obolibrary.org/obo/IAO_0000111" , "mass spectrometry assay measuring MHC ligand processing and presentation of MHC ligands eluted from cellular MHC" ,
 "mass spectrometry assay measuring MHC ligand processing and presentation of MHC ligands eluted from cellular MHC" , "http://purl.obolibrary.org/obo/OBI_0001489" , "http://purl.obolibrary.org/obo/IAO_0000115" , "A mass spectrometry of MHC ligands assay that identifies eluted ligands from cell bound MHC." ,
 "mass spectrometry assay measuring MHC ligand processing and presentation of MHC ligands eluted from cellular MHC" , "http://purl.obolibrary.org/obo/OBI_0001489" , "http://www.w3.org/2000/01/rdf-schema#label" , "mass spectrometry assay measuring MHC ligand processing and presentation of MHC ligands eluted from cellular MHC" ,
 "mass spectrometry assay measuring MHC ligand processing and presentation of MHC ligands eluted from cellular MHC" , "http://purl.obolibrary.org/obo/OBI_0001489" , "http://purl.obolibrary.org/obo/IAO_0000119" , "IEDB" ,
 "mass spectrometry assay measuring MHC ligand processing and presentation of MHC ligands eluted from cellular MHC" , "http://purl.obolibrary.org/obo/OBI_0001489" , "http://purl.obolibrary.org/obo/IAO_0000114" , "http://purl.obolibrary.org/obo/IAO_0000120" ,
 "mass spectrometry assay measuring MHC ligand processing and presentation of MHC ligands eluted from cellular MHC" , "http://purl.obolibrary.org/obo/OBI_0001489" , "http://purl.obolibrary.org/obo/IAO_0000117" , "IEDB" ,
 "mass spectrometry assay measuring MHC ligand processing and presentation of MHC ligands eluted from cellular MHC" , "http://purl.obolibrary.org/obo/OBI_0001489" , "http://purl.obolibrary.org/obo/OBI_9991118" , "ligand presentation|cellular MHC/mass spectrometry" ,
 "mass spectrometry assay measuring MHC ligand processing and presentation of MHC ligands eluted from cellular MHC" , "http://purl.obolibrary.org/obo/OBI_0001489" , "http://www.w3.org/2000/01/rdf-schema#subClassOf" , "http://purl.obolibrary.org/obo/OBI_0001478" ,
 "mass spectrometry assay measuring MHC ligand processing and presentation of MHC ligands eluted from cellular MHC" , "http://purl.obolibrary.org/obo/OBI_0001489" , "http://www.w3.org/2000/01/rdf-schema#subClassOf" , "b123" ,
 "mass spectrometry assay measuring MHC ligand processing and presentation of MHC ligands eluted from secreted MHC" , "http://purl.obolibrary.org/obo/OBI_0001510" , "http://www.w3.org/1999/02/22-rdf-syntax-ns#type" , "http://www.w3.org/2002/07/owl#Class" ,
 "mass spectrometry assay measuring MHC ligand processing and presentation of MHC ligands eluted from secreted MHC" , "http://purl.obolibrary.org/obo/OBI_0001510" , "http://purl.obolibrary.org/obo/IAO_0000111" , "mass spectrometry assay measuring MHC ligand processing and presentation of MHC ligands eluted from secreted MHC" ,
 "mass spectrometry assay measuring MHC ligand processing and presentation of MHC ligands eluted from secreted MHC" , "http://purl.obolibrary.org/obo/OBI_0001510" , "http://purl.obolibrary.org/obo/IAO_0000115" , "A mass spectrometry of MHC ligands that identifies eluted ligands from secreted MHC." ,
 "mass spectrometry assay measuring MHC ligand processing and presentation of MHC ligands eluted from secreted MHC" , "http://purl.obolibrary.org/obo/OBI_0001510" , "http://www.w3.org/2000/01/rdf-schema#label" , "mass spectrometry assay measuring MHC ligand processing and presentation of MHC ligands eluted from secreted MHC" ,
 "mass spectrometry assay measuring MHC ligand processing and presentation of MHC ligands eluted from secreted MHC" , "http://purl.obolibrary.org/obo/OBI_0001510" , "http://purl.obolibrary.org/obo/IAO_0000119" , "IEDB" ,
 "mass spectrometry assay measuring MHC ligand processing and presentation of MHC ligands eluted from secreted MHC" , "http://purl.obolibrary.org/obo/OBI_0001510" , "http://purl.obolibrary.org/obo/IAO_0000114" , "http://purl.obolibrary.org/obo/IAO_0000120" ,
 "mass spectrometry assay measuring MHC ligand processing and presentation of MHC ligands eluted from secreted MHC" , "http://purl.obolibrary.org/obo/OBI_0001510" , "http://purl.obolibrary.org/obo/IAO_0000117" , "IEDB" ,
 "mass spectrometry assay measuring MHC ligand processing and presentation of MHC ligands eluted from secreted MHC" , "http://purl.obolibrary.org/obo/OBI_0001510" , "http://purl.obolibrary.org/obo/OBI_9991118" , "ligand presentation|secreted MHC/mass spectrometry " ,
 "mass spectrometry assay measuring MHC ligand processing and presentation of MHC ligands eluted from secreted MHC" , "http://purl.obolibrary.org/obo/OBI_0001510" , "http://www.w3.org/2000/01/rdf-schema#subClassOf" , "http://purl.obolibrary.org/obo/OBI_0001478" ,
 "mass spectrometry assay measuring MHC ligand processing and presentation of MHC ligands eluted from secreted MHC" , "http://purl.obolibrary.org/obo/OBI_0001510" , "http://www.w3.org/2000/01/rdf-schema#subClassOf" , "b124" ,
 "mass spectrometry assay measuring binding of a B cell epitope:antibody complex" , "http://purl.obolibrary.org/obo/OBI_0001654" , "http://www.w3.org/1999/02/22-rdf-syntax-ns#type" , "http://www.w3.org/2002/07/owl#Class" ,
 "mass spectrometry assay measuring binding of a B cell epitope:antibody complex" , "http://purl.obolibrary.org/obo/OBI_0001654" , "http://purl.obolibrary.org/obo/IAO_0000111" , "mass spectrometry assay measuring binding of a B cell epitope:antibody complex" ,
 "mass spectrometry assay measuring binding of a B cell epitope:antibody complex" , "http://purl.obolibrary.org/obo/OBI_0001654" , "http://purl.obolibrary.org/obo/IAO_0000115" , "A B cell epitope qualitative binding to antibody assay that uses a mass spectrometry assay." ,
 "mass spectrometry assay measuring binding of a B cell epitope:antibody complex" , "http://purl.obolibrary.org/obo/OBI_0001654" , "http://www.w3.org/2000/01/rdf-schema#label" , "mass spectrometry assay measuring binding of a B cell epitope:antibody complex" ,
 "mass spectrometry assay measuring binding of a B cell epitope:antibody complex" , "http://purl.obolibrary.org/obo/OBI_0001654" , "http://purl.obolibrary.org/obo/IAO_0000119" , "IEDB" ,
 "mass spectrometry assay measuring binding of a B cell epitope:antibody complex" , "http://purl.obolibrary.org/obo/OBI_0001654" , "http://purl.obolibrary.org/obo/IAO_0000114" , "http://purl.obolibrary.org/obo/IAO_0000120" ,
 "mass spectrometry assay measuring binding of a B cell epitope:antibody complex" , "http://purl.obolibrary.org/obo/OBI_0001654" , "http://purl.obolibrary.org/obo/IAO_0000117" , "PERSON:Randi Vita, Jason Greenbaum, Bjoern Peters" ,
 "mass spectrometry assay measuring binding of a B cell epitope:antibody complex" , "http://purl.obolibrary.org/obo/OBI_0001654" , "http://purl.obolibrary.org/obo/OBI_9991118" , "qualitative binding|mass spectrometry" ,
 "mass spectrometry assay measuring binding of a B cell epitope:antibody complex" , "http://purl.obolibrary.org/obo/OBI_0001654" , "http://www.w3.org/2000/01/rdf-schema#subClassOf" , "http://purl.obolibrary.org/obo/OBI_0001703" ,
 "mass spectrometry assay measuring binding of a B cell epitope:antibody complex" , "http://purl.obolibrary.org/obo/OBI_0001654" , "http://www.w3.org/2002/07/owl#equivalentClass" , "b125" ,
 "protein sequencing by tandem mass spectrometry assay" , "http://purl.obolibrary.org/obo/OBI_0001923" , "http://www.w3.org/1999/02/22-rdf-syntax-ns#type" , "http://www.w3.org/2002/07/owl#Class" ,
 "protein sequencing by tandem mass spectrometry assay" , "http://purl.obolibrary.org/obo/OBI_0001923" , "http://purl.obolibrary.org/obo/IAO_0000111" , "protein sequencing by tandem mass spectrometry assay" ,
 "protein sequencing by tandem mass spectrometry assay" , "http://purl.obolibrary.org/obo/OBI_0001923" , "http://purl.obolibrary.org/obo/IAO_0000115" , "A sequencing assay in which amino acid sequences of proteins is determined using multiple rounds of mass spectrometry and molecule fragmentation." ,
 "protein sequencing by tandem mass spectrometry assay" , "http://purl.obolibrary.org/obo/OBI_0001923" , "http://www.w3.org/2000/01/rdf-schema#label" , "protein sequencing by tandem mass spectrometry assay" ,
 "protein sequencing by tandem mass spectrometry assay" , "http://purl.obolibrary.org/obo/OBI_0001923" , "http://purl.obolibrary.org/obo/IAO_0000119" , "Hunt et al. Protein sequencing by tandem mass spectrometry. Proc Natl Acad Sci U S A. 1986;83(17): 6233–6237. [PMID:3462691]" ,
 "protein sequencing by tandem mass spectrometry assay" , "http://purl.obolibrary.org/obo/OBI_0001923" , "http://purl.obolibrary.org/obo/IAO_0000114" , "http://purl.obolibrary.org/obo/IAO_0000120" ,
 "protein sequencing by tandem mass spectrometry assay" , "http://purl.obolibrary.org/obo/OBI_0001923" , "http://purl.obolibrary.org/obo/IAO_0000117" , "Person: Venkat Malladi, Chris Stoeckert, Jie Zheng" ,
 "protein sequencing by tandem mass spectrometry assay" , "http://purl.obolibrary.org/obo/OBI_0001923" , "http://purl.obolibrary.org/obo/IAO_0000112" , "Taylor et al.Implementation and uses of automated de novo peptide sequencing by tandem mass spectrometry. Anal Chem. 2001 Jun;73(11):2594-604. [PMID:11403305]" ,
 "protein sequencing by tandem mass spectrometry assay" , "http://purl.obolibrary.org/obo/OBI_0001923" , "http://purl.org/dc/elements/1.1/source" , "ENCODE project" ,
 "protein sequencing by tandem mass spectrometry assay" , "http://purl.obolibrary.org/obo/OBI_0001923" , "http://www.w3.org/2000/01/rdf-schema#subClassOf" , "http://purl.obolibrary.org/obo/OBI_0600047" ,
 "protein sequencing by tandem mass spectrometry assay" , "http://purl.obolibrary.org/obo/OBI_0001923" , "http://www.w3.org/2000/01/rdf-schema#subClassOf" , "b126" ,
 "protein sequencing by tandem mass spectrometry assay" , "http://purl.obolibrary.org/obo/OBI_0001923" , "http://www.w3.org/2000/01/rdf-schema#subClassOf" , "b127" ,
 "protein sequencing by tandem mass spectrometry assay" , "http://purl.obolibrary.org/obo/OBI_0001923" , "http://www.w3.org/2000/01/rdf-schema#subClassOf" , "b128" ,
 "protein sequencing by tandem mass spectrometry assay" , "http://purl.obolibrary.org/obo/OBI_0001923" , "http://www.w3.org/2000/01/rdf-schema#subClassOf" , "b129" ,
 "mass value specification" , "http://purl.obolibrary.org/obo/OBI_0001929" , "http://www.w3.org/1999/02/22-rdf-syntax-ns#type" , "http://www.w3.org/2002/07/owl#Class" ,
 "mass value specification" , "http://purl.obolibrary.org/obo/OBI_0001929" , "http://purl.obolibrary.org/obo/IAO_0000111" , "mass value specification" ,
 "mass value specification" , "http://purl.obolibrary.org/obo/OBI_0001929" , "http://purl.obolibrary.org/obo/IAO_0000115" , "A value specification that specifies the mass of some thing." ,
 "mass value specification" , "http://purl.obolibrary.org/obo/OBI_0001929" , "http://www.w3.org/2000/01/rdf-schema#label" , "mass value specification" ,
 "mass value specification" , "http://purl.obolibrary.org/obo/OBI_0001929" , "http://purl.obolibrary.org/obo/IAO_0000114" , "http://purl.obolibrary.org/obo/IAO_0000123" ,
 "mass value specification" , "http://purl.obolibrary.org/obo/OBI_0001929" , "http://purl.obolibrary.org/obo/IAO_0000117" , "PERSON:Bjoern Peters" ,
 "mass value specification" , "http://purl.obolibrary.org/obo/OBI_0001929" , "http://www.w3.org/2000/01/rdf-schema#subClassOf" , "http://purl.obolibrary.org/obo/OBI_0001931" ,
 "mass value specification" , "http://purl.obolibrary.org/obo/OBI_0001929" , "http://www.w3.org/2000/01/rdf-schema#subClassOf" , "b130" ,
 "mass value specification" , "http://purl.obolibrary.org/obo/OBI_0001929" , "http://www.w3.org/2000/01/rdf-schema#subClassOf" , "b131" ,
 "predicted mass value" , "http://purl.obolibrary.org/obo/OBI_0001935" , "http://www.w3.org/1999/02/22-rdf-syntax-ns#type" , "http://www.w3.org/2002/07/owl#Class" ,
 "predicted mass value" , "http://purl.obolibrary.org/obo/OBI_0001935" , "http://purl.obolibrary.org/obo/IAO_0000111" , "predicted mass value" ,
 "predicted mass value" , "http://purl.obolibrary.org/obo/OBI_0001935" , "http://purl.obolibrary.org/obo/IAO_0000115" , " A predicted value where the prediction specifies the mass of some thing." ,
 "predicted mass value" , "http://purl.obolibrary.org/obo/OBI_0001935" , "http://www.w3.org/2000/01/rdf-schema#label" , "predicted mass value" ,
 "predicted mass value" , "http://purl.obolibrary.org/obo/OBI_0001935" , "http://purl.obolibrary.org/obo/IAO_0000114" , "http://purl.obolibrary.org/obo/IAO_0000123" ,
 "predicted mass value" , "http://purl.obolibrary.org/obo/OBI_0001935" , "http://purl.obolibrary.org/obo/IAO_0000117" , "PERSON:Bjoern Peters" ,
 "predicted mass value" , "http://purl.obolibrary.org/obo/OBI_0001935" , "http://www.w3.org/2000/01/rdf-schema#subClassOf" , "http://purl.obolibrary.org/obo/OBI_0001934" ,
 "predicted mass value" , "http://purl.obolibrary.org/obo/OBI_0001935" , "http://www.w3.org/2002/07/owl#equivalentClass" , "b132" ,
 "peptide mass fingerprinting" , "http://purl.obolibrary.org/obo/OBI_0002035" , "http://www.w3.org/1999/02/22-rdf-syntax-ns#type" , "http://www.w3.org/2002/07/owl#Class" ,
 "peptide mass fingerprinting" , "http://purl.obolibrary.org/obo/OBI_0002035" , "http://purl.obolibrary.org/obo/IAO_0000111" , "peptide mass fingerprinting" ,
 "peptide mass fingerprinting" , "http://purl.obolibrary.org/obo/OBI_0002035" , "http://purl.obolibrary.org/obo/IAO_0000115" , "A mass spectrometry assay in which an unknown protein of interest is cleaved into smaller peptides, whose absolute masses can be accurately measured with a mass spectrometer.  These masses are then compared to values in a database containing known protein sequences." ,
 "peptide mass fingerprinting" , "http://purl.obolibrary.org/obo/OBI_0002035" , "http://www.w3.org/2000/01/rdf-schema#label" , "peptide mass fingerprinting" ,
 "peptide mass fingerprinting" , "http://purl.obolibrary.org/obo/OBI_0002035" , "http://purl.obolibrary.org/obo/IAO_0000119" , "ERO:0001668 (http://en.wikipedia.org/wiki/Peptide_mass_fingerprinting)" ,
 "peptide mass fingerprinting" , "http://purl.obolibrary.org/obo/OBI_0002035" , "http://purl.obolibrary.org/obo/IAO_0000114" , "http://purl.obolibrary.org/obo/IAO_0000120" ,
 "peptide mass fingerprinting" , "http://purl.obolibrary.org/obo/OBI_0002035" , "http://purl.obolibrary.org/obo/IAO_0000117" , "Janos Demeter, Chris Stoeckert" ,
 "peptide mass fingerprinting" , "http://purl.obolibrary.org/obo/OBI_0002035" , "http://purl.obolibrary.org/obo/IAO_0000116" , "Details see tracker: https://sourceforge.net/p/obi/obi-terms/725/" ,
 "peptide mass fingerprinting" , "http://purl.obolibrary.org/obo/OBI_0002035" , "http://purl.obolibrary.org/obo/IAO_0000118" , "PMF" ,
 "peptide mass fingerprinting" , "http://purl.obolibrary.org/obo/OBI_0002035" , "http://purl.obolibrary.org/obo/IAO_0000118" , "protein fingerprinting" ,
 "peptide mass fingerprinting" , "http://purl.obolibrary.org/obo/OBI_0002035" , "http://purl.org/dc/elements/1.1/source" , "Saccharomyces Genome Database (SGD)" ,
 "peptide mass fingerprinting" , "http://purl.obolibrary.org/obo/OBI_0002035" , "http://www.w3.org/2000/01/rdf-schema#subClassOf" , "http://purl.obolibrary.org/obo/OBI_0000470" ,
 "continuum mass spectrum" , "http://purl.obolibrary.org/obo/OBI_0200062" , "http://www.w3.org/1999/02/22-rdf-syntax-ns#type" , "http://www.w3.org/2002/07/owl#Class" ,
 "continuum mass spectrum" , "http://purl.obolibrary.org/obo/OBI_0200062" , "http://purl.obolibrary.org/obo/IAO_0000111" , "continuum mass spectrum" ,
 "continuum mass spectrum" , "http://purl.obolibrary.org/obo/OBI_0200062" , "http://purl.obolibrary.org/obo/IAO_0000115" , "A continuum mass spectrum is a data transformation that contains the full profile of the detected signals for a given ion." ,
 "continuum mass spectrum" , "http://purl.obolibrary.org/obo/OBI_0200062" , "http://www.w3.org/2000/01/rdf-schema#label" , "continuum mass spectrum" ,
 "continuum mass spectrum" , "http://purl.obolibrary.org/obo/OBI_0200062" , "http://purl.obolibrary.org/obo/IAO_0000119" , "PERSON: Tina Boussard" ,
 "continuum mass spectrum" , "http://purl.obolibrary.org/obo/OBI_0200062" , "http://purl.obolibrary.org/obo/IAO_0000114" , "http://purl.obolibrary.org/obo/IAO_0000123" ,
 "continuum mass spectrum" , "http://purl.obolibrary.org/obo/OBI_0200062" , "http://purl.obolibrary.org/obo/IAO_0000117" , "PERSON: James Malone" ,
 "continuum mass spectrum" , "http://purl.obolibrary.org/obo/OBI_0200062" , "http://purl.obolibrary.org/obo/IAO_0000117" , "PERSON: Tina Hernandez-Boussard" ,
 "continuum mass spectrum" , "http://purl.obolibrary.org/obo/OBI_0200062" , "http://www.w3.org/2000/01/rdf-schema#subClassOf" , "http://purl.obolibrary.org/obo/OBI_0200085" ,
 "continuum mass spectrum" , "http://purl.obolibrary.org/obo/OBI_0200062" , "http://www.w3.org/2000/01/rdf-schema#subClassOf" , "b133" ,
 "centroid mass spectrum" , "http://purl.obolibrary.org/obo/OBI_0200064" , "http://www.w3.org/1999/02/22-rdf-syntax-ns#type" , "http://www.w3.org/2002/07/owl#Class" ,
 "centroid mass spectrum" , "http://purl.obolibrary.org/obo/OBI_0200064" , "http://purl.obolibrary.org/obo/IAO_0000111" , "centroid mass spectrum" ,
 "centroid mass spectrum" , "http://purl.obolibrary.org/obo/OBI_0200064" , "http://purl.obolibrary.org/obo/IAO_0000115" , "A centroid mass spectrum is a data transformation in which many points are used to delineate a mass spectral peak, is converted into mass-centroided data by a data compression algorithm. The centroided mass peak is located at the weighted center of mass of the profile peak. The normalized area of the peak provides the mass intensity data." ,
 "centroid mass spectrum" , "http://purl.obolibrary.org/obo/OBI_0200064" , "http://www.w3.org/2000/01/rdf-schema#label" , "centroid mass spectrum" ,
 "centroid mass spectrum" , "http://purl.obolibrary.org/obo/OBI_0200064" , "http://purl.obolibrary.org/obo/IAO_0000119" , "centroid mass spectrum" ,
 "centroid mass spectrum" , "http://purl.obolibrary.org/obo/OBI_0200064" , "http://purl.obolibrary.org/obo/IAO_0000114" , "http://purl.obolibrary.org/obo/IAO_0000123" ,
 "centroid mass spectrum" , "http://purl.obolibrary.org/obo/OBI_0200064" , "http://purl.obolibrary.org/obo/IAO_0000117" , "Person:Tina Hernandez-Boussard" ,
 "centroid mass spectrum" , "http://purl.obolibrary.org/obo/OBI_0200064" , "http://purl.obolibrary.org/obo/IAO_0000118" , "centroid mass spectrum calculation" ,
 "centroid mass spectrum" , "http://purl.obolibrary.org/obo/OBI_0200064" , "http://purl.obolibrary.org/obo/IAO_0000118" , "centroiding" ,
 "centroid mass spectrum" , "http://purl.obolibrary.org/obo/OBI_0200064" , "http://www.w3.org/2000/01/rdf-schema#subClassOf" , "http://purl.obolibrary.org/obo/OBI_0200085" ,
 "centroid mass spectrum" , "http://purl.obolibrary.org/obo/OBI_0200064" , "http://www.w3.org/2000/01/rdf-schema#subClassOf" , "b134" ,
 "mass spectrometry analysis" , "http://purl.obolibrary.org/obo/OBI_0200085" , "http://www.w3.org/1999/02/22-rdf-syntax-ns#type" , "http://www.w3.org/2002/07/owl#Class" ,
 "mass spectrometry analysis" , "http://purl.obolibrary.org/obo/OBI_0200085" , "http://purl.obolibrary.org/obo/IAO_0000111" , "mass spectrometry analysis" ,
 "mass spectrometry analysis" , "http://purl.obolibrary.org/obo/OBI_0200085" , "http://purl.obolibrary.org/obo/IAO_0000115" , "A data transformation which has the objective of spectrum analysis." ,
 "mass spectrometry analysis" , "http://purl.obolibrary.org/obo/OBI_0200085" , "http://www.w3.org/2000/01/rdf-schema#label" , "mass spectrometry analysis" ,
 "mass spectrometry analysis" , "http://purl.obolibrary.org/obo/OBI_0200085" , "http://purl.obolibrary.org/obo/IAO_0000114" , "http://purl.obolibrary.org/obo/IAO_0000123" ,
 "mass spectrometry analysis" , "http://purl.obolibrary.org/obo/OBI_0200085" , "http://www.w3.org/2000/01/rdf-schema#subClassOf" , "http://purl.obolibrary.org/obo/OBI_0200000" ,
 "mass spectrometry analysis" , "http://purl.obolibrary.org/obo/OBI_0200085" , "http://www.w3.org/2002/07/owl#equivalentClass" , "b135" ,
 "tandem mass spectrometry" , "http://purl.obolibrary.org/obo/OBI_0200198" , "http://www.w3.org/1999/02/22-rdf-syntax-ns#type" , "http://www.w3.org/2002/07/owl#Class" ,
 "tandem mass spectrometry" , "http://purl.obolibrary.org/obo/OBI_0200198" , "http://purl.obolibrary.org/obo/IAO_0000111" , "tandem mass spectrometry" ,
 "tandem mass spectrometry" , "http://purl.obolibrary.org/obo/OBI_0200198" , "http://purl.obolibrary.org/obo/IAO_0000115" , "Tandem mass spectrometry is a data transformation that uses two or more analyzers separated by a region in which ions can be induced to fragment by transfer of energy (frequently by collision with other molecules)." ,
 "tandem mass spectrometry" , "http://purl.obolibrary.org/obo/OBI_0200198" , "http://www.w3.org/2000/01/rdf-schema#label" , "tandem mass spectrometry" ,
 "tandem mass spectrometry" , "http://purl.obolibrary.org/obo/OBI_0200198" , "http://purl.obolibrary.org/obo/IAO_0000119" , "PERSON: Tina Boussard" ,
 "tandem mass spectrometry" , "http://purl.obolibrary.org/obo/OBI_0200198" , "http://purl.obolibrary.org/obo/IAO_0000114" , "http://purl.obolibrary.org/obo/IAO_0000120" ,
 "tandem mass spectrometry" , "http://purl.obolibrary.org/obo/OBI_0200198" , "http://purl.obolibrary.org/obo/IAO_0000117" , "PERSON: James Malone" ,
 "tandem mass spectrometry" , "http://purl.obolibrary.org/obo/OBI_0200198" , "http://purl.obolibrary.org/obo/IAO_0000117" , "PERSON: Tina Boussard" ,
 "tandem mass spectrometry" , "http://purl.obolibrary.org/obo/OBI_0200198" , "http://purl.obolibrary.org/obo/IAO_0000112" , "A precursor ion is selected in the first stage, allowed to fragment and then all resultant masses are scanned in the second mass analyzer and detected in the detector that is positioned after the second mass analyzer. This experiment is commonly performed to identify transitions used for quantification by tandem MS." ,
 "tandem mass spectrometry" , "http://purl.obolibrary.org/obo/OBI_0200198" , "http://www.w3.org/2000/01/rdf-schema#subClassOf" , "http://purl.obolibrary.org/obo/OBI_0200085" ,
 "tandem mass spectrometry" , "http://purl.obolibrary.org/obo/OBI_0200198" , "http://www.w3.org/2000/01/rdf-schema#subClassOf" , "b136" ,
 "gas chromatography mass spectrometry" , "http://purl.obolibrary.org/obo/OBI_0200199" , "http://www.w3.org/1999/02/22-rdf-syntax-ns#type" , "http://www.w3.org/2002/07/owl#Class" ,
 "gas chromatography mass spectrometry" , "http://purl.obolibrary.org/obo/OBI_0200199" , "http://purl.obolibrary.org/obo/IAO_0000111" , "gas chromatography mass spectrometry" ,
 "gas chromatography mass spectrometry" , "http://purl.obolibrary.org/obo/OBI_0200199" , "http://purl.obolibrary.org/obo/IAO_0000115" , "Gas chromatography mass spectrometry is a data transformation combining mass spectrometry and  
gas chromatography for the qualitative as well as quantitative  
determinations of compounds." ,
 "gas chromatography mass spectrometry" , "http://purl.obolibrary.org/obo/OBI_0200199" , "http://www.w3.org/2000/01/rdf-schema#label" , "gas chromatography mass spectrometry" ,
 "gas chromatography mass spectrometry" , "http://purl.obolibrary.org/obo/OBI_0200199" , "http://purl.obolibrary.org/obo/IAO_0000119" , "PERSON: Tina Boussard" ,
 "gas chromatography mass spectrometry" , "http://purl.obolibrary.org/obo/OBI_0200199" , "http://purl.obolibrary.org/obo/IAO_0000114" , "http://purl.obolibrary.org/obo/IAO_0000123" ,
 "gas chromatography mass spectrometry" , "http://purl.obolibrary.org/obo/OBI_0200199" , "http://purl.obolibrary.org/obo/IAO_0000117" , "PERSON: James Malone" ,
 "gas chromatography mass spectrometry" , "http://purl.obolibrary.org/obo/OBI_0200199" , "http://purl.obolibrary.org/obo/IAO_0000117" , "PERSON: Tina Boussard" ,
 "gas chromatography mass spectrometry" , "http://purl.obolibrary.org/obo/OBI_0200199" , "http://www.w3.org/2000/01/rdf-schema#subClassOf" , "http://purl.obolibrary.org/obo/OBI_0200085" ,
 "gas chromatography mass spectrometry" , "http://purl.obolibrary.org/obo/OBI_0200199" , "http://www.w3.org/2000/01/rdf-schema#subClassOf" , "b137" ,
 "longitudinal mass measurement assay" , "http://purl.obolibrary.org/obo/OBI_0600026" , "http://www.w3.org/1999/02/22-rdf-syntax-ns#type" , "http://www.w3.org/2002/07/owl#Class" ,
 "longitudinal mass measurement assay" , "http://purl.obolibrary.org/obo/OBI_0600026" , "http://purl.obolibrary.org/obo/IAO_0000111" , "longitudinal mass measurement assay" ,
 "longitudinal mass measurement assay" , "http://purl.obolibrary.org/obo/OBI_0600026" , "http://purl.obolibrary.org/obo/IAO_0000115" , "A process in which the mass of a material is measured at two or more time points" ,
 "longitudinal mass measurement assay" , "http://purl.obolibrary.org/obo/OBI_0600026" , "http://www.w3.org/2000/01/rdf-schema#label" , "longitudinal mass measurement assay" ,
 "longitudinal mass measurement assay" , "http://purl.obolibrary.org/obo/OBI_0600026" , "http://purl.obolibrary.org/obo/IAO_0000119" , "OBI branch derived" ,
 "longitudinal mass measurement assay" , "http://purl.obolibrary.org/obo/OBI_0600026" , "http://purl.obolibrary.org/obo/IAO_0000114" , "http://purl.obolibrary.org/obo/IAO_0000120" ,
 "longitudinal mass measurement assay" , "http://purl.obolibrary.org/obo/OBI_0600026" , "http://purl.obolibrary.org/obo/IAO_0000117" , "Helen Parkinson" ,
 "longitudinal mass measurement assay" , "http://purl.obolibrary.org/obo/OBI_0600026" , "http://purl.obolibrary.org/obo/IAO_0000112" , "The comparison of the weight of vaccinated and non-vaccinated mice after infection with influenza A over 6 weeks post-infection" ,
 "longitudinal mass measurement assay" , "http://purl.obolibrary.org/obo/OBI_0600026" , "http://www.w3.org/2000/01/rdf-schema#subClassOf" , "http://purl.obolibrary.org/obo/OBI_0000070" ,
 "longitudinal mass measurement assay" , "http://purl.obolibrary.org/obo/OBI_0600026" , "http://www.w3.org/2000/01/rdf-schema#subClassOf" , "b138" ,
 "longitudinal mass measurement assay" , "http://purl.obolibrary.org/obo/OBI_0600026" , "http://www.w3.org/2000/01/rdf-schema#subClassOf" , "b139" ,
 "longitudinal mass measurement assay" , "http://purl.obolibrary.org/obo/OBI_0600026" , "http://www.w3.org/2000/01/rdf-schema#subClassOf" , "b140" ,
 "mass" , "http://purl.obolibrary.org/obo/PATO_0000125" , "http://www.w3.org/1999/02/22-rdf-syntax-ns#type" , "http://www.w3.org/2002/07/owl#Class" ,
 "mass" , "http://purl.obolibrary.org/obo/PATO_0000125" , "http://purl.obolibrary.org/obo/IAO_0000111" , "mass" ,
 "mass" , "http://purl.obolibrary.org/obo/PATO_0000125" , "http://purl.obolibrary.org/obo/IAO_0000115" , "A physical quality that inheres in a bearer by virtue of the proportion of the bearer's amount of matter." ,
 "mass" , "http://purl.obolibrary.org/obo/PATO_0000125" , "http://www.w3.org/2000/01/rdf-schema#label" , "mass" ,
 "mass" , "http://purl.obolibrary.org/obo/PATO_0000125" , "http://purl.obolibrary.org/obo/IAO_0000412" , "http://purl.obolibrary.org/obo/pato.owl" ,
 "mass" , "http://purl.obolibrary.org/obo/PATO_0000125" , "http://www.w3.org/2000/01/rdf-schema#subClassOf" , "http://purl.obolibrary.org/obo/BFO_0000019" ,
 "mass" , "http://purl.obolibrary.org/obo/PATO_0000125" , "http://www.w3.org/2000/01/rdf-schema#subClassOf" , "http://purl.obolibrary.org/obo/PATO_0001018" ,
 "decreased mass" , "http://purl.obolibrary.org/obo/PATO_0001562" , "http://www.w3.org/1999/02/22-rdf-syntax-ns#type" , "http://www.w3.org/2002/07/owl#Class" ,
 "decreased mass" , "http://purl.obolibrary.org/obo/PATO_0001562" , "http://www.w3.org/2000/01/rdf-schema#label" , "decreased mass" ,
 "decreased mass" , "http://purl.obolibrary.org/obo/PATO_0001562" , "http://www.w3.org/2000/01/rdf-schema#subClassOf" , "http://purl.obolibrary.org/obo/PATO_0000125" ,
 "decreased mass" , "http://purl.obolibrary.org/obo/PATO_0001562" , "http://www.w3.org/2000/01/rdf-schema#subClassOf" , "http://purl.obolibrary.org/obo/PATO_0002303" ,
 "increased mass" , "http://purl.obolibrary.org/obo/PATO_0001563" , "http://www.w3.org/1999/02/22-rdf-syntax-ns#type" , "http://www.w3.org/2002/07/owl#Class" ,
 "increased mass" , "http://purl.obolibrary.org/obo/PATO_0001563" , "http://www.w3.org/2000/01/rdf-schema#label" , "increased mass" ,
 "increased mass" , "http://purl.obolibrary.org/obo/PATO_0001563" , "http://www.w3.org/2000/01/rdf-schema#subClassOf" , "http://purl.obolibrary.org/obo/PATO_0000125" ,
 "increased mass" , "http://purl.obolibrary.org/obo/PATO_0001563" , "http://www.w3.org/2000/01/rdf-schema#subClassOf" , "http://purl.obolibrary.org/obo/PATO_0002305" ,
 "inner cell mass" , "http://purl.obolibrary.org/obo/UBERON_0000087" , "http://www.w3.org/1999/02/22-rdf-syntax-ns#type" , "http://www.w3.org/2002/07/owl#Class" ,
 "inner cell mass" , "http://purl.obolibrary.org/obo/UBERON_0000087" , "http://purl.obolibrary.org/obo/IAO_0000115" , "A mass of cells that develop into the body of the embryo and some extraembryonic tissues" ,
 "inner cell mass" , "http://purl.obolibrary.org/obo/UBERON_0000087" , "http://www.w3.org/2000/01/rdf-schema#label" , "inner cell mass" ,
 "inner cell mass" , "http://purl.obolibrary.org/obo/UBERON_0000087" , "http://www.geneontology.org/formats/oboInOwl#hasRelatedSynonym" , "ICM" ,
 "inner cell mass" , "http://purl.obolibrary.org/obo/UBERON_0000087" , "http://www.geneontology.org/formats/oboInOwl#hasRelatedSynonym" , "early embryoblast" ,
 "inner cell mass" , "http://purl.obolibrary.org/obo/UBERON_0000087" , "http://www.geneontology.org/formats/oboInOwl#hasRelatedSynonym" , "embryoblast" ,
 "inner cell mass" , "http://purl.obolibrary.org/obo/UBERON_0000087" , "http://www.geneontology.org/formats/oboInOwl#hasRelatedSynonym" , "embryoblastus; massa cellularis interna; pluriblastus senior" ,
 "inner cell mass" , "http://purl.obolibrary.org/obo/UBERON_0000087" , "http://www.geneontology.org/formats/oboInOwl#hasRelatedSynonym" , "pluriblast" ,
 "inner cell mass" , "http://purl.obolibrary.org/obo/UBERON_0000087" , "http://www.w3.org/2000/01/rdf-schema#subClassOf" , "http://purl.obolibrary.org/obo/UBERON_0002050" ,
 "inner cell mass derived epiblast" , "http://purl.obolibrary.org/obo/UBERON_0008780" , "http://www.w3.org/1999/02/22-rdf-syntax-ns#type" , "http://www.w3.org/2002/07/owl#Class" ,
 "inner cell mass derived epiblast" , "http://purl.obolibrary.org/obo/UBERON_0008780" , "http://purl.obolibrary.org/obo/IAO_0000115" , "An embryonic structure that is derived from the inner cell mass and lies above the hypoblast and gives rise to the three primary germ layers" ,
 "inner cell mass derived epiblast" , "http://purl.obolibrary.org/obo/UBERON_0008780" , "http://www.w3.org/2000/01/rdf-schema#label" , "inner cell mass derived epiblast" ,
 "inner cell mass derived epiblast" , "http://purl.obolibrary.org/obo/UBERON_0008780" , "http://www.geneontology.org/formats/oboInOwl#hasRelatedSynonym" , "embryonic epiblast" ,
 "inner cell mass derived epiblast" , "http://purl.obolibrary.org/obo/UBERON_0008780" , "http://www.w3.org/2000/01/rdf-schema#subClassOf" , "http://purl.obolibrary.org/obo/UBERON_0002532" ,
 "extrinsic tongue pre-muscle mass" , "http://purl.obolibrary.org/obo/UBERON_0011332" , "http://www.w3.org/1999/02/22-rdf-syntax-ns#type" , "http://www.w3.org/2002/07/owl#Class" ,
 "extrinsic tongue pre-muscle mass" , "http://purl.obolibrary.org/obo/UBERON_0011332" , "http://www.w3.org/2000/01/rdf-schema#label" , "extrinsic tongue pre-muscle mass" ,
 "extrinsic tongue pre-muscle mass" , "http://purl.obolibrary.org/obo/UBERON_0011332" , "http://www.w3.org/2000/01/rdf-schema#subClassOf" , "http://purl.obolibrary.org/obo/UBERON_0005865" ,
 "mass unit" , "http://purl.obolibrary.org/obo/UO_0000002" , "http://www.w3.org/1999/02/22-rdf-syntax-ns#type" , "http://www.w3.org/2002/07/owl#Class" ,
 "mass unit" , "http://purl.obolibrary.org/obo/UO_0000002" , "http://purl.obolibrary.org/obo/IAO_0000111" , "mass unit" ,
 "mass unit" , "http://purl.obolibrary.org/obo/UO_0000002" , "http://purl.obolibrary.org/obo/IAO_0000115" , "A unit which is a standard measure of the amount of matter/energy of a physical object." ,
 "mass unit" , "http://purl.obolibrary.org/obo/UO_0000002" , "http://www.w3.org/2000/01/rdf-schema#label" , "mass unit" ,
 "mass unit" , "http://purl.obolibrary.org/obo/UO_0000002" , "http://purl.obolibrary.org/obo/IAO_0000412" , "http://purl.obolibrary.org/obo/uo.owl" ,
 "mass unit" , "http://purl.obolibrary.org/obo/UO_0000002" , "http://www.w3.org/2000/01/rdf-schema#subClassOf" , "http://purl.obolibrary.org/obo/IAO_0000003" ,
 "mass percentage" , "http://purl.obolibrary.org/obo/UO_0000163" , "http://www.w3.org/1999/02/22-rdf-syntax-ns#type" , "http://purl.obolibrary.org/obo/UO_0000051" ,
 "mass percentage" , "http://purl.obolibrary.org/obo/UO_0000163" , "http://www.w3.org/1999/02/22-rdf-syntax-ns#type" , "http://www.w3.org/2002/07/owl#NamedIndividual" ,
 "mass percentage" , "http://purl.obolibrary.org/obo/UO_0000163" , "http://purl.obolibrary.org/obo/IAO_0000111" , "mass percentage" ,
 "mass percentage" , "http://purl.obolibrary.org/obo/UO_0000163" , "http://purl.obolibrary.org/obo/IAO_0000115" , "A dimensionless concentration unit which denotes the mass of a substance in a mixture as a percentage of the mass of the entire mixture." ,
 "mass percentage" , "http://purl.obolibrary.org/obo/UO_0000163" , "http://www.w3.org/2000/01/rdf-schema#label" , "mass percentage" ,
 "mass percentage" , "http://purl.obolibrary.org/obo/UO_0000163" , "http://purl.obolibrary.org/obo/IAO_0000118" , "% w/w" ,
 "mass percentage" , "http://purl.obolibrary.org/obo/UO_0000163" , "http://purl.obolibrary.org/obo/IAO_0000118" , "percent weight pr weight" ,
 "mass percentage" , "http://purl.obolibrary.org/obo/UO_0000163" , "http://purl.obolibrary.org/obo/IAO_0000412" , "http://purl.obolibrary.org/obo/uo.owl" ,
 "mass volume percentage" , "http://purl.obolibrary.org/obo/UO_0000164" , "http://www.w3.org/1999/02/22-rdf-syntax-ns#type" , "http://purl.obolibrary.org/obo/UO_0000051" ,
 "mass volume percentage" , "http://purl.obolibrary.org/obo/UO_0000164" , "http://www.w3.org/1999/02/22-rdf-syntax-ns#type" , "http://www.w3.org/2002/07/owl#NamedIndividual" ,
 "mass volume percentage" , "http://purl.obolibrary.org/obo/UO_0000164" , "http://purl.obolibrary.org/obo/IAO_0000111" , "mass volume percentage" ,
 "mass volume percentage" , "http://purl.obolibrary.org/obo/UO_0000164" , "http://purl.obolibrary.org/obo/IAO_0000115" , "A dimensionless concentration unit which denotes the mass of the substance in a mixture as a percentage of the volume of the entire mixture." ,
 "mass volume percentage" , "http://purl.obolibrary.org/obo/UO_0000164" , "http://www.w3.org/2000/01/rdf-schema#label" , "mass volume percentage" ,
 "mass volume percentage" , "http://purl.obolibrary.org/obo/UO_0000164" , "http://purl.obolibrary.org/obo/IAO_0000118" , "% w/v" ,
 "mass volume percentage" , "http://purl.obolibrary.org/obo/UO_0000164" , "http://purl.obolibrary.org/obo/IAO_0000118" , "percent vol per vol" ,
 "mass volume percentage" , "http://purl.obolibrary.org/obo/UO_0000164" , "http://purl.obolibrary.org/obo/IAO_0000412" , "http://purl.obolibrary.org/obo/uo.owl" ,
 "multispectral imaging flow cytometer" , "http://purl.obolibrary.org/obo/OBI_0400146" , "http://www.w3.org/1999/02/22-rdf-syntax-ns#type" , "http://www.w3.org/2002/07/owl#Class" ,
 "multispectral imaging flow cytometer" , "http://purl.obolibrary.org/obo/OBI_0400146" , "http://purl.obolibrary.org/obo/IAO_0000111" , "multispectral imaging flow cytometer" ,
 "multispectral imaging flow cytometer" , "http://purl.obolibrary.org/obo/OBI_0400146" , "http://purl.obolibrary.org/obo/IAO_0000115" , "A multispectral_imaging_flow_cytometer is an instrument which combines quantitative image analysis and flow cytometry in a single platform. It measures the amount, location and movement of molecules on, in, or between cells, and  the location and co-localization of multiple markers on or in cells. It can also quantitate morphologically distinct cell subpopulations." ,
 "multispectral imaging flow cytometer" , "http://purl.obolibrary.org/obo/OBI_0400146" , "http://www.w3.org/2000/01/rdf-schema#label" , "multispectral imaging flow cytometer" ,
 "multispectral imaging flow cytometer" , "http://purl.obolibrary.org/obo/OBI_0400146" , "http://purl.obolibrary.org/obo/IAO_0000119" , "http://www.amnis.com/" ,
 "multispectral imaging flow cytometer" , "http://purl.obolibrary.org/obo/OBI_0400146" , "http://purl.obolibrary.org/obo/IAO_0000114" , "http://purl.obolibrary.org/obo/IAO_0000122" ,
 "multispectral imaging flow cytometer" , "http://purl.obolibrary.org/obo/OBI_0400146" , "http://purl.obolibrary.org/obo/IAO_0000117" , "Melanie Courtot" ,
 "multispectral imaging flow cytometer" , "http://purl.obolibrary.org/obo/OBI_0400146" , "http://purl.obolibrary.org/obo/IAO_0000118" , "MIFC" ,
 "multispectral imaging flow cytometer" , "http://purl.obolibrary.org/obo/OBI_0400146" , "http://www.w3.org/2000/01/rdf-schema#subClassOf" , "http://purl.obolibrary.org/obo/OBI_0000398" ,
 "multispectral imaging flow cytometer" , "http://purl.obolibrary.org/obo/OBI_0400146" , "http://www.w3.org/2000/01/rdf-schema#subClassOf" , "b141" ,
 "multispectral imaging flow cytometer" , "http://purl.obolibrary.org/obo/OBI_0400146" , "http://www.w3.org/2000/01/rdf-schema#subClassOf" , "b142" ,
 "multispectral imaging flow cytometer" , "http://purl.obolibrary.org/obo/OBI_0400146" , "http://www.w3.org/2000/01/rdf-schema#subClassOf" , "b143" ,
 "lipid" , "http://purl.obolibrary.org/obo/CHEBI_18059" , "http://www.w3.org/1999/02/22-rdf-syntax-ns#type" , "http://www.w3.org/2002/07/owl#Class" ,
 "lipid" , "http://purl.obolibrary.org/obo/CHEBI_18059" , "http://www.w3.org/2000/01/rdf-schema#label" , "lipid" ,
 "lipid" , "http://purl.obolibrary.org/obo/CHEBI_18059" , "http://www.w3.org/2000/01/rdf-schema#subClassOf" , "http://purl.obolibrary.org/obo/CHEBI_50860" ,
 "obsolete plant lipid food product" , "http://purl.obolibrary.org/obo/ENVO_0010086" , "http://www.w3.org/1999/02/22-rdf-syntax-ns#type" , "http://www.w3.org/2002/07/owl#Class" ,
 "obsolete plant lipid food product" , "http://purl.obolibrary.org/obo/ENVO_0010086" , "http://www.w3.org/2000/01/rdf-schema#label" , "obsolete plant lipid food product" ,
 "obsolete plant lipid food product" , "http://purl.obolibrary.org/obo/ENVO_0010086" , "http://purl.obolibrary.org/obo/IAO_0100001" , "http://purl.obolibrary.org/obo/FOODON_00001174" ,
 "obsolete plant lipid food product" , "http://purl.obolibrary.org/obo/ENVO_0010086" , "http://www.geneontology.org/formats/oboInOwl#hasOBONamespace" , "ENVO" ,
 "obsolete plant lipid food product" , "http://purl.obolibrary.org/obo/ENVO_0010086" , "http://www.geneontology.org/formats/oboInOwl#id" , "ENVO:0010086" ,
 "obsolete plant lipid food product" , "http://purl.obolibrary.org/obo/ENVO_0010086" , "http://www.w3.org/2002/07/owl#deprecated" , "true" ,
 "obsolete animal lipid food product" , "http://purl.obolibrary.org/obo/ENVO_0010156" , "http://www.w3.org/1999/02/22-rdf-syntax-ns#type" , "http://www.w3.org/2002/07/owl#Class" ,
 "obsolete animal lipid food product" , "http://purl.obolibrary.org/obo/ENVO_0010156" , "http://www.w3.org/2000/01/rdf-schema#label" , "obsolete animal lipid food product" ,
 "obsolete animal lipid food product" , "http://purl.obolibrary.org/obo/ENVO_0010156" , "http://purl.obolibrary.org/obo/IAO_0100001" , "http://purl.obolibrary.org/obo/FOODON_00001243" ,
 "obsolete animal lipid food product" , "http://purl.obolibrary.org/obo/ENVO_0010156" , "http://www.geneontology.org/formats/oboInOwl#hasOBONamespace" , "ENVO" ,
 "obsolete animal lipid food product" , "http://purl.obolibrary.org/obo/ENVO_0010156" , "http://www.geneontology.org/formats/oboInOwl#id" , "ENVO:0010156" ,
 "obsolete animal lipid food product" , "http://purl.obolibrary.org/obo/ENVO_0010156" , "http://www.w3.org/2002/07/owl#deprecated" , "true" ,
 "noble gas molecular entity" , "http://purl.obolibrary.org/obo/CHEBI_33583" , "http://www.w3.org/1999/02/22-rdf-syntax-ns#type" , "http://www.w3.org/2002/07/owl#Class" ,
 "noble gas molecular entity" , "http://purl.obolibrary.org/obo/CHEBI_33583" , "http://www.w3.org/2000/01/rdf-schema#label" , "noble gas molecular entity" ,
 "noble gas molecular entity" , "http://purl.obolibrary.org/obo/CHEBI_33583" , "http://www.w3.org/2000/01/rdf-schema#subClassOf" , "http://purl.obolibrary.org/obo/CHEBI_33579" ,
 "greenhouse gas" , "http://purl.obolibrary.org/obo/CHEBI_76413" , "http://www.w3.org/1999/02/22-rdf-syntax-ns#type" , "http://www.w3.org/2002/07/owl#Class" ,
 "greenhouse gas" , "http://purl.obolibrary.org/obo/CHEBI_76413" , "http://www.w3.org/2000/01/rdf-schema#label" , "greenhouse gas" ,
 "greenhouse gas" , "http://purl.obolibrary.org/obo/CHEBI_76413" , "http://www.w3.org/2000/01/rdf-schema#subClassOf" , "http://purl.obolibrary.org/obo/CHEBI_51086" ,
 "food packaging gas" , "http://purl.obolibrary.org/obo/CHEBI_77974" , "http://www.w3.org/1999/02/22-rdf-syntax-ns#type" , "http://www.w3.org/2002/07/owl#Class" ,
 "food packaging gas" , "http://purl.obolibrary.org/obo/CHEBI_77974" , "http://www.w3.org/2000/01/rdf-schema#label" , "food packaging gas" ,
 "food packaging gas" , "http://purl.obolibrary.org/obo/CHEBI_77974" , "http://www.w3.org/2000/01/rdf-schema#subClassOf" , "http://purl.obolibrary.org/obo/CHEBI_64047" ,
 "bagasse" , "http://purl.obolibrary.org/obo/ENVO_00002872" , "http://www.w3.org/1999/02/22-rdf-syntax-ns#type" , "http://www.w3.org/2002/07/owl#Class" ,
 "bagasse" , "http://purl.obolibrary.org/obo/ENVO_00002872" , "http://purl.obolibrary.org/obo/IAO_0000115" , "The biomass remaining after sugarcane stalks are crushed to extract their juice." ,
 "bagasse" , "http://purl.obolibrary.org/obo/ENVO_00002872" , "http://www.w3.org/2000/01/rdf-schema#label" , "bagasse" ,
 "bagasse" , "http://purl.obolibrary.org/obo/ENVO_00002872" , "http://www.geneontology.org/formats/oboInOwl#hasExactSynonym" , "sugarcane bagasse" ,
 "bagasse" , "http://purl.obolibrary.org/obo/ENVO_00002872" , "http://www.geneontology.org/formats/oboInOwl#hasOBONamespace" , "ENVO" ,
 "bagasse" , "http://purl.obolibrary.org/obo/ENVO_00002872" , "http://www.geneontology.org/formats/oboInOwl#id" , "ENVO:00002872" ,
 "bagasse" , "http://purl.obolibrary.org/obo/ENVO_00002872" , "http://www.geneontology.org/formats/oboInOwl#hasDbXref" , "https://en.wikipedia.org/wiki/Bagasse" ,
 "bagasse" , "http://purl.obolibrary.org/obo/ENVO_00002872" , "http://www.w3.org/2000/01/rdf-schema#subClassOf" , "http://purl.obolibrary.org/obo/ENVO_00002264" ,
 "bagasse" , "http://purl.obolibrary.org/obo/ENVO_00002872" , "http://www.w3.org/2000/01/rdf-schema#subClassOf" , "b144" ,
 "natural gas" , "http://purl.obolibrary.org/obo/ENVO_01000552" , "http://www.w3.org/1999/02/22-rdf-syntax-ns#type" , "http://www.w3.org/2002/07/owl#Class" ,
 "natural gas" , "http://purl.obolibrary.org/obo/ENVO_01000552" , "http://purl.obolibrary.org/obo/IAO_0000115" , "Natural gas is a hydrocarbon gas mixture consisting primarily of methane, but commonly includes varying amounts of other higher alkanes and sometimes a usually lesser percentage of carbon dioxide, nitrogen, and/or hydrogen sulfide. Natural gas is a fossil fuel formed when layers of buried plants and gases are exposed to intense heat and pressure over thousands of years." ,
 "natural gas" , "http://purl.obolibrary.org/obo/ENVO_01000552" , "http://www.w3.org/2000/01/rdf-schema#label" , "natural gas" ,
 "natural gas" , "http://purl.obolibrary.org/obo/ENVO_01000552" , "http://www.w3.org/2000/01/rdf-schema#subClassOf" , "http://purl.obolibrary.org/obo/ENVO_01000554" ,
 "natural gas" , "http://purl.obolibrary.org/obo/ENVO_01000552" , "http://www.w3.org/2000/01/rdf-schema#subClassOf" , "b145" ,
 "liquefied petroleum gas" , "http://purl.obolibrary.org/obo/ENVO_01000553" , "http://www.w3.org/1999/02/22-rdf-syntax-ns#type" , "http://www.w3.org/2002/07/owl#Class" ,
 "liquefied petroleum gas" , "http://purl.obolibrary.org/obo/ENVO_01000553" , "http://purl.obolibrary.org/obo/IAO_0000115" , "Liquified petroleum gas or liquid petroleum gas (LPG or LP gas), also referred to as simply propane or butane, are flammable mixtures of hydrocarbon gases used as fuel in heating appliances, cooking equipment, and vehicles." ,
 "liquefied petroleum gas" , "http://purl.obolibrary.org/obo/ENVO_01000553" , "http://www.w3.org/2000/01/rdf-schema#label" , "liquefied petroleum gas" ,
 "liquefied petroleum gas" , "http://purl.obolibrary.org/obo/ENVO_01000553" , "http://www.geneontology.org/formats/oboInOwl#hasExactSynonym" , "LP gas" ,
 "liquefied petroleum gas" , "http://purl.obolibrary.org/obo/ENVO_01000553" , "http://www.geneontology.org/formats/oboInOwl#hasExactSynonym" , "LPG" ,
 "liquefied petroleum gas" , "http://purl.obolibrary.org/obo/ENVO_01000553" , "http://www.geneontology.org/formats/oboInOwl#hasExactSynonym" , "liquid petroleum gas" ,
 "liquefied petroleum gas" , "http://purl.obolibrary.org/obo/ENVO_01000553" , "http://www.geneontology.org/formats/oboInOwl#hasExactSynonym" , "liquified natural gas" ,
 "liquefied petroleum gas" , "http://purl.obolibrary.org/obo/ENVO_01000553" , "http://www.w3.org/2000/01/rdf-schema#subClassOf" , "http://purl.obolibrary.org/obo/ENVO_01000558" ,
 "hydrocarbon gas" , "http://purl.obolibrary.org/obo/ENVO_01000554" , "http://www.w3.org/1999/02/22-rdf-syntax-ns#type" , "http://www.w3.org/2002/07/owl#Class" ,
 "hydrocarbon gas" , "http://purl.obolibrary.org/obo/ENVO_01000554" , "http://purl.obolibrary.org/obo/IAO_0000115" , "A gas that is primarily composed of hydrocarbon molecules." ,
 "hydrocarbon gas" , "http://purl.obolibrary.org/obo/ENVO_01000554" , "http://www.w3.org/2000/01/rdf-schema#label" , "hydrocarbon gas" ,
 "hydrocarbon gas" , "http://purl.obolibrary.org/obo/ENVO_01000554" , "http://www.w3.org/2000/01/rdf-schema#subClassOf" , "http://purl.obolibrary.org/obo/ENVO_01000797" ,
 "hydrocarbon gas" , "http://purl.obolibrary.org/obo/ENVO_01000554" , "http://www.w3.org/2000/01/rdf-schema#subClassOf" , "b146" ,
 "hydrocarbon gas" , "http://purl.obolibrary.org/obo/ENVO_01000554" , "http://www.w3.org/2000/01/rdf-schema#subClassOf" , "b147" ,
 "compressed natural gas" , "http://purl.obolibrary.org/obo/ENVO_01000555" , "http://www.w3.org/1999/02/22-rdf-syntax-ns#type" , "http://www.w3.org/2002/07/owl#Class" ,
 "compressed natural gas" , "http://purl.obolibrary.org/obo/ENVO_01000555" , "http://purl.obolibrary.org/obo/IAO_0000115" , "Compressed natural gas is a natural gas stored at high pressures, typically 20–25 Megapascals." ,
 "compressed natural gas" , "http://purl.obolibrary.org/obo/ENVO_01000555" , "http://www.w3.org/2000/01/rdf-schema#label" , "compressed natural gas" ,
 "compressed natural gas" , "http://purl.obolibrary.org/obo/ENVO_01000555" , "http://www.w3.org/2000/01/rdf-schema#subClassOf" , "http://purl.obolibrary.org/obo/ENVO_01000552" ,
 "compressed natural gas" , "http://purl.obolibrary.org/obo/ENVO_01000555" , "http://www.w3.org/2000/01/rdf-schema#subClassOf" , "b148" ,
 "biogas" , "http://purl.obolibrary.org/obo/ENVO_01000556" , "http://www.w3.org/1999/02/22-rdf-syntax-ns#type" , "http://www.w3.org/2002/07/owl#Class" ,
 "biogas" , "http://purl.obolibrary.org/obo/ENVO_01000556" , "http://www.w3.org/2000/01/rdf-schema#comment" , "This is distinct from natural gas which is a fossil fuel product." ,
 "biogas" , "http://purl.obolibrary.org/obo/ENVO_01000556" , "http://purl.obolibrary.org/obo/IAO_0000115" , "Biogas is a mixture of different gases produced by the breakdown of organic matter in the absence of oxygen,  is primarily composed of methane and carbon dioxide, and may have small amounts of hydrogen sulfide, water, and siloxanes." ,
 "biogas" , "http://purl.obolibrary.org/obo/ENVO_01000556" , "http://www.w3.org/2000/01/rdf-schema#label" , "biogas" ,
 "biogas" , "http://purl.obolibrary.org/obo/ENVO_01000556" , "http://www.w3.org/2000/01/rdf-schema#subClassOf" , "http://purl.obolibrary.org/obo/ENVO_01000554" ,
 "biogas" , "http://purl.obolibrary.org/obo/ENVO_01000556" , "http://www.w3.org/2000/01/rdf-schema#subClassOf" , "b149" ,
 "liquefied natural gas" , "http://purl.obolibrary.org/obo/ENVO_01000557" , "http://www.w3.org/1999/02/22-rdf-syntax-ns#type" , "http://www.w3.org/2002/07/owl#Class" ,
 "liquefied natural gas" , "http://purl.obolibrary.org/obo/ENVO_01000557" , "http://purl.obolibrary.org/obo/IAO_0000115" , "Liquefied natural gas (LNG) is natural gas (predominantly methane, CH4) that has been converted to liquid form for ease of storage or transport. It takes up about 1/600th the volume of natural gas in the gaseous state. It is odorless, colorless, non-toxic and non-corrosive. LNG achieves a higher reduction in volume than compressed natural gas (CNG) so that the (volumetric) energy density of LNG is 2.4 times greater than that of CNG or 60 percent of that of diesel fuel." ,
 "liquefied natural gas" , "http://purl.obolibrary.org/obo/ENVO_01000557" , "http://www.w3.org/2000/01/rdf-schema#label" , "liquefied natural gas" ,
 "liquefied natural gas" , "http://purl.obolibrary.org/obo/ENVO_01000557" , "http://www.geneontology.org/formats/oboInOwl#hasExactSynonym" , "liquified natural gas" ,
 "liquefied natural gas" , "http://purl.obolibrary.org/obo/ENVO_01000557" , "http://www.geneontology.org/formats/oboInOwl#hasExactSynonym" , "LNG" ,
 "liquefied natural gas" , "http://purl.obolibrary.org/obo/ENVO_01000557" , "http://www.w3.org/2000/01/rdf-schema#subClassOf" , "http://purl.obolibrary.org/obo/ENVO_01000558" ,
 "liquefied hydrocarbon gas" , "http://purl.obolibrary.org/obo/ENVO_01000558" , "http://www.w3.org/1999/02/22-rdf-syntax-ns#type" , "http://www.w3.org/2002/07/owl#Class" ,
 "liquefied hydrocarbon gas" , "http://purl.obolibrary.org/obo/ENVO_01000558" , "http://www.w3.org/2000/01/rdf-schema#label" , "liquefied hydrocarbon gas" ,
 "liquefied hydrocarbon gas" , "http://purl.obolibrary.org/obo/ENVO_01000558" , "http://www.w3.org/2000/01/rdf-schema#subClassOf" , "http://purl.obolibrary.org/obo/ENVO_01000815" ,
 "liquefied hydrocarbon gas" , "http://purl.obolibrary.org/obo/ENVO_01000558" , "http://www.w3.org/2000/01/rdf-schema#subClassOf" , "b150" ,
 "liquefied hydrocarbon gas" , "http://purl.obolibrary.org/obo/ENVO_01000558" , "http://www.w3.org/2000/01/rdf-schema#subClassOf" , "b151" ,
 "liquefied hydrocarbon gas" , "http://purl.obolibrary.org/obo/ENVO_01000558" , "http://www.w3.org/2000/01/rdf-schema#subClassOf" , "b152" ,
 "liquefied hydrocarbon gas" , "http://purl.obolibrary.org/obo/ENVO_01000558" , "http://www.w3.org/2000/01/rdf-schema#subClassOf" , "b153" ,
 "compressed biogas" , "http://purl.obolibrary.org/obo/ENVO_01000559" , "http://www.w3.org/1999/02/22-rdf-syntax-ns#type" , "http://www.w3.org/2002/07/owl#Class" ,
 "compressed biogas" , "http://purl.obolibrary.org/obo/ENVO_01000559" , "http://www.w3.org/2000/01/rdf-schema#comment" , "This is distinct from compressed natural gas, which refers to the compressed form of a fossil fuel." ,
 "compressed biogas" , "http://purl.obolibrary.org/obo/ENVO_01000559" , "http://purl.obolibrary.org/obo/IAO_0000115" , "Compressed biogas is biogas stored at increased pressures." ,
 "compressed biogas" , "http://purl.obolibrary.org/obo/ENVO_01000559" , "http://www.w3.org/2000/01/rdf-schema#label" , "compressed biogas" ,
 "compressed biogas" , "http://purl.obolibrary.org/obo/ENVO_01000559" , "http://www.w3.org/2000/01/rdf-schema#subClassOf" , "http://purl.obolibrary.org/obo/ENVO_01000556" ,
 "compressed biogas" , "http://purl.obolibrary.org/obo/ENVO_01000559" , "http://www.w3.org/2000/01/rdf-schema#subClassOf" , "b154" ,
 "carbon-bearing gas emission process" , "http://purl.obolibrary.org/obo/ENVO_01000742" , "http://www.w3.org/1999/02/22-rdf-syntax-ns#type" , "http://www.w3.org/2002/07/owl#Class" ,
 "carbon-bearing gas emission process" , "http://purl.obolibrary.org/obo/ENVO_01000742" , "http://www.w3.org/2000/01/rdf-schema#comment" , "Requested for SDGIO. Likely to be revised." ,
 "carbon-bearing gas emission process" , "http://purl.obolibrary.org/obo/ENVO_01000742" , "http://purl.obolibrary.org/obo/IAO_0000115" , "A carbon emission process is any environmental process which outputs a carbon-bearing gas." ,
 "carbon-bearing gas emission process" , "http://purl.obolibrary.org/obo/ENVO_01000742" , "http://www.w3.org/2000/01/rdf-schema#label" , "carbon-bearing gas emission process" ,
 "carbon-bearing gas emission process" , "http://purl.obolibrary.org/obo/ENVO_01000742" , "http://www.geneontology.org/formats/oboInOwl#hasBroadSynonym" , "carbon emission process" ,
 "carbon-bearing gas emission process" , "http://purl.obolibrary.org/obo/ENVO_01000742" , "http://www.w3.org/2000/01/rdf-schema#subClassOf" , "http://purl.obolibrary.org/obo/ENVO_02500000" ,
 "carbon-bearing gas emission process" , "http://purl.obolibrary.org/obo/ENVO_01000742" , "http://www.w3.org/2000/01/rdf-schema#subClassOf" , "b155" ,
 "mass gaseous flow" , "http://purl.obolibrary.org/obo/ENVO_01000792" , "http://www.w3.org/1999/02/22-rdf-syntax-ns#type" , "http://www.w3.org/2002/07/owl#Class" ,
 "mass gaseous flow" , "http://purl.obolibrary.org/obo/ENVO_01000792" , "http://www.w3.org/2000/01/rdf-schema#comment" , "This class refers to all forms of "wind": from the familiar movement of air in the Earth's atmosphere to the solar wind. Use a subclass to be more precise." ,
 "mass gaseous flow" , "http://purl.obolibrary.org/obo/ENVO_01000792" , "http://purl.obolibrary.org/obo/IAO_0000115" , "A process whereby a large volume of gas moves due to a disequilibrium of physical forces." ,
 "mass gaseous flow" , "http://purl.obolibrary.org/obo/ENVO_01000792" , "http://www.w3.org/2000/01/rdf-schema#label" , "mass gaseous flow" ,
 "mass gaseous flow" , "http://purl.obolibrary.org/obo/ENVO_01000792" , "http://www.geneontology.org/formats/oboInOwl#hasRelatedSynonym" , "wind" ,
 "mass gaseous flow" , "http://purl.obolibrary.org/obo/ENVO_01000792" , "http://www.w3.org/2000/01/rdf-schema#subClassOf" , "http://purl.obolibrary.org/obo/ENVO_02500000" ,
 "mass gaseous flow" , "http://purl.obolibrary.org/obo/ENVO_01000792" , "http://www.w3.org/2000/01/rdf-schema#subClassOf" , "b102" ,
 "gaseous environmental material" , "http://purl.obolibrary.org/obo/ENVO_01000797" , "http://www.w3.org/1999/02/22-rdf-syntax-ns#type" , "http://www.w3.org/2002/07/owl#Class" ,
 "gaseous environmental material" , "http://purl.obolibrary.org/obo/ENVO_01000797" , "http://purl.obolibrary.org/obo/IAO_0000115" , "A material entity which is composed of one or more chemical entities and has neither independent shape nor volume but tends to expand indefinitely." ,
 "gaseous environmental material" , "http://purl.obolibrary.org/obo/ENVO_01000797" , "http://www.w3.org/2000/01/rdf-schema#label" , "gaseous environmental material" ,
 "gaseous environmental material" , "http://purl.obolibrary.org/obo/ENVO_01000797" , "http://purl.obolibrary.org/obo/IAO_0000116" , "This class is to be populated by inference." ,
 "gaseous environmental material" , "http://purl.obolibrary.org/obo/ENVO_01000797" , "http://www.geneontology.org/formats/oboInOwl#hasNarrowSynonym" , "gas" ,
 "gaseous environmental material" , "http://purl.obolibrary.org/obo/ENVO_01000797" , "http://www.w3.org/2000/01/rdf-schema#subClassOf" , "http://purl.obolibrary.org/obo/ENVO_00010483" ,
 "gaseous environmental material" , "http://purl.obolibrary.org/obo/ENVO_01000797" , "http://www.w3.org/2000/01/rdf-schema#subClassOf" , "b156" ,
 "gaseous environmental material" , "http://purl.obolibrary.org/obo/ENVO_01000797" , "http://www.w3.org/2002/07/owl#equivalentClass" , "b157" ,
 "Drosophila melanogaster" , "http://purl.obolibrary.org/obo/NCBITaxon_7227" , "http://www.w3.org/1999/02/22-rdf-syntax-ns#type" , "http://www.w3.org/2002/07/owl#Class" ,
 "Drosophila melanogaster" , "http://purl.obolibrary.org/obo/NCBITaxon_7227" , "http://purl.obolibrary.org/obo/IAO_0000111" , "Drosophila melanogaster" ,
 "Drosophila melanogaster" , "http://purl.obolibrary.org/obo/NCBITaxon_7227" , "http://www.w3.org/2000/01/rdf-schema#label" , "Drosophila melanogaster" ,
 "Drosophila melanogaster" , "http://purl.obolibrary.org/obo/NCBITaxon_7227" , "http://purl.obolibrary.org/obo/IAO_0000118" , "fruit fly" ,
 "Drosophila melanogaster" , "http://purl.obolibrary.org/obo/NCBITaxon_7227" , "http://purl.obolibrary.org/obo/IAO_0000412" , "http://purl.obolibrary.org/obo/ncbitaxon.owl" ,
 "Drosophila melanogaster" , "http://purl.obolibrary.org/obo/NCBITaxon_7227" , "http://www.w3.org/2000/01/rdf-schema#subClassOf" , "http://purl.obolibrary.org/obo/NCBITaxon_197562" ,
 "gas filter function" , "http://purl.obolibrary.org/obo/OBI_0000380" , "http://www.w3.org/1999/02/22-rdf-syntax-ns#type" , "http://www.w3.org/2002/07/owl#Class" ,
 "gas filter function" , "http://purl.obolibrary.org/obo/OBI_0000380" , "http://purl.obolibrary.org/obo/IAO_0000111" , "gas filter function" ,
 "gas filter function" , "http://purl.obolibrary.org/obo/OBI_0000380" , "http://purl.obolibrary.org/obo/IAO_0000115" , "A gas filter function is a filter function which prevents the flow of solid objects, defined by specific qualities, in a gas-solid mixture" ,
 "gas filter function" , "http://purl.obolibrary.org/obo/OBI_0000380" , "http://www.w3.org/2000/01/rdf-schema#label" , "gas filter function" ,
 "gas filter function" , "http://purl.obolibrary.org/obo/OBI_0000380" , "http://purl.obolibrary.org/obo/IAO_0000114" , "http://purl.obolibrary.org/obo/IAO_0000122" ,
 "gas filter function" , "http://purl.obolibrary.org/obo/OBI_0000380" , "http://purl.obolibrary.org/obo/IAO_0000117" , "Frank Gibson" ,
 "gas filter function" , "http://purl.obolibrary.org/obo/OBI_0000380" , "http://www.w3.org/2000/01/rdf-schema#subClassOf" , "http://purl.obolibrary.org/obo/OBI_0000378" ,
 "vacuum degasser" , "http://purl.obolibrary.org/obo/OBI_0000495" , "http://www.w3.org/1999/02/22-rdf-syntax-ns#type" , "http://www.w3.org/2002/07/owl#Class" ,
 "vacuum degasser" , "http://purl.obolibrary.org/obo/OBI_0000495" , "http://purl.obolibrary.org/obo/IAO_0000111" , "vacuum degasser" ,
 "vacuum degasser" , "http://purl.obolibrary.org/obo/OBI_0000495" , "http://purl.obolibrary.org/obo/IAO_0000115" , "A degassing system used for degassing solvents in liquid chromatography. Dissolved gasses, usually nitrogen and oxygen from the air, tend to be evolved in the mobile phase as the pressure is reduced when the mobile phase leaves the liquid chromatography column and enters the detector. Gasses in the mobile phase in the detector can produce completely unacceptable noise and, thus, must be removed. The dissolved gasses were originally removed under vacuum but, unfortunately, are soon replaced if the solvent is left in contact with air at atmospheric pressure. For this reason degassing is now usually carried out by bubbling helium through the mobile phase reservoirs. Secondly, vacuum is used in the thermionic detector. This consists of a device, very similar in design to the thermionic valve which is attached to a vacuum and a small quantity of the eluent from a gas chromatography column allowed to bleed through it. Helium is used as the carrier gas. The presence of solute vapor causes the thermionic current to fall. This type of detector tends to become contaminated rather readily." ,
 "vacuum degasser" , "http://purl.obolibrary.org/obo/OBI_0000495" , "http://www.w3.org/2000/01/rdf-schema#label" , "vacuum degasser" ,
 "vacuum degasser" , "http://purl.obolibrary.org/obo/OBI_0000495" , "http://purl.obolibrary.org/obo/IAO_0000119" , "WEB:<http://www.chromatography-online.org/topics/vacuum.html>" ,
 "vacuum degasser" , "http://purl.obolibrary.org/obo/OBI_0000495" , "http://purl.obolibrary.org/obo/IAO_0000119" , "http://msi-ontology.sourceforge.net/ontology/CHROM.owl#msi_01053" ,
 "vacuum degasser" , "http://purl.obolibrary.org/obo/OBI_0000495" , "http://purl.obolibrary.org/obo/IAO_0000114" , "http://purl.obolibrary.org/obo/IAO_0000120" ,
 "vacuum degasser" , "http://purl.obolibrary.org/obo/OBI_0000495" , "http://purl.obolibrary.org/obo/IAO_0000117" , "PERSON:Daniel Schober" ,
 "vacuum degasser" , "http://purl.obolibrary.org/obo/OBI_0000495" , "http://www.w3.org/2000/01/rdf-schema#subClassOf" , "http://purl.obolibrary.org/obo/OBI_0000589" ,
 "gas generator" , "http://purl.obolibrary.org/obo/OBI_0000507" , "http://www.w3.org/1999/02/22-rdf-syntax-ns#type" , "http://www.w3.org/2002/07/owl#Class" ,
 "gas generator" , "http://purl.obolibrary.org/obo/OBI_0000507" , "http://purl.obolibrary.org/obo/IAO_0000111" , "gas generator" ,
 "gas generator" , "http://purl.obolibrary.org/obo/OBI_0000507" , "http://purl.obolibrary.org/obo/IAO_0000115" , "An instrument that generates gases for use with the gas chromatograph. Previously gas was obtained from gas tanks or gas cylinders. However, over the past decade the use of gas generators have become more popular as it avoids having gases at high pressure in the laboratory which is perceived by some as potentially dangerous. In addition, the use of a hydrogen generator avoids the use of a cylinder of hydrogen at high pressure which is also perceived by some as a serious fire hazard despite the fact that they have been used in laboratories, quite safely for nearly a century." ,
 "gas generator" , "http://purl.obolibrary.org/obo/OBI_0000507" , "http://purl.obolibrary.org/obo/IAO_0000232" , "gas chromatography equipment" ,
 "gas generator" , "http://purl.obolibrary.org/obo/OBI_0000507" , "http://www.w3.org/2000/01/rdf-schema#label" , "gas generator" ,
 "gas generator" , "http://purl.obolibrary.org/obo/OBI_0000507" , "http://purl.obolibrary.org/obo/IAO_0000119" , "WEB:<http://www.chromatography-online.org/GC/Gas-Supplies/Pure-Air-Generators./rs5.html>" ,
 "gas generator" , "http://purl.obolibrary.org/obo/OBI_0000507" , "http://purl.obolibrary.org/obo/IAO_0000119" , "http://msi-ontology.sourceforge.net/ontology/CHROM.owl#msi_01033" ,
 "gas generator" , "http://purl.obolibrary.org/obo/OBI_0000507" , "http://purl.obolibrary.org/obo/IAO_0000114" , "http://purl.obolibrary.org/obo/IAO_0000120" ,
 "gas generator" , "http://purl.obolibrary.org/obo/OBI_0000507" , "http://purl.obolibrary.org/obo/IAO_0000117" , "PERSON:Daniel Schober" ,
 "gas generator" , "http://purl.obolibrary.org/obo/OBI_0000507" , "http://www.w3.org/2000/01/rdf-schema#subClassOf" , "http://purl.obolibrary.org/obo/OBI_0000542" ,
 "gas chromatography equipment" , "http://purl.obolibrary.org/obo/OBI_0000542" , "http://www.w3.org/1999/02/22-rdf-syntax-ns#type" , "http://www.w3.org/2002/07/owl#Class" ,
 "gas chromatography equipment" , "http://purl.obolibrary.org/obo/OBI_0000542" , "http://purl.obolibrary.org/obo/IAO_0000111" , "gas chromatography equipment" ,
 "gas chromatography equipment" , "http://purl.obolibrary.org/obo/OBI_0000542" , "http://purl.obolibrary.org/obo/IAO_0000115" , "Any device used in a gas chromatography experiment." ,
 "gas chromatography equipment" , "http://purl.obolibrary.org/obo/OBI_0000542" , "http://purl.obolibrary.org/obo/IAO_0000232" , "will become defined class/xps" ,
 "gas chromatography equipment" , "http://purl.obolibrary.org/obo/OBI_0000542" , "http://www.w3.org/2000/01/rdf-schema#label" , "gas chromatography equipment" ,
 "gas chromatography equipment" , "http://purl.obolibrary.org/obo/OBI_0000542" , "http://purl.obolibrary.org/obo/IAO_0000119" , "GROUP:<http://msi-ontology.sourceforge.net>" ,
 "gas chromatography equipment" , "http://purl.obolibrary.org/obo/OBI_0000542" , "http://purl.obolibrary.org/obo/IAO_0000119" , "http://msi-ontology.sourceforge.net/ontology/CHROM.owl#msi_01030" ,
 "gas chromatography equipment" , "http://purl.obolibrary.org/obo/OBI_0000542" , "http://purl.obolibrary.org/obo/IAO_0000114" , "http://purl.obolibrary.org/obo/IAO_0000120" ,
 "gas chromatography equipment" , "http://purl.obolibrary.org/obo/OBI_0000542" , "http://purl.obolibrary.org/obo/IAO_0000117" , "PERSON:Daniel Schober" ,
 "gas chromatography equipment" , "http://purl.obolibrary.org/obo/OBI_0000542" , "http://www.w3.org/2000/01/rdf-schema#subClassOf" , "http://purl.obolibrary.org/obo/OBI_0000048" ,
 "gas chromatography oven" , "http://purl.obolibrary.org/obo/OBI_0000554" , "http://www.w3.org/1999/02/22-rdf-syntax-ns#type" , "http://www.w3.org/2002/07/owl#Class" ,
 "gas chromatography oven" , "http://purl.obolibrary.org/obo/OBI_0000554" , "http://purl.obolibrary.org/obo/IAO_0000111" , "gas chromatography oven" ,
 "gas chromatography oven" , "http://purl.obolibrary.org/obo/OBI_0000554" , "http://purl.obolibrary.org/obo/IAO_0000115" , "A gas chromatography oven is an oven with a heated connection between the GC and the MS instrument in a GCMS-analysis, that keeps compounds in the gas phase as they leave the GC oven." ,
 "gas chromatography oven" , "http://purl.obolibrary.org/obo/OBI_0000554" , "http://purl.obolibrary.org/obo/IAO_0000232" , "gas chromatography equipment" ,
 "gas chromatography oven" , "http://purl.obolibrary.org/obo/OBI_0000554" , "http://www.w3.org/2000/01/rdf-schema#label" , "gas chromatography oven" ,
 "gas chromatography oven" , "http://purl.obolibrary.org/obo/OBI_0000554" , "http://purl.obolibrary.org/obo/IAO_0000119" , "GROUP:<http://msi-ontology.sourceforge.net>" ,
 "gas chromatography oven" , "http://purl.obolibrary.org/obo/OBI_0000554" , "http://purl.obolibrary.org/obo/IAO_0000119" , "http://msi-ontology.sourceforge.net/ontology/CHROM.owl#msi_01039" ,
 "gas chromatography oven" , "http://purl.obolibrary.org/obo/OBI_0000554" , "http://purl.obolibrary.org/obo/IAO_0000114" , "http://purl.obolibrary.org/obo/IAO_0000120" ,
 "gas chromatography oven" , "http://purl.obolibrary.org/obo/OBI_0000554" , "http://purl.obolibrary.org/obo/IAO_0000117" , "PERSON:Daniel Schober" ,
 "gas chromatography oven" , "http://purl.obolibrary.org/obo/OBI_0000554" , "http://www.w3.org/2000/01/rdf-schema#subClassOf" , "http://purl.obolibrary.org/obo/OBI_0000542" ,
 "gas chromatography detector" , "http://purl.obolibrary.org/obo/OBI_0000637" , "http://www.w3.org/1999/02/22-rdf-syntax-ns#type" , "http://www.w3.org/2002/07/owl#Class" ,
 "gas chromatography detector" , "http://purl.obolibrary.org/obo/OBI_0000637" , "http://purl.obolibrary.org/obo/IAO_0000111" , "gas chromatography detector" ,
 "gas chromatography detector" , "http://purl.obolibrary.org/obo/OBI_0000637" , "http://purl.obolibrary.org/obo/IAO_0000115" , "A gas chromatography detector is a chromatography detector that locates in the dimensions of space and time, the positions of the components of a mixture that has been subjected to a gas chromatographic process and thus permits the senses to appreciate the nature of the separation. There is no LC detector that has an equivalent performance to the flame ionization detector (FID) used in GC. In general, LC detectors have sensitivities of two to three orders of magnitude less than their GC counterparts and linear dynamic ranges one to two orders of magnitude lower. Only highly specific LC detectors have sensitivities that can approach those of GC detectors." ,
 "gas chromatography detector" , "http://purl.obolibrary.org/obo/OBI_0000637" , "http://purl.obolibrary.org/obo/IAO_0000232" , "chromatography detector, defined class/xps" ,
 "gas chromatography detector" , "http://purl.obolibrary.org/obo/OBI_0000637" , "http://www.w3.org/2000/01/rdf-schema#label" , "gas chromatography detector" ,
 "gas chromatography detector" , "http://purl.obolibrary.org/obo/OBI_0000637" , "http://purl.obolibrary.org/obo/IAO_0000119" , "WEB:<http://www.chromatography-online.org/GC-Detectors/Classification/rs1.html>" ,
 "gas chromatography detector" , "http://purl.obolibrary.org/obo/OBI_0000637" , "http://purl.obolibrary.org/obo/IAO_0000119" , "http://msi-ontology.sourceforge.net/ontology/CHROM.owl#msi_01083" ,
 "gas chromatography detector" , "http://purl.obolibrary.org/obo/OBI_0000637" , "http://purl.obolibrary.org/obo/IAO_0000114" , "http://purl.obolibrary.org/obo/IAO_0000120" ,
 "gas chromatography detector" , "http://purl.obolibrary.org/obo/OBI_0000637" , "http://purl.obolibrary.org/obo/IAO_0000117" , "PERSON:Daniel Schober" ,
 "gas chromatography detector" , "http://purl.obolibrary.org/obo/OBI_0000637" , "http://purl.obolibrary.org/obo/IAO_0000118" , "FID" ,
 "gas chromatography detector" , "http://purl.obolibrary.org/obo/OBI_0000637" , "http://www.w3.org/2000/01/rdf-schema#subClassOf" , "http://purl.obolibrary.org/obo/OBI_0000481" ,
 "gas purifier" , "http://purl.obolibrary.org/obo/OBI_0000638" , "http://www.w3.org/1999/02/22-rdf-syntax-ns#type" , "http://www.w3.org/2002/07/owl#Class" ,
 "gas purifier" , "http://purl.obolibrary.org/obo/OBI_0000638" , "http://purl.obolibrary.org/obo/IAO_0000111" , "gas purifier" ,
 "gas purifier" , "http://purl.obolibrary.org/obo/OBI_0000638" , "http://purl.obolibrary.org/obo/IAO_0000115" , "Gas purifiers are instruments used for the removal of gas impurities like hydrocarbons, oxygen, and moisture from carrier gas and fuel gases for GC or GC-MS systems." ,
 "gas purifier" , "http://purl.obolibrary.org/obo/OBI_0000638" , "http://purl.obolibrary.org/obo/IAO_0000232" , "gas chromatography equipment" ,
 "gas purifier" , "http://purl.obolibrary.org/obo/OBI_0000638" , "http://www.w3.org/2000/01/rdf-schema#label" , "gas purifier" ,
 "gas purifier" , "http://purl.obolibrary.org/obo/OBI_0000638" , "http://purl.obolibrary.org/obo/IAO_0000119" , "WEB:<http://www.sigmaaldrich.com/Area_of_Interest/Analytical__Chromatography/Gas_Chromatography/Accessories/SGT_Gas_Purifier.html>" ,
 "gas purifier" , "http://purl.obolibrary.org/obo/OBI_0000638" , "http://purl.obolibrary.org/obo/IAO_0000119" , "http://msi-ontology.sourceforge.net/ontology/CHROM.owl#msi_01036" ,
 "gas purifier" , "http://purl.obolibrary.org/obo/OBI_0000638" , "http://purl.obolibrary.org/obo/IAO_0000114" , "http://purl.obolibrary.org/obo/IAO_0000120" ,
 "gas purifier" , "http://purl.obolibrary.org/obo/OBI_0000638" , "http://purl.obolibrary.org/obo/IAO_0000117" , "PERSON:Daniel Schober" ,
 "gas purifier" , "http://purl.obolibrary.org/obo/OBI_0000638" , "http://www.w3.org/2000/01/rdf-schema#subClassOf" , "http://purl.obolibrary.org/obo/OBI_0000542" ,
 "obsolete_DNA ligase" , "http://purl.obolibrary.org/obo/OBI_0000698" , "http://www.w3.org/1999/02/22-rdf-syntax-ns#type" , "http://www.w3.org/2002/07/owl#Class" ,
 "obsolete_DNA ligase" , "http://purl.obolibrary.org/obo/OBI_0000698" , "http://purl.obolibrary.org/obo/IAO_0000111" , "obsolete_DNA ligase" ,
 "obsolete_DNA ligase" , "http://purl.obolibrary.org/obo/OBI_0000698" , "http://purl.obolibrary.org/obo/IAO_0000115" , "A DNA ligase is an enzyme that covalently joins two compatible pieces of DNA through the cleavage of an ATP molecule" ,
 "obsolete_DNA ligase" , "http://purl.obolibrary.org/obo/OBI_0000698" , "http://www.w3.org/2000/01/rdf-schema#label" , "obsolete_DNA ligase" ,
 "obsolete_DNA ligase" , "http://purl.obolibrary.org/obo/OBI_0000698" , "http://purl.obolibrary.org/obo/IAO_0000114" , "http://purl.obolibrary.org/obo/IAO_0000123" ,
 "obsolete_DNA ligase" , "http://purl.obolibrary.org/obo/OBI_0000698" , "http://purl.obolibrary.org/obo/IAO_0000117" , "Kevin Clancy, Bjoern Peters" ,
 "obsolete_DNA ligase" , "http://purl.obolibrary.org/obo/OBI_0000698" , "http://purl.obolibrary.org/obo/IAO_0000116" , "5/22 Need to explore if there are GO / other classes exist that capture this. We need it now for cloning experiments" ,
 "obsolete_DNA ligase" , "http://purl.obolibrary.org/obo/OBI_0000698" , "http://purl.obolibrary.org/obo/IAO_0000116" , "replaced by imported PRO: DNA ligase" ,
 "obsolete_DNA ligase" , "http://purl.obolibrary.org/obo/OBI_0000698" , "http://purl.obolibrary.org/obo/IAO_0000118" , "ligase" ,
 "obsolete_DNA ligase" , "http://purl.obolibrary.org/obo/OBI_0000698" , "http://purl.obolibrary.org/obo/IAO_0000231" , "http://purl.obolibrary.org/obo/IAO_0000228" ,
 "obsolete_DNA ligase" , "http://purl.obolibrary.org/obo/OBI_0000698" , "http://www.w3.org/2002/07/owl#deprecated" , "true" ,
 "obsolete_DNA ligase" , "http://purl.obolibrary.org/obo/OBI_0000698" , "http://www.w3.org/2000/01/rdf-schema#subClassOf" , "http://www.geneontology.org/formats/oboInOwl#ObsoleteClass" ,
 "5' RNA ligase mediated rapid amplification of cDNA ends" , "http://purl.obolibrary.org/obo/OBI_0002093" , "http://www.w3.org/1999/02/22-rdf-syntax-ns#type" , "http://www.w3.org/2002/07/owl#Class" ,
 "5' RNA ligase mediated rapid amplification of cDNA ends" , "http://purl.obolibrary.org/obo/OBI_0002093" , "http://purl.obolibrary.org/obo/IAO_0000111" , "5' RNA ligase mediated rapid amplification of cDNA ends" ,
 "5' RNA ligase mediated rapid amplification of cDNA ends" , "http://purl.obolibrary.org/obo/OBI_0002093" , "http://purl.obolibrary.org/obo/IAO_0000115" , "A 5' rapid amplification pf cDNA ends that uses RNA ligase to add an RNA adapter oligonucleotide to intact 5' mRNA ends, allowing the amplification of cDNA only from full-length, capped mRNA." ,
 "5' RNA ligase mediated rapid amplification of cDNA ends" , "http://purl.obolibrary.org/obo/OBI_0002093" , "http://www.w3.org/2000/01/rdf-schema#label" , "5' RNA ligase mediated rapid amplification of cDNA ends" ,
 "5' RNA ligase mediated rapid amplification of cDNA ends" , "http://purl.obolibrary.org/obo/OBI_0002093" , "http://purl.obolibrary.org/obo/IAO_0000119" , "https://tools.thermofisher.com/content/sfs/manuals/cms_056070.pdf" ,
 "5' RNA ligase mediated rapid amplification of cDNA ends" , "http://purl.obolibrary.org/obo/OBI_0002093" , "http://purl.obolibrary.org/obo/IAO_0000114" , "http://purl.obolibrary.org/obo/IAO_0000122" ,
 "5' RNA ligase mediated rapid amplification of cDNA ends" , "http://purl.obolibrary.org/obo/OBI_0002093" , "http://purl.obolibrary.org/obo/IAO_0000117" , "Jason Hilton, Chris Stoeckert" ,
 "5' RNA ligase mediated rapid amplification of cDNA ends" , "http://purl.obolibrary.org/obo/OBI_0002093" , "http://purl.obolibrary.org/obo/IAO_0000116" , "For details see tracker item: https://sourceforge.net/p/obi/obi-terms/790/" ,
 "5' RNA ligase mediated rapid amplification of cDNA ends" , "http://purl.obolibrary.org/obo/OBI_0002093" , "http://purl.obolibrary.org/obo/IAO_0000118" , "5' RLM RACE" ,
 "5' RNA ligase mediated rapid amplification of cDNA ends" , "http://purl.obolibrary.org/obo/OBI_0002093" , "http://purl.org/dc/elements/1.1/source" , "ENCODE" ,
 "5' RNA ligase mediated rapid amplification of cDNA ends" , "http://purl.obolibrary.org/obo/OBI_0002093" , "http://www.w3.org/2000/01/rdf-schema#subClassOf" , "http://purl.obolibrary.org/obo/OBI_0002091" ,
 "gas chromatography mass spectrometry" , "http://purl.obolibrary.org/obo/OBI_0200199" , "http://www.w3.org/1999/02/22-rdf-syntax-ns#type" , "http://www.w3.org/2002/07/owl#Class" ,
 "gas chromatography mass spectrometry" , "http://purl.obolibrary.org/obo/OBI_0200199" , "http://purl.obolibrary.org/obo/IAO_0000111" , "gas chromatography mass spectrometry" ,
 "gas chromatography mass spectrometry" , "http://purl.obolibrary.org/obo/OBI_0200199" , "http://purl.obolibrary.org/obo/IAO_0000115" , "Gas chromatography mass spectrometry is a data transformation combining mass spectrometry and  
gas chromatography for the qualitative as well as quantitative  
determinations of compounds." ,
 "gas chromatography mass spectrometry" , "http://purl.obolibrary.org/obo/OBI_0200199" , "http://www.w3.org/2000/01/rdf-schema#label" , "gas chromatography mass spectrometry" ,
 "gas chromatography mass spectrometry" , "http://purl.obolibrary.org/obo/OBI_0200199" , "http://purl.obolibrary.org/obo/IAO_0000119" , "PERSON: Tina Boussard" ,
 "gas chromatography mass spectrometry" , "http://purl.obolibrary.org/obo/OBI_0200199" , "http://purl.obolibrary.org/obo/IAO_0000114" , "http://purl.obolibrary.org/obo/IAO_0000123" ,
 "gas chromatography mass spectrometry" , "http://purl.obolibrary.org/obo/OBI_0200199" , "http://purl.obolibrary.org/obo/IAO_0000117" , "PERSON: James Malone" ,
 "gas chromatography mass spectrometry" , "http://purl.obolibrary.org/obo/OBI_0200199" , "http://purl.obolibrary.org/obo/IAO_0000117" , "PERSON: Tina Boussard" ,
 "gas chromatography mass spectrometry" , "http://purl.obolibrary.org/obo/OBI_0200199" , "http://www.w3.org/2000/01/rdf-schema#subClassOf" , "http://purl.obolibrary.org/obo/OBI_0200085" ,
 "gas chromatography mass spectrometry" , "http://purl.obolibrary.org/obo/OBI_0200199" , "http://www.w3.org/2000/01/rdf-schema#subClassOf" , "b137" ,
 "gas laser" , "http://purl.obolibrary.org/obo/OBI_0400047" , "http://www.w3.org/1999/02/22-rdf-syntax-ns#type" , "http://www.w3.org/2002/07/owl#Class" ,
 "gas laser" , "http://purl.obolibrary.org/obo/OBI_0400047" , "http://purl.obolibrary.org/obo/IAO_0000111" , "gas laser" ,
 "gas laser" , "http://purl.obolibrary.org/obo/OBI_0400047" , "http://purl.obolibrary.org/obo/IAO_0000115" , "A gas laser is a laser in which the lasing medium is a gas. The laser medium is places between two parallel mirrors for light emission amplification. The gas is excited to emit light via an external light source or an electric current discharging through the gas." ,
 "gas laser" , "http://purl.obolibrary.org/obo/OBI_0400047" , "http://www.w3.org/2000/01/rdf-schema#label" , "gas laser" ,
 "gas laser" , "http://purl.obolibrary.org/obo/OBI_0400047" , "http://purl.obolibrary.org/obo/IAO_0000119" , "John Quinn" ,
 "gas laser" , "http://purl.obolibrary.org/obo/OBI_0400047" , "http://purl.obolibrary.org/obo/IAO_0000119" , "http://en.wikipedia.org/wiki/Gas_laser" ,
 "gas laser" , "http://purl.obolibrary.org/obo/OBI_0400047" , "http://purl.obolibrary.org/obo/IAO_0000114" , "http://purl.obolibrary.org/obo/IAO_0000123" ,
 "gas laser" , "http://purl.obolibrary.org/obo/OBI_0400047" , "http://purl.obolibrary.org/obo/IAO_0000117" , "Daniel Schober" ,
 "gas laser" , "http://purl.obolibrary.org/obo/OBI_0400047" , "http://purl.obolibrary.org/obo/IAO_0000112" , "helium-neon gas laser used to erradiate cells in a flow cytometer." ,
 "gas laser" , "http://purl.obolibrary.org/obo/OBI_0400047" , "http://www.w3.org/2000/01/rdf-schema#subClassOf" , "http://purl.obolibrary.org/obo/OBI_0400064" ,
 "mixed argon-krypton gas laser" , "http://purl.obolibrary.org/obo/OBI_0400074" , "http://www.w3.org/1999/02/22-rdf-syntax-ns#type" , "http://www.w3.org/2002/07/owl#Class" ,
 "mixed argon-krypton gas laser" , "http://purl.obolibrary.org/obo/OBI_0400074" , "http://purl.obolibrary.org/obo/IAO_0000111" , "mixed argon-krypton gas laser" ,
 "mixed argon-krypton gas laser" , "http://purl.obolibrary.org/obo/OBI_0400074" , "http://purl.obolibrary.org/obo/IAO_0000115" , "A mixed argon krypton gas laser is an ion laser in which the lasing medium is a mixture of argon and krypton. A mixed argon-krypton laser can by used to irradiate cells in a flow cytometer." ,
 "mixed argon-krypton gas laser" , "http://purl.obolibrary.org/obo/OBI_0400074" , "http://www.w3.org/2000/01/rdf-schema#label" , "mixed argon-krypton gas laser" ,
 "mixed argon-krypton gas laser" , "http://purl.obolibrary.org/obo/OBI_0400074" , "http://purl.obolibrary.org/obo/IAO_0000119" , "http://www.eio.com/repairfaq/sam/laserarg.htm" ,
 "mixed argon-krypton gas laser" , "http://purl.obolibrary.org/obo/OBI_0400074" , "http://purl.obolibrary.org/obo/IAO_0000114" , "http://purl.obolibrary.org/obo/IAO_0000123" ,
 "mixed argon-krypton gas laser" , "http://purl.obolibrary.org/obo/OBI_0400074" , "http://purl.obolibrary.org/obo/IAO_0000117" , "John Quinn" ,
 "mixed argon-krypton gas laser" , "http://purl.obolibrary.org/obo/OBI_0400074" , "http://purl.obolibrary.org/obo/IAO_0000112" , "argon-krypton laser in a cytometer" ,
 "mixed argon-krypton gas laser" , "http://purl.obolibrary.org/obo/OBI_0400074" , "http://www.w3.org/2000/01/rdf-schema#subClassOf" , "http://purl.obolibrary.org/obo/OBI_0400060" ,
 "quality of a gas" , "http://purl.obolibrary.org/obo/PATO_0001547" , "http://www.w3.org/1999/02/22-rdf-syntax-ns#type" , "http://www.w3.org/2002/07/owl#Class" ,
 "quality of a gas" , "http://purl.obolibrary.org/obo/PATO_0001547" , "http://purl.obolibrary.org/obo/IAO_0000111" , "quality of a gas" ,
 "quality of a gas" , "http://purl.obolibrary.org/obo/PATO_0001547" , "http://purl.obolibrary.org/obo/IAO_0000115" , "A physical quality inhering in a bearer by virtue of the bearer's exhibiting the physical characteristics of an entity consisting of particles that have neither a defined volume nor defined shape." ,
 "quality of a gas" , "http://purl.obolibrary.org/obo/PATO_0001547" , "http://www.w3.org/2000/01/rdf-schema#label" , "quality of a gas" ,
 "quality of a gas" , "http://purl.obolibrary.org/obo/PATO_0001547" , "http://purl.obolibrary.org/obo/IAO_0000412" , "http://purl.obolibrary.org/obo/pato.owl" ,
 "quality of a gas" , "http://purl.obolibrary.org/obo/PATO_0001547" , "http://www.w3.org/2000/01/rdf-schema#subClassOf" , "http://purl.obolibrary.org/obo/PATO_0001237" ,
 "quality of a gas" , "http://purl.obolibrary.org/obo/PATO_0001547" , "http://www.w3.org/2000/01/rdf-schema#subClassOf" , "http://purl.obolibrary.org/obo/PATO_0002198" ,
 "DNA ligase" , "http://purl.obolibrary.org/obo/PR_000023089" , "http://www.w3.org/1999/02/22-rdf-syntax-ns#type" , "http://www.w3.org/2002/07/owl#Class" ,
 "DNA ligase" , "http://purl.obolibrary.org/obo/PR_000023089" , "http://purl.obolibrary.org/obo/IAO_0000111" , "DNA ligase" ,
 "DNA ligase" , "http://purl.obolibrary.org/obo/PR_000023089" , "http://purl.obolibrary.org/obo/IAO_0000115" , "A protein that is a translation product of the Escherichia coli K-12 ligA gene or a 1:1 ortholog thereof." ,
 "DNA ligase" , "http://purl.obolibrary.org/obo/PR_000023089" , "http://www.w3.org/2000/01/rdf-schema#label" , "DNA ligase" ,
 "DNA ligase" , "http://purl.obolibrary.org/obo/PR_000023089" , "http://purl.obolibrary.org/obo/IAO_0000116" , "Definition defined by OBI developers: an enzyme that covalently joins two compatible pieces of DNA through the cleavage of an ATP molecule" ,
 "DNA ligase" , "http://purl.obolibrary.org/obo/PR_000023089" , "http://purl.obolibrary.org/obo/IAO_0000118" , "ligase" ,
 "DNA ligase" , "http://purl.obolibrary.org/obo/PR_000023089" , "http://purl.obolibrary.org/obo/IAO_0000412" , "http://purl.obolibrary.org/obo/pr.owl" ,
 "DNA ligase" , "http://purl.obolibrary.org/obo/PR_000023089" , "http://www.w3.org/2000/01/rdf-schema#subClassOf" , "http://purl.obolibrary.org/obo/OBI_0000427" ,
 "DNA ligase" , "http://purl.obolibrary.org/obo/PR_000023089" , "http://www.w3.org/2000/01/rdf-schema#subClassOf" , "http://purl.obolibrary.org/obo/PR_000000001" ,
 "DNA ligase" , "http://purl.obolibrary.org/obo/PR_000023089" , "http://www.w3.org/2000/01/rdf-schema#subClassOf" , "b158" ,
 "gastric gland" , "http://purl.obolibrary.org/obo/UBERON_0000325" , "http://www.w3.org/1999/02/22-rdf-syntax-ns#type" , "http://www.w3.org/2002/07/owl#Class" ,
 "gastric gland" , "http://purl.obolibrary.org/obo/UBERON_0000325" , "http://purl.obolibrary.org/obo/IAO_0000115" , "The branched tubular glands found in the mucosa of the fundus and body of the stomach which contain parietal cells that secrete hydrochloric acid and zymogenic cells that produce pepsin." ,
 "gastric gland" , "http://purl.obolibrary.org/obo/UBERON_0000325" , "http://www.w3.org/2000/01/rdf-schema#label" , "gastric gland" ,
 "gastric gland" , "http://purl.obolibrary.org/obo/UBERON_0000325" , "http://www.w3.org/2000/01/rdf-schema#subClassOf" , "http://purl.obolibrary.org/obo/UBERON_0002365" ,
 "gastric gland" , "http://purl.obolibrary.org/obo/UBERON_0000325" , "http://www.w3.org/2000/01/rdf-schema#subClassOf" , "http://purl.obolibrary.org/obo/UBERON_0003294" ,
 "dorsal mesogastrium" , "http://purl.obolibrary.org/obo/UBERON_0005602" , "http://www.w3.org/1999/02/22-rdf-syntax-ns#type" , "http://www.w3.org/2002/07/owl#Class" ,
 "dorsal mesogastrium" , "http://purl.obolibrary.org/obo/UBERON_0005602" , "http://purl.obolibrary.org/obo/IAO_0000115" , "The portion of mesentery attached to the greater curvature of the stomach is named the dorsal mesentery (or dorsal mesogastrium, when referring to the portion at the stomach), and the part which suspends the colon is termed the mesocolon. The dorsal mesogastrium develops into the greater omentum." ,
 "dorsal mesogastrium" , "http://purl.obolibrary.org/obo/UBERON_0005602" , "http://www.w3.org/2000/01/rdf-schema#label" , "dorsal mesogastrium" ,
 "dorsal mesogastrium" , "http://purl.obolibrary.org/obo/UBERON_0005602" , "http://www.geneontology.org/formats/oboInOwl#hasRelatedSynonym" , "dorsal mesentery" ,
 "dorsal mesogastrium" , "http://purl.obolibrary.org/obo/UBERON_0005602" , "http://www.w3.org/2000/01/rdf-schema#subClassOf" , "http://purl.obolibrary.org/obo/UBERON_0002050" ,
 "dorsal mesogastrium" , "http://purl.obolibrary.org/obo/UBERON_0005602" , "http://www.w3.org/2000/01/rdf-schema#subClassOf" , "http://purl.obolibrary.org/obo/UBERON_0003281" ,
 "gastrointestinal system smooth muscle" , "http://purl.obolibrary.org/obo/UBERON_0004226" , "http://www.w3.org/1999/02/22-rdf-syntax-ns#type" , "http://www.w3.org/2002/07/owl#Class" ,
 "gastrointestinal system smooth muscle" , "http://purl.obolibrary.org/obo/UBERON_0004226" , "http://purl.obolibrary.org/obo/IAO_0000115" , "A portion of smooth muscle tissue that is part of a digestive system [Automatically generated definition]." ,
 "gastrointestinal system smooth muscle" , "http://purl.obolibrary.org/obo/UBERON_0004226" , "http://www.w3.org/2000/01/rdf-schema#label" , "gastrointestinal system smooth muscle" ,
 "gastrointestinal system smooth muscle" , "http://purl.obolibrary.org/obo/UBERON_0004226" , "http://www.geneontology.org/formats/oboInOwl#hasExactSynonym" , "smooth muscle tissue of gastrointestinal system" ,
 "gastrointestinal system smooth muscle" , "http://purl.obolibrary.org/obo/UBERON_0004226" , "http://www.w3.org/2000/01/rdf-schema#subClassOf" , "http://purl.obolibrary.org/obo/UBERON_0001135" ,
 "gastroesophageal sphincter" , "http://purl.obolibrary.org/obo/UBERON_0004550" , "http://www.w3.org/1999/02/22-rdf-syntax-ns#type" , "http://www.w3.org/2002/07/owl#Class" ,
 "gastroesophageal sphincter" , "http://purl.obolibrary.org/obo/UBERON_0004550" , "http://purl.obolibrary.org/obo/IAO_0000115" , "the thick circular layer of smooth gastric musculature encircling the gastroesophageal junction that functions to reduce backflow into the esophagus from the stomach" ,
 "gastroesophageal sphincter" , "http://purl.obolibrary.org/obo/UBERON_0004550" , "http://www.w3.org/2000/01/rdf-schema#label" , "gastroesophageal sphincter" ,
 "gastroesophageal sphincter" , "http://purl.obolibrary.org/obo/UBERON_0004550" , "http://www.geneontology.org/formats/oboInOwl#hasExactSynonym" , "cardiac sphincter" ,
 "gastroesophageal sphincter" , "http://purl.obolibrary.org/obo/UBERON_0004550" , "http://www.geneontology.org/formats/oboInOwl#hasExactSynonym" , "gastroesophageal sphincter" ,
 "gastroesophageal sphincter" , "http://purl.obolibrary.org/obo/UBERON_0004550" , "http://www.geneontology.org/formats/oboInOwl#hasExactSynonym" , "gastroesophageal sphincter muscle" ,
 "gastroesophageal sphincter" , "http://purl.obolibrary.org/obo/UBERON_0004550" , "http://www.geneontology.org/formats/oboInOwl#hasExactSynonym" , "inferior esophageal sphincter" ,
 "gastroesophageal sphincter" , "http://purl.obolibrary.org/obo/UBERON_0004550" , "http://www.geneontology.org/formats/oboInOwl#hasRelatedSynonym" , "cardiac sphincter" ,
 "gastroesophageal sphincter" , "http://purl.obolibrary.org/obo/UBERON_0004550" , "http://www.geneontology.org/formats/oboInOwl#hasRelatedSynonym" , "gastroesophageal sphincter" ,
 "gastroesophageal sphincter" , "http://purl.obolibrary.org/obo/UBERON_0004550" , "http://www.geneontology.org/formats/oboInOwl#hasRelatedSynonym" , "LES" ,
 "gastroesophageal sphincter" , "http://purl.obolibrary.org/obo/UBERON_0004550" , "http://www.geneontology.org/formats/oboInOwl#hasRelatedSynonym" , "constrictor cardiae" ,
 "gastroesophageal sphincter" , "http://purl.obolibrary.org/obo/UBERON_0004550" , "http://www.geneontology.org/formats/oboInOwl#hasRelatedSynonym" , "esophageal sphincter" ,
 "gastroesophageal sphincter" , "http://purl.obolibrary.org/obo/UBERON_0004550" , "http://www.geneontology.org/formats/oboInOwl#hasRelatedSynonym" , "esophageal sphincter%2c lower" ,
 "gastroesophageal sphincter" , "http://purl.obolibrary.org/obo/UBERON_0004550" , "http://www.geneontology.org/formats/oboInOwl#hasRelatedSynonym" , "esophageal-cardiac junction" ,
 "gastroesophageal sphincter" , "http://purl.obolibrary.org/obo/UBERON_0004550" , "http://www.geneontology.org/formats/oboInOwl#hasRelatedSynonym" , "esophagogastric junction" ,
 "gastroesophageal sphincter" , "http://purl.obolibrary.org/obo/UBERON_0004550" , "http://www.geneontology.org/formats/oboInOwl#hasRelatedSynonym" , "gastro-esophageal junction" ,
 "gastroesophageal sphincter" , "http://purl.obolibrary.org/obo/UBERON_0004550" , "http://www.geneontology.org/formats/oboInOwl#hasRelatedSynonym" , "gastro-esophageal sphincter" ,
 "gastroesophageal sphincter" , "http://purl.obolibrary.org/obo/UBERON_0004550" , "http://www.geneontology.org/formats/oboInOwl#hasRelatedSynonym" , "gastro-oesophageal junction" ,
 "gastroesophageal sphincter" , "http://purl.obolibrary.org/obo/UBERON_0004550" , "http://www.geneontology.org/formats/oboInOwl#hasRelatedSynonym" , "gastroesophageal junction" ,
 "gastroesophageal sphincter" , "http://purl.obolibrary.org/obo/UBERON_0004550" , "http://www.geneontology.org/formats/oboInOwl#hasRelatedSynonym" , "lower esophageal sphincter" ,
 "gastroesophageal sphincter" , "http://purl.obolibrary.org/obo/UBERON_0004550" , "http://www.w3.org/2000/01/rdf-schema#subClassOf" , "http://purl.obolibrary.org/obo/UBERON_0011185" ,
 "gastrula" , "http://purl.obolibrary.org/obo/UBERON_0004734" , "http://www.w3.org/1999/02/22-rdf-syntax-ns#type" , "http://www.w3.org/2002/07/owl#Class" ,
 "gastrula" , "http://purl.obolibrary.org/obo/UBERON_0004734" , "http://purl.obolibrary.org/obo/IAO_0000115" , "Organism at the gastrula stage." ,
 "gastrula" , "http://purl.obolibrary.org/obo/UBERON_0004734" , "http://www.w3.org/2000/01/rdf-schema#label" , "gastrula" ,
 "gastrula" , "http://purl.obolibrary.org/obo/UBERON_0004734" , "http://www.geneontology.org/formats/oboInOwl#hasExactSynonym" , "gastrula embryo" ,
 "gastrula" , "http://purl.obolibrary.org/obo/UBERON_0004734" , "http://www.geneontology.org/formats/oboInOwl#hasRelatedSynonym" , "blastocystis trilaminaris" ,
 "gastrula" , "http://purl.obolibrary.org/obo/UBERON_0004734" , "http://www.geneontology.org/formats/oboInOwl#hasRelatedSynonym" , "tri-laminar disc" ,
 "gastrula" , "http://purl.obolibrary.org/obo/UBERON_0004734" , "http://www.geneontology.org/formats/oboInOwl#hasRelatedSynonym" , "tri-laminar disk" ,
 "gastrula" , "http://purl.obolibrary.org/obo/UBERON_0004734" , "http://www.geneontology.org/formats/oboInOwl#hasRelatedSynonym" , "trilaminar blastocyst" ,
 "gastrula" , "http://purl.obolibrary.org/obo/UBERON_0004734" , "http://www.geneontology.org/formats/oboInOwl#hasRelatedSynonym" , "trilaminar blastoderm" ,
 "gastrula" , "http://purl.obolibrary.org/obo/UBERON_0004734" , "http://www.geneontology.org/formats/oboInOwl#hasRelatedSynonym" , "trilaminar disc" ,
 "gastrula" , "http://purl.obolibrary.org/obo/UBERON_0004734" , "http://www.geneontology.org/formats/oboInOwl#hasRelatedSynonym" , "trilaminar disk" ,
 "gastrula" , "http://purl.obolibrary.org/obo/UBERON_0004734" , "http://www.geneontology.org/formats/oboInOwl#hasRelatedSynonym" , "trilaminar germ" ,
 "gastrula" , "http://purl.obolibrary.org/obo/UBERON_0004734" , "http://www.w3.org/2000/01/rdf-schema#subClassOf" , "http://purl.obolibrary.org/obo/UBERON_0000922" ,
 "gastrointestinal system lamina propria" , "http://purl.obolibrary.org/obo/UBERON_0004780" , "http://www.w3.org/1999/02/22-rdf-syntax-ns#type" , "http://www.w3.org/2002/07/owl#Class" ,
 "gastrointestinal system lamina propria" , "http://purl.obolibrary.org/obo/UBERON_0004780" , "http://purl.obolibrary.org/obo/IAO_0000115" , "A lamina propria that is part of a gastrointestinal system." ,
 "gastrointestinal system lamina propria" , "http://purl.obolibrary.org/obo/UBERON_0004780" , "http://www.w3.org/2000/01/rdf-schema#label" , "gastrointestinal system lamina propria" ,
 "gastrointestinal system lamina propria" , "http://purl.obolibrary.org/obo/UBERON_0004780" , "http://www.w3.org/2000/01/rdf-schema#subClassOf" , "http://purl.obolibrary.org/obo/UBERON_0000030" ,
 "gastrointestinal system serosa" , "http://purl.obolibrary.org/obo/UBERON_0004782" , "http://www.w3.org/1999/02/22-rdf-syntax-ns#type" , "http://www.w3.org/2002/07/owl#Class" ,
 "gastrointestinal system serosa" , "http://purl.obolibrary.org/obo/UBERON_0004782" , "http://purl.obolibrary.org/obo/IAO_0000115" , "A serous membrane that is part of a digestive system [Automatically generated definition]." ,
 "gastrointestinal system serosa" , "http://purl.obolibrary.org/obo/UBERON_0004782" , "http://www.w3.org/2000/01/rdf-schema#label" , "gastrointestinal system serosa" ,
 "gastrointestinal system serosa" , "http://purl.obolibrary.org/obo/UBERON_0004782" , "http://www.geneontology.org/formats/oboInOwl#hasExactSynonym" , "digestive system serosa" ,
 "gastrointestinal system serosa" , "http://purl.obolibrary.org/obo/UBERON_0004782" , "http://www.geneontology.org/formats/oboInOwl#hasExactSynonym" , "digestive system serous membrane" ,
 "gastrointestinal system serosa" , "http://purl.obolibrary.org/obo/UBERON_0004782" , "http://www.geneontology.org/formats/oboInOwl#hasExactSynonym" , "gastrointestinal system serous membrane" ,
 "gastrointestinal system serosa" , "http://purl.obolibrary.org/obo/UBERON_0004782" , "http://www.geneontology.org/formats/oboInOwl#hasExactSynonym" , "serosa of digestive system" ,
 "gastrointestinal system serosa" , "http://purl.obolibrary.org/obo/UBERON_0004782" , "http://www.geneontology.org/formats/oboInOwl#hasExactSynonym" , "serosa of gastrointestinal system" ,
 "gastrointestinal system serosa" , "http://purl.obolibrary.org/obo/UBERON_0004782" , "http://www.geneontology.org/formats/oboInOwl#hasExactSynonym" , "serous membrane of digestive system" ,
 "gastrointestinal system serosa" , "http://purl.obolibrary.org/obo/UBERON_0004782" , "http://www.geneontology.org/formats/oboInOwl#hasExactSynonym" , "serous membrane of gastrointestinal system" ,
 "gastrointestinal system serosa" , "http://purl.obolibrary.org/obo/UBERON_0004782" , "http://www.w3.org/2000/01/rdf-schema#subClassOf" , "http://purl.obolibrary.org/obo/UBERON_0000042" ,
 "gastrointestinal system mucosa" , "http://purl.obolibrary.org/obo/UBERON_0004786" , "http://www.w3.org/1999/02/22-rdf-syntax-ns#type" , "http://www.w3.org/2002/07/owl#Class" ,
 "gastrointestinal system mucosa" , "http://purl.obolibrary.org/obo/UBERON_0004786" , "http://purl.obolibrary.org/obo/IAO_0000115" , "A mucosa that is part of a gastrointestinal system." ,
 "gastrointestinal system mucosa" , "http://purl.obolibrary.org/obo/UBERON_0004786" , "http://www.w3.org/2000/01/rdf-schema#label" , "gastrointestinal system mucosa" ,
 "gastrointestinal system mucosa" , "http://purl.obolibrary.org/obo/UBERON_0004786" , "http://www.geneontology.org/formats/oboInOwl#hasExactSynonym" , "digestive tract mucosa" ,
 "gastrointestinal system mucosa" , "http://purl.obolibrary.org/obo/UBERON_0004786" , "http://www.geneontology.org/formats/oboInOwl#hasExactSynonym" , "gut mucosa" ,
 "gastrointestinal system mucosa" , "http://purl.obolibrary.org/obo/UBERON_0004786" , "http://www.geneontology.org/formats/oboInOwl#hasExactSynonym" , "gut mucuous membrane" ,
 "gastrointestinal system mucosa" , "http://purl.obolibrary.org/obo/UBERON_0004786" , "http://www.geneontology.org/formats/oboInOwl#hasExactSynonym" , "mucosa of gut" ,
 "gastrointestinal system mucosa" , "http://purl.obolibrary.org/obo/UBERON_0004786" , "http://www.w3.org/2000/01/rdf-schema#subClassOf" , "http://purl.obolibrary.org/obo/UBERON_0000344" ,
 "gastrointestinal system epithelium" , "http://purl.obolibrary.org/obo/UBERON_0004808" , "http://www.w3.org/1999/02/22-rdf-syntax-ns#type" , "http://www.w3.org/2002/07/owl#Class" ,
 "gastrointestinal system epithelium" , "http://purl.obolibrary.org/obo/UBERON_0004808" , "http://purl.obolibrary.org/obo/IAO_0000115" , "An epithelium that is part of a digestive system [Automatically generated definition]." ,
 "gastrointestinal system epithelium" , "http://purl.obolibrary.org/obo/UBERON_0004808" , "http://www.w3.org/2000/01/rdf-schema#label" , "gastrointestinal system epithelium" ,
 "gastrointestinal system epithelium" , "http://purl.obolibrary.org/obo/UBERON_0004808" , "http://www.geneontology.org/formats/oboInOwl#hasExactSynonym" , "digestive system epithelial tissue" ,
 "gastrointestinal system epithelium" , "http://purl.obolibrary.org/obo/UBERON_0004808" , "http://www.geneontology.org/formats/oboInOwl#hasExactSynonym" , "digestive system epithelium" ,
 "gastrointestinal system epithelium" , "http://purl.obolibrary.org/obo/UBERON_0004808" , "http://www.geneontology.org/formats/oboInOwl#hasExactSynonym" , "epithelial tissue of digestive system" ,
 "gastrointestinal system epithelium" , "http://purl.obolibrary.org/obo/UBERON_0004808" , "http://www.geneontology.org/formats/oboInOwl#hasExactSynonym" , "epithelial tissue of gastrointestinal system" ,
 "gastrointestinal system epithelium" , "http://purl.obolibrary.org/obo/UBERON_0004808" , "http://www.geneontology.org/formats/oboInOwl#hasExactSynonym" , "epithelium of digestive system" ,
 "gastrointestinal system epithelium" , "http://purl.obolibrary.org/obo/UBERON_0004808" , "http://www.geneontology.org/formats/oboInOwl#hasExactSynonym" , "epithelium of gastrointestinal system" ,
 "gastrointestinal system epithelium" , "http://purl.obolibrary.org/obo/UBERON_0004808" , "http://www.geneontology.org/formats/oboInOwl#hasExactSynonym" , "gastrointestinal system epithelial tissue" ,
 "gastrointestinal system epithelium" , "http://purl.obolibrary.org/obo/UBERON_0004808" , "http://www.w3.org/2000/01/rdf-schema#subClassOf" , "http://purl.obolibrary.org/obo/UBERON_0000483" ,
 "gastrointestinal system mesentery" , "http://purl.obolibrary.org/obo/UBERON_0004854" , "http://www.w3.org/1999/02/22-rdf-syntax-ns#type" , "http://www.w3.org/2002/07/owl#Class" ,
 "gastrointestinal system mesentery" , "http://purl.obolibrary.org/obo/UBERON_0004854" , "http://purl.obolibrary.org/obo/IAO_0000115" , "A mesentery that is part of a digestive system [Automatically generated definition]." ,
 "gastrointestinal system mesentery" , "http://purl.obolibrary.org/obo/UBERON_0004854" , "http://www.w3.org/2000/01/rdf-schema#label" , "gastrointestinal system mesentery" ,
 "gastrointestinal system mesentery" , "http://purl.obolibrary.org/obo/UBERON_0004854" , "http://www.geneontology.org/formats/oboInOwl#hasExactSynonym" , "digestive system mesentery" ,
 "gastrointestinal system mesentery" , "http://purl.obolibrary.org/obo/UBERON_0004854" , "http://www.geneontology.org/formats/oboInOwl#hasExactSynonym" , "mesentery of digestive system" ,
 "gastrointestinal system mesentery" , "http://purl.obolibrary.org/obo/UBERON_0004854" , "http://www.geneontology.org/formats/oboInOwl#hasExactSynonym" , "mesentery of gastrointestinal system" ,
 "gastrointestinal system mesentery" , "http://purl.obolibrary.org/obo/UBERON_0004854" , "http://www.w3.org/2000/01/rdf-schema#subClassOf" , "http://purl.obolibrary.org/obo/UBERON_0004782" ,
 "gastrointestinal system mesentery" , "http://purl.obolibrary.org/obo/UBERON_0004854" , "http://www.w3.org/2000/01/rdf-schema#subClassOf" , "http://purl.obolibrary.org/obo/UBERON_0002095" ,
 "alimentary part of gastrointestinal system" , "http://purl.obolibrary.org/obo/UBERON_0005409" , "http://www.w3.org/1999/02/22-rdf-syntax-ns#type" , "http://www.w3.org/2002/07/owl#Class" ,
 "alimentary part of gastrointestinal system" , "http://purl.obolibrary.org/obo/UBERON_0005409" , "http://purl.obolibrary.org/obo/IAO_0000115" , "The part of the digestive system that excludes the hepatobiliary system." ,
 "alimentary part of gastrointestinal system" , "http://purl.obolibrary.org/obo/UBERON_0005409" , "http://www.w3.org/2000/01/rdf-schema#label" , "alimentary part of gastrointestinal system" ,
 "alimentary part of gastrointestinal system" , "http://purl.obolibrary.org/obo/UBERON_0005409" , "http://www.geneontology.org/formats/oboInOwl#hasRelatedSynonym" , "alimentary system" ,
 "alimentary part of gastrointestinal system" , "http://purl.obolibrary.org/obo/UBERON_0005409" , "http://www.geneontology.org/formats/oboInOwl#hasRelatedSynonym" , "alimentary tract" ,
 "alimentary part of gastrointestinal system" , "http://purl.obolibrary.org/obo/UBERON_0005409" , "http://www.geneontology.org/formats/oboInOwl#hasRelatedSynonym" , "gastrointestinal system" ,
 "alimentary part of gastrointestinal system" , "http://purl.obolibrary.org/obo/UBERON_0005409" , "http://www.geneontology.org/formats/oboInOwl#hasRelatedSynonym" , "GI tract" ,
 "alimentary part of gastrointestinal system" , "http://purl.obolibrary.org/obo/UBERON_0005409" , "http://www.geneontology.org/formats/oboInOwl#hasRelatedSynonym" , "gastro-intestinal system" ,
 "alimentary part of gastrointestinal system" , "http://purl.obolibrary.org/obo/UBERON_0005409" , "http://www.geneontology.org/formats/oboInOwl#hasRelatedSynonym" , "gastrointestinal (GI) tract" ,
 "alimentary part of gastrointestinal system" , "http://purl.obolibrary.org/obo/UBERON_0005409" , "http://www.geneontology.org/formats/oboInOwl#hasRelatedSynonym" , "gastrointestinal tract" ,
 "alimentary part of gastrointestinal system" , "http://purl.obolibrary.org/obo/UBERON_0005409" , "http://www.w3.org/2000/01/rdf-schema#subClassOf" , "http://purl.obolibrary.org/obo/UBERON_0000467" ,
 "cardiac gastric gland" , "http://purl.obolibrary.org/obo/UBERON_0008859" , "http://www.w3.org/1999/02/22-rdf-syntax-ns#type" , "http://www.w3.org/2002/07/owl#Class" ,
 "cardiac gastric gland" , "http://purl.obolibrary.org/obo/UBERON_0008859" , "http://purl.obolibrary.org/obo/IAO_0000115" , "A gastric gland in the cardiac region of the stomach; cardiac glands are fewer in number than in the fundus and body, and secrete mucin which coats the stomach and protects it[MP]" ,
 "cardiac gastric gland" , "http://purl.obolibrary.org/obo/UBERON_0008859" , "http://www.w3.org/2000/01/rdf-schema#label" , "cardiac gastric gland" ,
 "cardiac gastric gland" , "http://purl.obolibrary.org/obo/UBERON_0008859" , "http://www.geneontology.org/formats/oboInOwl#hasExactSynonym" , "gardiac gland" ,
 "cardiac gastric gland" , "http://purl.obolibrary.org/obo/UBERON_0008859" , "http://www.geneontology.org/formats/oboInOwl#hasExactSynonym" , "gastric cardiac gland" ,
 "cardiac gastric gland" , "http://purl.obolibrary.org/obo/UBERON_0008859" , "http://www.geneontology.org/formats/oboInOwl#hasExactSynonym" , "gastric cardiac mucuous gland" ,
 "cardiac gastric gland" , "http://purl.obolibrary.org/obo/UBERON_0008859" , "http://www.geneontology.org/formats/oboInOwl#hasExactSynonym" , "gastric gland of cardia" ,
 "cardiac gastric gland" , "http://purl.obolibrary.org/obo/UBERON_0008859" , "http://www.geneontology.org/formats/oboInOwl#hasExactSynonym" , "glandula cardiaca (gaster)" ,
 "cardiac gastric gland" , "http://purl.obolibrary.org/obo/UBERON_0008859" , "http://www.geneontology.org/formats/oboInOwl#hasRelatedSynonym" , "cardiac gland" ,
 "cardiac gastric gland" , "http://purl.obolibrary.org/obo/UBERON_0008859" , "http://www.w3.org/2000/01/rdf-schema#subClassOf" , "http://purl.obolibrary.org/obo/UBERON_0000325" ,
 "cardiac gastric gland" , "http://purl.obolibrary.org/obo/UBERON_0008859" , "http://www.w3.org/2000/01/rdf-schema#subClassOf" , "http://purl.obolibrary.org/obo/UBERON_0000414" ,
 "pyloric gastric gland" , "http://purl.obolibrary.org/obo/UBERON_0008861" , "http://www.w3.org/1999/02/22-rdf-syntax-ns#type" , "http://www.w3.org/2002/07/owl#Class" ,
 "pyloric gastric gland" , "http://purl.obolibrary.org/obo/UBERON_0008861" , "http://purl.obolibrary.org/obo/IAO_0000115" , "The gastric glands in the pyloric region of the stomach; the pyloric glands secrete mucin, which coats the stomach and protects it, and hormones such as gastrin and enkephalin[MP]." ,
 "pyloric gastric gland" , "http://purl.obolibrary.org/obo/UBERON_0008861" , "http://www.w3.org/2000/01/rdf-schema#label" , "pyloric gastric gland" ,
 "pyloric gastric gland" , "http://purl.obolibrary.org/obo/UBERON_0008861" , "http://www.geneontology.org/formats/oboInOwl#hasExactSynonym" , "glandula pylorica" ,
 "pyloric gastric gland" , "http://purl.obolibrary.org/obo/UBERON_0008861" , "http://www.geneontology.org/formats/oboInOwl#hasExactSynonym" , "pyloric antrum gland" ,
 "pyloric gastric gland" , "http://purl.obolibrary.org/obo/UBERON_0008861" , "http://www.geneontology.org/formats/oboInOwl#hasExactSynonym" , "pyloric gland" ,
 "pyloric gastric gland" , "http://purl.obolibrary.org/obo/UBERON_0008861" , "http://www.geneontology.org/formats/oboInOwl#hasExactSynonym" , "pyloric mucuous gland" ,
 "pyloric gastric gland" , "http://purl.obolibrary.org/obo/UBERON_0008861" , "http://www.w3.org/2000/01/rdf-schema#subClassOf" , "http://purl.obolibrary.org/obo/UBERON_0000325" ,
 "pyloric gastric gland" , "http://purl.obolibrary.org/obo/UBERON_0008861" , "http://www.w3.org/2000/01/rdf-schema#subClassOf" , "http://purl.obolibrary.org/obo/UBERON_0000414" ,
 "principal gastric gland" , "http://purl.obolibrary.org/obo/UBERON_0009971" , "http://www.w3.org/1999/02/22-rdf-syntax-ns#type" , "http://www.w3.org/2002/07/owl#Class" ,
 "principal gastric gland" , "http://purl.obolibrary.org/obo/UBERON_0009971" , "http://purl.obolibrary.org/obo/IAO_0000115" , "one of the gastric glands that secretes the hydrochloric acid of the gastric juice[Stedman's]." ,
 "principal gastric gland" , "http://purl.obolibrary.org/obo/UBERON_0009971" , "http://www.w3.org/2000/01/rdf-schema#label" , "principal gastric gland" ,
 "principal gastric gland" , "http://purl.obolibrary.org/obo/UBERON_0009971" , "http://www.geneontology.org/formats/oboInOwl#hasExactSynonym" , "acid gland" ,
 "principal gastric gland" , "http://purl.obolibrary.org/obo/UBERON_0009971" , "http://www.geneontology.org/formats/oboInOwl#hasExactSynonym" , "glandula gastrica propria" ,
 "principal gastric gland" , "http://purl.obolibrary.org/obo/UBERON_0009971" , "http://www.geneontology.org/formats/oboInOwl#hasExactSynonym" , "main gastric gland" ,
 "principal gastric gland" , "http://purl.obolibrary.org/obo/UBERON_0009971" , "http://www.geneontology.org/formats/oboInOwl#hasExactSynonym" , "oxyntic gland" ,
 "principal gastric gland" , "http://purl.obolibrary.org/obo/UBERON_0009971" , "http://www.geneontology.org/formats/oboInOwl#hasExactSynonym" , "principal gland of fundus of stomach" ,
 "principal gastric gland" , "http://purl.obolibrary.org/obo/UBERON_0009971" , "http://www.geneontology.org/formats/oboInOwl#hasBroadSynonym" , "gastric gland" ,
 "principal gastric gland" , "http://purl.obolibrary.org/obo/UBERON_0009971" , "http://www.geneontology.org/formats/oboInOwl#hasRelatedSynonym" , "Wassman gland" ,
 "principal gastric gland" , "http://purl.obolibrary.org/obo/UBERON_0009971" , "http://www.geneontology.org/formats/oboInOwl#hasRelatedSynonym" , "gastric follicle" ,
 "principal gastric gland" , "http://purl.obolibrary.org/obo/UBERON_0009971" , "http://www.w3.org/2000/01/rdf-schema#subClassOf" , "http://purl.obolibrary.org/obo/UBERON_0000325" ,
 "fundic gastric gland" , "http://purl.obolibrary.org/obo/UBERON_0010038" , "http://www.w3.org/1999/02/22-rdf-syntax-ns#type" , "http://www.w3.org/2002/07/owl#Class" ,
 "fundic gastric gland" , "http://purl.obolibrary.org/obo/UBERON_0010038" , "http://purl.obolibrary.org/obo/IAO_0000115" , "The fundus glands (or fundic glands, or gastric glands) are found in the body and fundus of the stomach. They are simple tubes, two or more of which open into a single duct." ,
 "fundic gastric gland" , "http://purl.obolibrary.org/obo/UBERON_0010038" , "http://www.w3.org/2000/01/rdf-schema#label" , "fundic gastric gland" ,
 "fundic gastric gland" , "http://purl.obolibrary.org/obo/UBERON_0010038" , "http://www.geneontology.org/formats/oboInOwl#hasExactSynonym" , "fundal gland" ,
 "fundic gastric gland" , "http://purl.obolibrary.org/obo/UBERON_0010038" , "http://www.geneontology.org/formats/oboInOwl#hasExactSynonym" , "fundus gland" ,
 "fundic gastric gland" , "http://purl.obolibrary.org/obo/UBERON_0010038" , "http://www.geneontology.org/formats/oboInOwl#hasExactSynonym" , "gastric fundal gland" ,
 "fundic gastric gland" , "http://purl.obolibrary.org/obo/UBERON_0010038" , "http://www.geneontology.org/formats/oboInOwl#hasExactSynonym" , "gastric fundus gland" ,
 "fundic gastric gland" , "http://purl.obolibrary.org/obo/UBERON_0010038" , "http://www.geneontology.org/formats/oboInOwl#hasExactSynonym" , "gastric gland of fundus of stomach" ,
 "fundic gastric gland" , "http://purl.obolibrary.org/obo/UBERON_0010038" , "http://www.geneontology.org/formats/oboInOwl#hasRelatedSynonym" , "glandulae gastricae" ,
 "fundic gastric gland" , "http://purl.obolibrary.org/obo/UBERON_0010038" , "http://www.w3.org/2000/01/rdf-schema#subClassOf" , "http://purl.obolibrary.org/obo/UBERON_0000325" ,
 "fundic gastric gland" , "http://purl.obolibrary.org/obo/UBERON_0010038" , "http://www.w3.org/2000/01/rdf-schema#subClassOf" , "http://purl.obolibrary.org/obo/UBERON_0000414" ,
 "gastrointestinal sphincter" , "http://purl.obolibrary.org/obo/UBERON_0011185" , "http://www.w3.org/1999/02/22-rdf-syntax-ns#type" , "http://www.w3.org/2002/07/owl#Class" ,
 "gastrointestinal sphincter" , "http://purl.obolibrary.org/obo/UBERON_0011185" , "http://purl.obolibrary.org/obo/IAO_0000115" , "A sphincter muscle that is part of the gastrointestinal system" ,
 "gastrointestinal sphincter" , "http://purl.obolibrary.org/obo/UBERON_0011185" , "http://www.w3.org/2000/01/rdf-schema#label" , "gastrointestinal sphincter" ,
 "gastrointestinal sphincter" , "http://purl.obolibrary.org/obo/UBERON_0011185" , "http://www.w3.org/2000/01/rdf-schema#subClassOf" , "http://purl.obolibrary.org/obo/UBERON_0013765" ,
 "gastrointestinal sphincter" , "http://purl.obolibrary.org/obo/UBERON_0011185" , "http://www.w3.org/2000/01/rdf-schema#subClassOf" , "http://purl.obolibrary.org/obo/UBERON_0004590" ,
 "gastroduodenal junction" , "http://purl.obolibrary.org/obo/UBERON_0012650" , "http://www.w3.org/1999/02/22-rdf-syntax-ns#type" , "http://www.w3.org/2002/07/owl#Class" ,
 "gastroduodenal junction" , "http://purl.obolibrary.org/obo/UBERON_0012650" , "http://purl.obolibrary.org/obo/IAO_0000115" , "A anatomical junction that connects a stomach and connects a duodenum." ,
 "gastroduodenal junction" , "http://purl.obolibrary.org/obo/UBERON_0012650" , "http://www.w3.org/2000/01/rdf-schema#label" , "gastroduodenal junction" ,
 "gastroduodenal junction" , "http://purl.obolibrary.org/obo/UBERON_0012650" , "http://www.w3.org/2000/01/rdf-schema#subClassOf" , "http://purl.obolibrary.org/obo/UBERON_0007651" ,
 "mucosa of gastroduodenal junction" , "http://purl.obolibrary.org/obo/UBERON_0012651" , "http://www.w3.org/1999/02/22-rdf-syntax-ns#type" , "http://www.w3.org/2002/07/owl#Class" ,
 "mucosa of gastroduodenal junction" , "http://purl.obolibrary.org/obo/UBERON_0012651" , "http://purl.obolibrary.org/obo/IAO_0000115" , "A mucosa that is part of a gastroduodenal junction." ,
 "mucosa of gastroduodenal junction" , "http://purl.obolibrary.org/obo/UBERON_0012651" , "http://www.w3.org/2000/01/rdf-schema#label" , "mucosa of gastroduodenal junction" ,
 "mucosa of gastroduodenal junction" , "http://purl.obolibrary.org/obo/UBERON_0012651" , "http://www.geneontology.org/formats/oboInOwl#hasExactSynonym" , "gastroduodenal mucosa" ,
 "mucosa of gastroduodenal junction" , "http://purl.obolibrary.org/obo/UBERON_0012651" , "http://www.w3.org/2000/01/rdf-schema#subClassOf" , "http://purl.obolibrary.org/obo/UBERON_0001199" ,
 "chromatography column" , "http://purl.obolibrary.org/obo/OBI_0000038" , "http://www.w3.org/1999/02/22-rdf-syntax-ns#type" , "http://www.w3.org/2002/07/owl#Class" ,
 "chromatography column" , "http://purl.obolibrary.org/obo/OBI_0000038" , "http://purl.obolibrary.org/obo/IAO_0000111" , "chromatography column" ,
 "chromatography column" , "http://purl.obolibrary.org/obo/OBI_0000038" , "http://purl.obolibrary.org/obo/IAO_0000115" , "Chromatography column in chemistry is a tube and contents (typically glass) used to purify individual chemical compounds from mixtures of compounds. It is often used for preparative applications on scales from micrograms up to kilograms." ,
 "chromatography column" , "http://purl.obolibrary.org/obo/OBI_0000038" , "http://purl.obolibrary.org/obo/IAO_0000232" , "open tracker https://sourceforge.net/tracker/index.php?func=detail&aid=2881353&group_id=177891&atid=886178" ,
 "chromatography column" , "http://purl.obolibrary.org/obo/OBI_0000038" , "http://www.w3.org/2000/01/rdf-schema#label" , "chromatography column" ,
 "chromatography column" , "http://purl.obolibrary.org/obo/OBI_0000038" , "http://purl.obolibrary.org/obo/IAO_0000119" , "http://en.wikipedia.org/wiki/Column_chromatography" ,
 "chromatography column" , "http://purl.obolibrary.org/obo/OBI_0000038" , "http://purl.obolibrary.org/obo/IAO_0000114" , "http://purl.obolibrary.org/obo/IAO_0000123" ,
 "chromatography column" , "http://purl.obolibrary.org/obo/OBI_0000038" , "http://purl.obolibrary.org/obo/IAO_0000117" , "Frank Gibson" ,
 "chromatography column" , "http://purl.obolibrary.org/obo/OBI_0000038" , "http://www.w3.org/2000/01/rdf-schema#subClassOf" , "http://purl.obolibrary.org/obo/OBI_0000932" ,
 "chromatography column" , "http://purl.obolibrary.org/obo/OBI_0000038" , "http://www.w3.org/2000/01/rdf-schema#subClassOf" , "b159" ,
 "chromatography column" , "http://purl.obolibrary.org/obo/OBI_0000038" , "http://www.w3.org/2000/01/rdf-schema#subClassOf" , "b160" ,
 "chromatography device" , "http://purl.obolibrary.org/obo/OBI_0000048" , "http://www.w3.org/1999/02/22-rdf-syntax-ns#type" , "http://www.w3.org/2002/07/owl#Class" ,
 "chromatography device" , "http://purl.obolibrary.org/obo/OBI_0000048" , "http://purl.obolibrary.org/obo/IAO_0000111" , "chromatography device" ,
 "chromatography device" , "http://purl.obolibrary.org/obo/OBI_0000048" , "http://purl.obolibrary.org/obo/IAO_0000115" , "a device that facilitates the separation of mixtures. The function of a chromatography device involves passing a mixture dissolved in a "mobile phase" through a stationary phase, which separates the analyte to be measured from other molecules in the mixture and allows it to be isolated." ,
 "chromatography device" , "http://purl.obolibrary.org/obo/OBI_0000048" , "http://purl.obolibrary.org/obo/IAO_0000232" , "open tracker https://sourceforge.net/tracker/index.php?func=detail&aid=2881353&group_id=177891&atid=886178" ,
 "chromatography device" , "http://purl.obolibrary.org/obo/OBI_0000048" , "http://www.w3.org/2000/01/rdf-schema#label" , "chromatography device" ,
 "chromatography device" , "http://purl.obolibrary.org/obo/OBI_0000048" , "http://purl.obolibrary.org/obo/IAO_0000119" , "http://en.wikipedia.org/wiki/Chromatography" ,
 "chromatography device" , "http://purl.obolibrary.org/obo/OBI_0000048" , "http://purl.obolibrary.org/obo/IAO_0000114" , "http://purl.obolibrary.org/obo/IAO_0000120" ,
 "chromatography device" , "http://purl.obolibrary.org/obo/OBI_0000048" , "http://purl.obolibrary.org/obo/IAO_0000117" , "Frank Gibson" ,
 "chromatography device" , "http://purl.obolibrary.org/obo/OBI_0000048" , "http://purl.obolibrary.org/obo/IAO_0000118" , "chromatography instrument" ,
 "chromatography device" , "http://purl.obolibrary.org/obo/OBI_0000048" , "http://www.w3.org/2000/01/rdf-schema#subClassOf" , "http://purl.obolibrary.org/obo/OBI_0000932" ,
 "chromatography device" , "http://purl.obolibrary.org/obo/OBI_0000048" , "http://www.w3.org/2000/01/rdf-schema#subClassOf" , "http://purl.obolibrary.org/obo/OBI_0000832" ,
 "chromatography device" , "http://purl.obolibrary.org/obo/OBI_0000048" , "http://www.w3.org/2000/01/rdf-schema#subClassOf" , "http://purl.obolibrary.org/obo/OBI_0002089" ,
 "chromatography device" , "http://purl.obolibrary.org/obo/OBI_0000048" , "http://www.w3.org/2000/01/rdf-schema#subClassOf" , "b161" ,
 "chromatography device" , "http://purl.obolibrary.org/obo/OBI_0000048" , "http://www.w3.org/2000/01/rdf-schema#subClassOf" , "b162" ,
 "chromatography device" , "http://purl.obolibrary.org/obo/OBI_0000048" , "http://www.w3.org/2000/01/rdf-schema#subClassOf" , "b163" ,
 "chromatography device" , "http://purl.obolibrary.org/obo/OBI_0000048" , "http://www.w3.org/2000/01/rdf-schema#subClassOf" , "b164" ,
 "chromatography instrument" , "http://purl.obolibrary.org/obo/OBI_0000485" , "http://www.w3.org/1999/02/22-rdf-syntax-ns#type" , "http://www.w3.org/2002/07/owl#Class" ,
 "chromatography instrument" , "http://purl.obolibrary.org/obo/OBI_0000485" , "http://purl.obolibrary.org/obo/IAO_0000111" , "chromatography instrument" ,
 "chromatography instrument" , "http://purl.obolibrary.org/obo/OBI_0000485" , "http://purl.obolibrary.org/obo/IAO_0000115" , "Any instrument that is used to carry out a chromatography experiment." ,
 "chromatography instrument" , "http://purl.obolibrary.org/obo/OBI_0000485" , "http://purl.obolibrary.org/obo/IAO_0000232" , "chromatography device, defined class?" ,
 "chromatography instrument" , "http://purl.obolibrary.org/obo/OBI_0000485" , "http://www.w3.org/2000/01/rdf-schema#label" , "chromatography instrument" ,
 "chromatography instrument" , "http://purl.obolibrary.org/obo/OBI_0000485" , "http://purl.obolibrary.org/obo/IAO_0000119" , "GROUP:<http://msi-ontology.sourceforge.net>" ,
 "chromatography instrument" , "http://purl.obolibrary.org/obo/OBI_0000485" , "http://purl.obolibrary.org/obo/IAO_0000119" , "http://msi-ontology.sourceforge.net/ontology/CHROM.owl#msi_01262" ,
 "chromatography instrument" , "http://purl.obolibrary.org/obo/OBI_0000485" , "http://purl.obolibrary.org/obo/IAO_0000114" , "http://purl.obolibrary.org/obo/IAO_0000120" ,
 "chromatography instrument" , "http://purl.obolibrary.org/obo/OBI_0000485" , "http://purl.obolibrary.org/obo/IAO_0000117" , "PERSON:Daniel Schober" ,
 "chromatography instrument" , "http://purl.obolibrary.org/obo/OBI_0000485" , "http://www.w3.org/2000/01/rdf-schema#subClassOf" , "http://purl.obolibrary.org/obo/OBI_0000932" ,
 "chromatography instrument" , "http://purl.obolibrary.org/obo/OBI_0000485" , "http://www.w3.org/2000/01/rdf-schema#subClassOf" , "b165" ,
 "liquid chromatography mass spectrometry platform" , "http://purl.obolibrary.org/obo/OBI_0000051" , "http://www.w3.org/1999/02/22-rdf-syntax-ns#type" , "http://www.w3.org/2002/07/owl#Class" ,
 "liquid chromatography mass spectrometry platform" , "http://purl.obolibrary.org/obo/OBI_0000051" , "http://purl.obolibrary.org/obo/IAO_0000111" , "liquid chromatography mass spectrometry platform" ,
 "liquid chromatography mass spectrometry platform" , "http://purl.obolibrary.org/obo/OBI_0000051" , "http://purl.obolibrary.org/obo/IAO_0000115" , "A liquid chromatography mass spectrometry platform is a platform that is the collection of instrument, software and reagents needed to perform a liquid chromatography mass spectrometry protocol. definition_source: OBI." ,
 "liquid chromatography mass spectrometry platform" , "http://purl.obolibrary.org/obo/OBI_0000051" , "http://www.w3.org/2000/01/rdf-schema#label" , "liquid chromatography mass spectrometry platform" ,
 "liquid chromatography mass spectrometry platform" , "http://purl.obolibrary.org/obo/OBI_0000051" , "http://purl.obolibrary.org/obo/IAO_0000119" , "OBI Instrument branch" ,
 "liquid chromatography mass spectrometry platform" , "http://purl.obolibrary.org/obo/OBI_0000051" , "http://purl.obolibrary.org/obo/IAO_0000114" , "http://purl.obolibrary.org/obo/IAO_0000123" ,
 "liquid chromatography mass spectrometry platform" , "http://purl.obolibrary.org/obo/OBI_0000051" , "http://purl.obolibrary.org/obo/IAO_0000117" , "OBI instrument branch" ,
 "liquid chromatography mass spectrometry platform" , "http://purl.obolibrary.org/obo/OBI_0000051" , "http://www.w3.org/2000/01/rdf-schema#subClassOf" , "http://purl.obolibrary.org/obo/OBI_0000932" ,
 "liquid chromatography mass spectrometry platform" , "http://purl.obolibrary.org/obo/OBI_0000051" , "http://www.w3.org/2000/01/rdf-schema#subClassOf" , "http://purl.obolibrary.org/obo/OBI_0000832" ,
 "liquid chromatography mass spectrometry platform" , "http://purl.obolibrary.org/obo/OBI_0000051" , "http://www.w3.org/2000/01/rdf-schema#subClassOf" , "b111" ,
 "liquid chromatography mass spectrometry platform" , "http://purl.obolibrary.org/obo/OBI_0000051" , "http://www.w3.org/2000/01/rdf-schema#subClassOf" , "b112" ,
 "liquid chromatography mass spectrometry platform" , "http://purl.obolibrary.org/obo/OBI_0000051" , "http://www.w3.org/2000/01/rdf-schema#subClassOf" , "b113" ,
 "liquid chromatography mass spectrometry platform" , "http://purl.obolibrary.org/obo/OBI_0000051" , "http://www.w3.org/2000/01/rdf-schema#subClassOf" , "b114" ,
 "column chromatography detector" , "http://purl.obolibrary.org/obo/OBI_0000463" , "http://www.w3.org/1999/02/22-rdf-syntax-ns#type" , "http://www.w3.org/2002/07/owl#Class" ,
 "column chromatography detector" , "http://purl.obolibrary.org/obo/OBI_0000463" , "http://purl.obolibrary.org/obo/IAO_0000111" , "column chromatography detector" ,
 "column chromatography detector" , "http://purl.obolibrary.org/obo/OBI_0000463" , "http://purl.obolibrary.org/obo/IAO_0000115" , "There is a wide range of detectors available for both GC and LC each having their own particular areas of application. In general the more catholic the response, the less sensitive the detector and the most sensitive detectors are those that have a specific response. The performance of all detectors should be properly specified so that the user can determine which is most suitable for a specific application. Such specifications are also essential to compare the performance of different detectors supplied by alternative instrument manufactures. Detector specifications should be presented in a standard form and in standard units, so that detectors can be compared that function on widely different principles." ,
 "column chromatography detector" , "http://purl.obolibrary.org/obo/OBI_0000463" , "http://purl.obolibrary.org/obo/IAO_0000232" , "chromatography detector, defined class/xps" ,
 "column chromatography detector" , "http://purl.obolibrary.org/obo/OBI_0000463" , "http://www.w3.org/2000/01/rdf-schema#label" , "column chromatography detector" ,
 "column chromatography detector" , "http://purl.obolibrary.org/obo/OBI_0000463" , "http://purl.obolibrary.org/obo/IAO_0000119" , "WEB:<http://www.chromatography-online.org/Principles/Basic-Chromatograph/Detector/rs56.html>" ,
 "column chromatography detector" , "http://purl.obolibrary.org/obo/OBI_0000463" , "http://purl.obolibrary.org/obo/IAO_0000119" , "http://msi-ontology.sourceforge.net/ontology/CHROM.owl#msi_01077" ,
 "column chromatography detector" , "http://purl.obolibrary.org/obo/OBI_0000463" , "http://purl.obolibrary.org/obo/IAO_0000114" , "http://purl.obolibrary.org/obo/IAO_0000120" ,
 "column chromatography detector" , "http://purl.obolibrary.org/obo/OBI_0000463" , "http://purl.obolibrary.org/obo/IAO_0000117" , "PERSON:Daniel Schober" ,
 "column chromatography detector" , "http://purl.obolibrary.org/obo/OBI_0000463" , "http://www.w3.org/2000/01/rdf-schema#subClassOf" , "http://purl.obolibrary.org/obo/OBI_0000832" ,
 "column chromatography detector" , "http://purl.obolibrary.org/obo/OBI_0000463" , "http://www.w3.org/2000/01/rdf-schema#subClassOf" , "b166" ,
 "chromatography detector" , "http://purl.obolibrary.org/obo/OBI_0000481" , "http://www.w3.org/1999/02/22-rdf-syntax-ns#type" , "http://www.w3.org/2002/07/owl#Class" ,
 "chromatography detector" , "http://purl.obolibrary.org/obo/OBI_0000481" , "http://purl.obolibrary.org/obo/IAO_0000111" , "chromatography detector" ,
 "chromatography detector" , "http://purl.obolibrary.org/obo/OBI_0000481" , "http://purl.obolibrary.org/obo/IAO_0000115" , "A chromatography detector is a device that locates in the dimensions of space and time, the positions of the components of a mixture that has been subjected to a chromatographic process and thus permits the senses to appreciate the nature of the separation.  Defining characteristics are Dynamic Range, Response Index or Linearity, Linear Dynamic range, Detector Response,  Detector Noise Level, Detector Sensitivity or Minimum Detectable Concentration, Total System Dispersion, Sensor Dimensions, Detector Time Constant, Pressure Sensitivity, Flow Sensitivity, Operating Temperature Range." ,
 "chromatography detector" , "http://purl.obolibrary.org/obo/OBI_0000481" , "http://www.w3.org/2000/01/rdf-schema#label" , "chromatography detector" ,
 "chromatography detector" , "http://purl.obolibrary.org/obo/OBI_0000481" , "http://purl.obolibrary.org/obo/IAO_0000119" , "WEB:<http://www.chromatography-online.org/GC-Detectors/Classification/rs1.html>" ,
 "chromatography detector" , "http://purl.obolibrary.org/obo/OBI_0000481" , "http://purl.obolibrary.org/obo/IAO_0000119" , "http://msi-ontology.sourceforge.net/ontology/CHROM.owl#msi_01012" ,
 "chromatography detector" , "http://purl.obolibrary.org/obo/OBI_0000481" , "http://purl.obolibrary.org/obo/IAO_0000114" , "http://purl.obolibrary.org/obo/IAO_0000120" ,
 "chromatography detector" , "http://purl.obolibrary.org/obo/OBI_0000481" , "http://purl.obolibrary.org/obo/IAO_0000117" , "PERSON:Daniel Schober" ,
 "chromatography detector" , "http://purl.obolibrary.org/obo/OBI_0000481" , "http://www.w3.org/2000/01/rdf-schema#subClassOf" , "http://purl.obolibrary.org/obo/OBI_0000485" ,
 "liquid chromatography autosampler" , "http://purl.obolibrary.org/obo/OBI_0000494" , "http://www.w3.org/1999/02/22-rdf-syntax-ns#type" , "http://www.w3.org/2002/07/owl#Class" ,
 "liquid chromatography autosampler" , "http://purl.obolibrary.org/obo/OBI_0000494" , "http://purl.obolibrary.org/obo/IAO_0000111" , "liquid chromatography autosampler" ,
 "liquid chromatography autosampler" , "http://purl.obolibrary.org/obo/OBI_0000494" , "http://purl.obolibrary.org/obo/IAO_0000115" , "Designed to perform capillary LC with injection of sample volumes ranging from nL to L." ,
 "liquid chromatography autosampler" , "http://purl.obolibrary.org/obo/OBI_0000494" , "http://www.w3.org/2000/01/rdf-schema#label" , "liquid chromatography autosampler" ,
 "liquid chromatography autosampler" , "http://purl.obolibrary.org/obo/OBI_0000494" , "http://purl.obolibrary.org/obo/IAO_0000119" , "GROUP:<http://msi-ontology.sourceforge.net>" ,
 "liquid chromatography autosampler" , "http://purl.obolibrary.org/obo/OBI_0000494" , "http://purl.obolibrary.org/obo/IAO_0000119" , "http://msi-ontology.sourceforge.net/ontology/CHROM.owl#msi_01061" ,
 "liquid chromatography autosampler" , "http://purl.obolibrary.org/obo/OBI_0000494" , "http://purl.obolibrary.org/obo/IAO_0000114" , "http://purl.obolibrary.org/obo/IAO_0000120" ,
 "liquid chromatography autosampler" , "http://purl.obolibrary.org/obo/OBI_0000494" , "http://purl.obolibrary.org/obo/IAO_0000117" , "PERSON:Daniel Schober" ,
 "liquid chromatography autosampler" , "http://purl.obolibrary.org/obo/OBI_0000494" , "http://www.w3.org/2000/01/rdf-schema#subClassOf" , "http://purl.obolibrary.org/obo/OBI_0000485" ,
 "gas chromatography equipment" , "http://purl.obolibrary.org/obo/OBI_0000542" , "http://www.w3.org/1999/02/22-rdf-syntax-ns#type" , "http://www.w3.org/2002/07/owl#Class" ,
 "gas chromatography equipment" , "http://purl.obolibrary.org/obo/OBI_0000542" , "http://purl.obolibrary.org/obo/IAO_0000111" , "gas chromatography equipment" ,
 "gas chromatography equipment" , "http://purl.obolibrary.org/obo/OBI_0000542" , "http://purl.obolibrary.org/obo/IAO_0000115" , "Any device used in a gas chromatography experiment." ,
 "gas chromatography equipment" , "http://purl.obolibrary.org/obo/OBI_0000542" , "http://purl.obolibrary.org/obo/IAO_0000232" , "will become defined class/xps" ,
 "gas chromatography equipment" , "http://purl.obolibrary.org/obo/OBI_0000542" , "http://www.w3.org/2000/01/rdf-schema#label" , "gas chromatography equipment" ,
 "gas chromatography equipment" , "http://purl.obolibrary.org/obo/OBI_0000542" , "http://purl.obolibrary.org/obo/IAO_0000119" , "GROUP:<http://msi-ontology.sourceforge.net>" ,
 "gas chromatography equipment" , "http://purl.obolibrary.org/obo/OBI_0000542" , "http://purl.obolibrary.org/obo/IAO_0000119" , "http://msi-ontology.sourceforge.net/ontology/CHROM.owl#msi_01030" ,
 "gas chromatography equipment" , "http://purl.obolibrary.org/obo/OBI_0000542" , "http://purl.obolibrary.org/obo/IAO_0000114" , "http://purl.obolibrary.org/obo/IAO_0000120" ,
 "gas chromatography equipment" , "http://purl.obolibrary.org/obo/OBI_0000542" , "http://purl.obolibrary.org/obo/IAO_0000117" , "PERSON:Daniel Schober" ,
 "gas chromatography equipment" , "http://purl.obolibrary.org/obo/OBI_0000542" , "http://www.w3.org/2000/01/rdf-schema#subClassOf" , "http://purl.obolibrary.org/obo/OBI_0000048" ,
 "liquid chromatography valve" , "http://purl.obolibrary.org/obo/OBI_0000528" , "http://www.w3.org/1999/02/22-rdf-syntax-ns#type" , "http://www.w3.org/2002/07/owl#Class" ,
 "liquid chromatography valve" , "http://purl.obolibrary.org/obo/OBI_0000528" , "http://purl.obolibrary.org/obo/IAO_0000111" , "liquid chromatography valve" ,
 "liquid chromatography valve" , "http://purl.obolibrary.org/obo/OBI_0000528" , "http://purl.obolibrary.org/obo/IAO_0000115" , "A sample valve that must be able to sustain pressures up to 10,000 p.s.i., although it is most likely to operate on a continuous basis, at pressures of 3,000 p.s.i. or less. The higher the operating pressure the tighter the valve seating surfaces must be forced together to eliminate any leak. It follows that any abrasive material, however fine, that passes into the valve can cause the valve seating to become scored each time it is rotated which will ultimately lead to leaks. This will cause the sample size to vary between samples and eventually affect the accuracy of the analysis. It follows that any solid material must be carefully removed from any sample before filling the valve. The sample volume of an internal loop valve is situated in the connecting slot of the valve rotor and can be used only for relatively small sample volumes. Internal sample loop valves provide samples with volumes ranging from 0.1 ml to about 0.5 ml. Valve operation is shown in figure 6. The left-hand side diagram shows the load position. The sample occupies the rotor slot and has been filled by passing the sample from an appropriate syringe through the rotor slot to waste. While loading the sample, the mobile phase supply is passed through the valve directly to the column. To place the sample onto the column, the valve is then rotated and the valve slot containing the sample is now placed between the solvent supply and the column. As a result, the sample is passed into the column by the flow of solvent." ,
 "liquid chromatography valve" , "http://purl.obolibrary.org/obo/OBI_0000528" , "http://purl.obolibrary.org/obo/IAO_0000232" , "chromatography device" ,
 "liquid chromatography valve" , "http://purl.obolibrary.org/obo/OBI_0000528" , "http://www.w3.org/2000/01/rdf-schema#label" , "liquid chromatography valve" ,
 "liquid chromatography valve" , "http://purl.obolibrary.org/obo/OBI_0000528" , "http://purl.obolibrary.org/obo/IAO_0000119" , "WEB:<http://www.chromatography-online.org/EC-Dispersion/HPLC-Sample-Valves/rs16.html>" ,
 "liquid chromatography valve" , "http://purl.obolibrary.org/obo/OBI_0000528" , "http://purl.obolibrary.org/obo/IAO_0000119" , "http://msi-ontology.sourceforge.net/ontology/CHROM.owl#msi_01110" ,
 "liquid chromatography valve" , "http://purl.obolibrary.org/obo/OBI_0000528" , "http://purl.obolibrary.org/obo/IAO_0000114" , "http://purl.obolibrary.org/obo/IAO_0000120" ,
 "liquid chromatography valve" , "http://purl.obolibrary.org/obo/OBI_0000528" , "http://purl.obolibrary.org/obo/IAO_0000117" , "PERSON:Daniel Schober" ,
 "liquid chromatography valve" , "http://purl.obolibrary.org/obo/OBI_0000528" , "http://www.w3.org/2000/01/rdf-schema#subClassOf" , "http://purl.obolibrary.org/obo/OBI_0000048" ,
 "gas chromatography oven" , "http://purl.obolibrary.org/obo/OBI_0000554" , "http://www.w3.org/1999/02/22-rdf-syntax-ns#type" , "http://www.w3.org/2002/07/owl#Class" ,
 "gas chromatography oven" , "http://purl.obolibrary.org/obo/OBI_0000554" , "http://purl.obolibrary.org/obo/IAO_0000111" , "gas chromatography oven" ,
 "gas chromatography oven" , "http://purl.obolibrary.org/obo/OBI_0000554" , "http://purl.obolibrary.org/obo/IAO_0000115" , "A gas chromatography oven is an oven with a heated connection between the GC and the MS instrument in a GCMS-analysis, that keeps compounds in the gas phase as they leave the GC oven." ,
 "gas chromatography oven" , "http://purl.obolibrary.org/obo/OBI_0000554" , "http://purl.obolibrary.org/obo/IAO_0000232" , "gas chromatography equipment" ,
 "gas chromatography oven" , "http://purl.obolibrary.org/obo/OBI_0000554" , "http://www.w3.org/2000/01/rdf-schema#label" , "gas chromatography oven" ,
 "gas chromatography oven" , "http://purl.obolibrary.org/obo/OBI_0000554" , "http://purl.obolibrary.org/obo/IAO_0000119" , "GROUP:<http://msi-ontology.sourceforge.net>" ,
 "gas chromatography oven" , "http://purl.obolibrary.org/obo/OBI_0000554" , "http://purl.obolibrary.org/obo/IAO_0000119" , "http://msi-ontology.sourceforge.net/ontology/CHROM.owl#msi_01039" ,
 "gas chromatography oven" , "http://purl.obolibrary.org/obo/OBI_0000554" , "http://purl.obolibrary.org/obo/IAO_0000114" , "http://purl.obolibrary.org/obo/IAO_0000120" ,
 "gas chromatography oven" , "http://purl.obolibrary.org/obo/OBI_0000554" , "http://purl.obolibrary.org/obo/IAO_0000117" , "PERSON:Daniel Schober" ,
 "gas chromatography oven" , "http://purl.obolibrary.org/obo/OBI_0000554" , "http://www.w3.org/2000/01/rdf-schema#subClassOf" , "http://purl.obolibrary.org/obo/OBI_0000542" ,
 "chromatography pump system" , "http://purl.obolibrary.org/obo/OBI_0000589" , "http://www.w3.org/1999/02/22-rdf-syntax-ns#type" , "http://www.w3.org/2002/07/owl#Class" ,
 "chromatography pump system" , "http://purl.obolibrary.org/obo/OBI_0000589" , "http://purl.obolibrary.org/obo/IAO_0000111" , "chromatography pump system" ,
 "chromatography pump system" , "http://purl.obolibrary.org/obo/OBI_0000589" , "http://purl.obolibrary.org/obo/IAO_0000115" , "Better flow rates can be achieved by using a pump or by using compressed gas (e.g. air, nitrogen, or argon) to push the solvent through the column (flash column chromatography)." ,
 "chromatography pump system" , "http://purl.obolibrary.org/obo/OBI_0000589" , "http://www.w3.org/2000/01/rdf-schema#label" , "chromatography pump system" ,
 "chromatography pump system" , "http://purl.obolibrary.org/obo/OBI_0000589" , "http://purl.obolibrary.org/obo/IAO_0000119" , "WEB:<http://en.wikipedia.org/wiki/Column_chromatography>" ,
 "chromatography pump system" , "http://purl.obolibrary.org/obo/OBI_0000589" , "http://purl.obolibrary.org/obo/IAO_0000119" , "http://msi-ontology.sourceforge.net/ontology/CHROM.owl#msi_01046" ,
 "chromatography pump system" , "http://purl.obolibrary.org/obo/OBI_0000589" , "http://purl.obolibrary.org/obo/IAO_0000114" , "http://purl.obolibrary.org/obo/IAO_0000120" ,
 "chromatography pump system" , "http://purl.obolibrary.org/obo/OBI_0000589" , "http://purl.obolibrary.org/obo/IAO_0000117" , "PERSON:Daniel Schober" ,
 "chromatography pump system" , "http://purl.obolibrary.org/obo/OBI_0000589" , "http://www.w3.org/2000/01/rdf-schema#subClassOf" , "http://purl.obolibrary.org/obo/OBI_0000485" ,
 "chromatography detector filter" , "http://purl.obolibrary.org/obo/OBI_0000592" , "http://www.w3.org/1999/02/22-rdf-syntax-ns#type" , "http://www.w3.org/2002/07/owl#Class" ,
 "chromatography detector filter" , "http://purl.obolibrary.org/obo/OBI_0000592" , "http://purl.obolibrary.org/obo/IAO_0000111" , "chromatography detector filter" ,
 "chromatography detector filter" , "http://purl.obolibrary.org/obo/OBI_0000592" , "http://purl.obolibrary.org/obo/IAO_0000115" , "An optical filter that is used to obtain monochromatic light of a defined wavelength from detector lamps." ,
 "chromatography detector filter" , "http://purl.obolibrary.org/obo/OBI_0000592" , "http://www.w3.org/2000/01/rdf-schema#label" , "chromatography detector filter" ,
 "chromatography detector filter" , "http://purl.obolibrary.org/obo/OBI_0000592" , "http://purl.obolibrary.org/obo/IAO_0000119" , "GROUP:<http://msi-ontology.sourceforge.net>" ,
 "chromatography detector filter" , "http://purl.obolibrary.org/obo/OBI_0000592" , "http://purl.obolibrary.org/obo/IAO_0000119" , "http://msi-ontology.sourceforge.net/ontology/CHROM.owl#msi_01121" ,
 "chromatography detector filter" , "http://purl.obolibrary.org/obo/OBI_0000592" , "http://purl.obolibrary.org/obo/IAO_0000114" , "http://purl.obolibrary.org/obo/IAO_0000120" ,
 "chromatography detector filter" , "http://purl.obolibrary.org/obo/OBI_0000592" , "http://purl.obolibrary.org/obo/IAO_0000117" , "PERSON:Daniel Schober" ,
 "chromatography detector filter" , "http://purl.obolibrary.org/obo/OBI_0000592" , "http://www.w3.org/2000/01/rdf-schema#subClassOf" , "http://purl.obolibrary.org/obo/OBI_0000601" ,
 "chromatography consumable" , "http://purl.obolibrary.org/obo/OBI_0000601" , "http://www.w3.org/1999/02/22-rdf-syntax-ns#type" , "http://www.w3.org/2002/07/owl#Class" ,
 "chromatography consumable" , "http://purl.obolibrary.org/obo/OBI_0000601" , "http://purl.obolibrary.org/obo/IAO_0000111" , "chromatography consumable" ,
 "chromatography consumable" , "http://purl.obolibrary.org/obo/OBI_0000601" , "http://purl.obolibrary.org/obo/IAO_0000115" , "A chromatography consumable is a consumable that is used in a chromatography experiment." ,
 "chromatography consumable" , "http://purl.obolibrary.org/obo/OBI_0000601" , "http://purl.obolibrary.org/obo/IAO_0000232" , "chromatography device" ,
 "chromatography consumable" , "http://purl.obolibrary.org/obo/OBI_0000601" , "http://www.w3.org/2000/01/rdf-schema#label" , "chromatography consumable" ,
 "chromatography consumable" , "http://purl.obolibrary.org/obo/OBI_0000601" , "http://purl.obolibrary.org/obo/IAO_0000119" , "GROUP:<http://msi-ontology.sourceforge.net>" ,
 "chromatography consumable" , "http://purl.obolibrary.org/obo/OBI_0000601" , "http://purl.obolibrary.org/obo/IAO_0000119" , "http://msi-ontology.sourceforge.net/ontology/CHROM.owl#msi_01115" ,
 "chromatography consumable" , "http://purl.obolibrary.org/obo/OBI_0000601" , "http://purl.obolibrary.org/obo/IAO_0000114" , "http://purl.obolibrary.org/obo/IAO_0000120" ,
 "chromatography consumable" , "http://purl.obolibrary.org/obo/OBI_0000601" , "http://purl.obolibrary.org/obo/IAO_0000117" , "PERSON:Daniel Schober" ,
 "chromatography consumable" , "http://purl.obolibrary.org/obo/OBI_0000601" , "http://www.w3.org/2000/01/rdf-schema#subClassOf" , "http://purl.obolibrary.org/obo/OBI_0000048" ,
 "liquid chromatography column" , "http://purl.obolibrary.org/obo/OBI_0000603" , "http://www.w3.org/1999/02/22-rdf-syntax-ns#type" , "http://www.w3.org/2002/07/owl#Class" ,
 "liquid chromatography column" , "http://purl.obolibrary.org/obo/OBI_0000603" , "http://purl.obolibrary.org/obo/IAO_0000111" , "liquid chromatography column" ,
 "liquid chromatography column" , "http://purl.obolibrary.org/obo/OBI_0000603" , "http://purl.obolibrary.org/obo/IAO_0000115" , "A liquid chromatography column is a chromatography column that is used in liquid chromatography, i.e. a column that is provided with a liquid sample mix." ,
 "liquid chromatography column" , "http://purl.obolibrary.org/obo/OBI_0000603" , "http://www.w3.org/2000/01/rdf-schema#label" , "liquid chromatography column" ,
 "liquid chromatography column" , "http://purl.obolibrary.org/obo/OBI_0000603" , "http://purl.obolibrary.org/obo/IAO_0000119" , "GROUP:<http://msi-ontology.sourceforge.net>" ,
 "liquid chromatography column" , "http://purl.obolibrary.org/obo/OBI_0000603" , "http://purl.obolibrary.org/obo/IAO_0000119" , "http://msi-ontology.sourceforge.net/ontology/CHROM.owl#msi_01227" ,
 "liquid chromatography column" , "http://purl.obolibrary.org/obo/OBI_0000603" , "http://purl.obolibrary.org/obo/IAO_0000114" , "http://purl.obolibrary.org/obo/IAO_0000120" ,
 "liquid chromatography column" , "http://purl.obolibrary.org/obo/OBI_0000603" , "http://purl.obolibrary.org/obo/IAO_0000117" , "PERSON:Daniel Schober" ,
 "liquid chromatography column" , "http://purl.obolibrary.org/obo/OBI_0000603" , "http://www.w3.org/2000/01/rdf-schema#subClassOf" , "http://purl.obolibrary.org/obo/OBI_0000038" ,
 "chromatography splitter" , "http://purl.obolibrary.org/obo/OBI_0000619" , "http://www.w3.org/1999/02/22-rdf-syntax-ns#type" , "http://www.w3.org/2002/07/owl#Class" ,
 "chromatography splitter" , "http://purl.obolibrary.org/obo/OBI_0000619" , "http://purl.obolibrary.org/obo/IAO_0000111" , "chromatography splitter" ,
 "chromatography splitter" , "http://purl.obolibrary.org/obo/OBI_0000619" , "http://purl.obolibrary.org/obo/IAO_0000115" , "An adjustable restriction that is placed in the waste outlet to allow the necessary pressure to develop at the column inlet to force a flow (q ml/min) through the column. If the flow of mobile phase is Q ml/min then the waste flow will be (Q-q) ml/min. by adjusting the waste flow, the proportion of the sample entering the capillary column can be varied over a wide range of values and the necessary minimum permissible volume for the particular column in use can be selected for analysis. Unfortunately, the fraction taken in this way may not be representative of the original sample. This is due to the individual solutes in the mixture having different diffusivities and, thus, they distribute themselves across the sampling tube in an irregular manner. In general, the components with higher diffusivities (e.g., those solutes of lower molecular weight) will diffuse away from the bulk sample more quickly than those having lower diffusivities." ,
 "chromatography splitter" , "http://purl.obolibrary.org/obo/OBI_0000619" , "http://purl.obolibrary.org/obo/IAO_0000232" , "chromatography device" ,
 "chromatography splitter" , "http://purl.obolibrary.org/obo/OBI_0000619" , "http://www.w3.org/2000/01/rdf-schema#label" , "chromatography splitter" ,
 "chromatography splitter" , "http://purl.obolibrary.org/obo/OBI_0000619" , "http://purl.obolibrary.org/obo/IAO_0000119" , "WEB:<http://www.chromatography-online.org/EC-Dispersion/GC-Capillary-Columns/rs13.html>" ,
 "chromatography splitter" , "http://purl.obolibrary.org/obo/OBI_0000619" , "http://purl.obolibrary.org/obo/IAO_0000119" , "http://msi-ontology.sourceforge.net/ontology/CHROM.owl#msi_01041" ,
 "chromatography splitter" , "http://purl.obolibrary.org/obo/OBI_0000619" , "http://purl.obolibrary.org/obo/IAO_0000114" , "http://purl.obolibrary.org/obo/IAO_0000120" ,
 "chromatography splitter" , "http://purl.obolibrary.org/obo/OBI_0000619" , "http://purl.obolibrary.org/obo/IAO_0000117" , "PERSON:Daniel Schober" ,
 "chromatography splitter" , "http://purl.obolibrary.org/obo/OBI_0000619" , "http://www.w3.org/2000/01/rdf-schema#subClassOf" , "http://purl.obolibrary.org/obo/OBI_0000048" ,
 "gas chromatography detector" , "http://purl.obolibrary.org/obo/OBI_0000637" , "http://www.w3.org/1999/02/22-rdf-syntax-ns#type" , "http://www.w3.org/2002/07/owl#Class" ,
 "gas chromatography detector" , "http://purl.obolibrary.org/obo/OBI_0000637" , "http://purl.obolibrary.org/obo/IAO_0000111" , "gas chromatography detector" ,
 "gas chromatography detector" , "http://purl.obolibrary.org/obo/OBI_0000637" , "http://purl.obolibrary.org/obo/IAO_0000115" , "A gas chromatography detector is a chromatography detector that locates in the dimensions of space and time, the positions of the components of a mixture that has been subjected to a gas chromatographic process and thus permits the senses to appreciate the nature of the separation. There is no LC detector that has an equivalent performance to the flame ionization detector (FID) used in GC. In general, LC detectors have sensitivities of two to three orders of magnitude less than their GC counterparts and linear dynamic ranges one to two orders of magnitude lower. Only highly specific LC detectors have sensitivities that can approach those of GC detectors." ,
 "gas chromatography detector" , "http://purl.obolibrary.org/obo/OBI_0000637" , "http://purl.obolibrary.org/obo/IAO_0000232" , "chromatography detector, defined class/xps" ,
 "gas chromatography detector" , "http://purl.obolibrary.org/obo/OBI_0000637" , "http://www.w3.org/2000/01/rdf-schema#label" , "gas chromatography detector" ,
 "gas chromatography detector" , "http://purl.obolibrary.org/obo/OBI_0000637" , "http://purl.obolibrary.org/obo/IAO_0000119" , "WEB:<http://www.chromatography-online.org/GC-Detectors/Classification/rs1.html>" ,
 "gas chromatography detector" , "http://purl.obolibrary.org/obo/OBI_0000637" , "http://purl.obolibrary.org/obo/IAO_0000119" , "http://msi-ontology.sourceforge.net/ontology/CHROM.owl#msi_01083" ,
 "gas chromatography detector" , "http://purl.obolibrary.org/obo/OBI_0000637" , "http://purl.obolibrary.org/obo/IAO_0000114" , "http://purl.obolibrary.org/obo/IAO_0000120" ,
 "gas chromatography detector" , "http://purl.obolibrary.org/obo/OBI_0000637" , "http://purl.obolibrary.org/obo/IAO_0000117" , "PERSON:Daniel Schober" ,
 "gas chromatography detector" , "http://purl.obolibrary.org/obo/OBI_0000637" , "http://purl.obolibrary.org/obo/IAO_0000118" , "FID" ,
 "gas chromatography detector" , "http://purl.obolibrary.org/obo/OBI_0000637" , "http://www.w3.org/2000/01/rdf-schema#subClassOf" , "http://purl.obolibrary.org/obo/OBI_0000481" ,
 "high performance liquid chromatography instrument" , "http://purl.obolibrary.org/obo/OBI_0001057" , "http://www.w3.org/1999/02/22-rdf-syntax-ns#type" , "http://www.w3.org/2002/07/owl#Class" ,
 "high performance liquid chromatography instrument" , "http://purl.obolibrary.org/obo/OBI_0001057" , "http://purl.obolibrary.org/obo/IAO_0000111" , "high performance liquid chromatography instrument" ,
 "high performance liquid chromatography instrument" , "http://purl.obolibrary.org/obo/OBI_0001057" , "http://purl.obolibrary.org/obo/IAO_0000115" , "A liquid chromatography instrument that consists of a reservoir of mobile phase, a pump, an injector, a separation column, and a detector. The pump (rather than gravity) provides the higher pressure required to propel the mobile phase and analyte through the densely packed column." ,
 "high performance liquid chromatography instrument" , "http://purl.obolibrary.org/obo/OBI_0001057" , "http://www.w3.org/2000/01/rdf-schema#label" , "high performance liquid chromatography instrument" ,
 "high performance liquid chromatography instrument" , "http://purl.obolibrary.org/obo/OBI_0001057" , "http://purl.obolibrary.org/obo/IAO_0000119" , "http://en.wikipedia.org/wiki/High_performance_liquid_chromatography" ,
 "high performance liquid chromatography instrument" , "http://purl.obolibrary.org/obo/OBI_0001057" , "http://purl.obolibrary.org/obo/IAO_0000114" , "http://purl.obolibrary.org/obo/IAO_0000120" ,
 "high performance liquid chromatography instrument" , "http://purl.obolibrary.org/obo/OBI_0001057" , "http://purl.obolibrary.org/obo/IAO_0000117" , "PERSON: Erik Segerdell" ,
 "high performance liquid chromatography instrument" , "http://purl.obolibrary.org/obo/OBI_0001057" , "http://www.w3.org/2000/01/rdf-schema#subClassOf" , "http://purl.obolibrary.org/obo/OBI_0001139" ,
 "denaturing high-performance liquid chromatography instrument" , "http://purl.obolibrary.org/obo/OBI_0001133" , "http://www.w3.org/1999/02/22-rdf-syntax-ns#type" , "http://www.w3.org/2002/07/owl#Class" ,
 "denaturing high-performance liquid chromatography instrument" , "http://purl.obolibrary.org/obo/OBI_0001133" , "http://purl.obolibrary.org/obo/IAO_0000111" , "denaturing high-performance liquid chromatography instrument" ,
 "denaturing high-performance liquid chromatography instrument" , "http://purl.obolibrary.org/obo/OBI_0001133" , "http://purl.obolibrary.org/obo/IAO_0000115" , "A high performance liquid chromatography instrument that employs temperature-dependent separation of DNA containing mismatched base pairs from PCR-amplified DNA fragments for chromatographic mutation analysis." ,
 "denaturing high-performance liquid chromatography instrument" , "http://purl.obolibrary.org/obo/OBI_0001133" , "http://www.w3.org/2000/01/rdf-schema#label" , "denaturing high-performance liquid chromatography instrument" ,
 "denaturing high-performance liquid chromatography instrument" , "http://purl.obolibrary.org/obo/OBI_0001133" , "http://purl.obolibrary.org/obo/IAO_0000119" , "doi:10.1385/1-59259-850-1:173" ,
 "denaturing high-performance liquid chromatography instrument" , "http://purl.obolibrary.org/obo/OBI_0001133" , "http://purl.obolibrary.org/obo/IAO_0000114" , "http://purl.obolibrary.org/obo/IAO_0000120" ,
 "denaturing high-performance liquid chromatography instrument" , "http://purl.obolibrary.org/obo/OBI_0001133" , "http://purl.obolibrary.org/obo/IAO_0000117" , "PERSON: Erik Segerdell" ,
 "denaturing high-performance liquid chromatography instrument" , "http://purl.obolibrary.org/obo/OBI_0001133" , "http://www.w3.org/2000/01/rdf-schema#subClassOf" , "http://purl.obolibrary.org/obo/OBI_0000932" ,
 "denaturing high-performance liquid chromatography instrument" , "http://purl.obolibrary.org/obo/OBI_0001133" , "http://www.w3.org/2000/01/rdf-schema#subClassOf" , "b167" ,
 "liquid chromatography instrument" , "http://purl.obolibrary.org/obo/OBI_0001139" , "http://www.w3.org/1999/02/22-rdf-syntax-ns#type" , "http://www.w3.org/2002/07/owl#Class" ,
 "liquid chromatography instrument" , "http://purl.obolibrary.org/obo/OBI_0001139" , "http://purl.obolibrary.org/obo/IAO_0000111" , "liquid chromatography instrument" ,
 "liquid chromatography instrument" , "http://purl.obolibrary.org/obo/OBI_0001139" , "http://purl.obolibrary.org/obo/IAO_0000115" , "A chromatography device that dissolves a mixture in liquid mobile phase to separate the analyte to be measured from other molecules in the mixture and allows it to be isolated" ,
 "liquid chromatography instrument" , "http://purl.obolibrary.org/obo/OBI_0001139" , "http://www.w3.org/2000/01/rdf-schema#label" , "liquid chromatography instrument" ,
 "liquid chromatography instrument" , "http://purl.obolibrary.org/obo/OBI_0001139" , "http://purl.obolibrary.org/obo/IAO_0000119" , "PERSON: Matthew Brush" ,
 "liquid chromatography instrument" , "http://purl.obolibrary.org/obo/OBI_0001139" , "http://purl.obolibrary.org/obo/IAO_0000114" , "http://purl.obolibrary.org/obo/IAO_0000120" ,
 "liquid chromatography instrument" , "http://purl.obolibrary.org/obo/OBI_0001139" , "http://purl.obolibrary.org/obo/IAO_0000117" , "PERSON: Matthew Brush" ,
 "liquid chromatography instrument" , "http://purl.obolibrary.org/obo/OBI_0001139" , "http://www.w3.org/2000/01/rdf-schema#subClassOf" , "http://purl.obolibrary.org/obo/OBI_0000048" ,
 "analytical chromatography" , "http://purl.obolibrary.org/obo/OBI_0001630" , "http://www.w3.org/1999/02/22-rdf-syntax-ns#type" , "http://www.w3.org/2002/07/owl#Class" ,
 "analytical chromatography" , "http://purl.obolibrary.org/obo/OBI_0001630" , "http://purl.obolibrary.org/obo/IAO_0000111" , "analytical chromatography" ,
 "analytical chromatography" , "http://purl.obolibrary.org/obo/OBI_0001630" , "http://purl.obolibrary.org/obo/IAO_0000115" , "An analyte assay that uses a biomaterial's preferential affinity for either the mobile phase or the stationary phase to separate it from other materials and thereby detect its presence in an input material." ,
 "analytical chromatography" , "http://purl.obolibrary.org/obo/OBI_0001630" , "http://www.w3.org/2000/01/rdf-schema#label" , "analytical chromatography" ,
 "analytical chromatography" , "http://purl.obolibrary.org/obo/OBI_0001630" , "http://purl.obolibrary.org/obo/IAO_0000119" , "IEDB" ,
 "analytical chromatography" , "http://purl.obolibrary.org/obo/OBI_0001630" , "http://purl.obolibrary.org/obo/IAO_0000114" , "http://purl.obolibrary.org/obo/IAO_0000120" ,
 "analytical chromatography" , "http://purl.obolibrary.org/obo/OBI_0001630" , "http://purl.obolibrary.org/obo/IAO_0000117" , "IEDB" ,
 "analytical chromatography" , "http://purl.obolibrary.org/obo/OBI_0001630" , "http://purl.obolibrary.org/obo/IAO_0000112" , "Detection of the presence of blood group A specific antibodies by passing a serum sample through an affinity column containing blood group A carbohydrate, and quantifying the protein content eluted from the column." ,
 "analytical chromatography" , "http://purl.obolibrary.org/obo/OBI_0001630" , "http://www.w3.org/2000/01/rdf-schema#subClassOf" , "http://purl.obolibrary.org/obo/OBI_0000443" ,
 "analytical chromatography" , "http://purl.obolibrary.org/obo/OBI_0001630" , "http://www.w3.org/2002/07/owl#equivalentClass" , "b168" ,
 "chromatography assay measuring binding of a B cell epitope:antibody complex" , "http://purl.obolibrary.org/obo/OBI_0001661" , "http://www.w3.org/1999/02/22-rdf-syntax-ns#type" , "http://www.w3.org/2002/07/owl#Class" ,
 "chromatography assay measuring binding of a B cell epitope:antibody complex" , "http://purl.obolibrary.org/obo/OBI_0001661" , "http://purl.obolibrary.org/obo/IAO_0000111" , "chromatography assay measuring binding of a B cell epitope:antibody complex" ,
 "chromatography assay measuring binding of a B cell epitope:antibody complex" , "http://purl.obolibrary.org/obo/OBI_0001661" , "http://purl.obolibrary.org/obo/IAO_0000115" , "A B cell epitope qualitative binding to antibody assay that uses an analytical chromatography assay." ,
 "chromatography assay measuring binding of a B cell epitope:antibody complex" , "http://purl.obolibrary.org/obo/OBI_0001661" , "http://www.w3.org/2000/01/rdf-schema#label" , "chromatography assay measuring binding of a B cell epitope:antibody complex" ,
 "chromatography assay measuring binding of a B cell epitope:antibody complex" , "http://purl.obolibrary.org/obo/OBI_0001661" , "http://purl.obolibrary.org/obo/IAO_0000119" , "IEDB" ,
 "chromatography assay measuring binding of a B cell epitope:antibody complex" , "http://purl.obolibrary.org/obo/OBI_0001661" , "http://purl.obolibrary.org/obo/IAO_0000114" , "http://purl.obolibrary.org/obo/IAO_0000120" ,
 "chromatography assay measuring binding of a B cell epitope:antibody complex" , "http://purl.obolibrary.org/obo/OBI_0001661" , "http://purl.obolibrary.org/obo/IAO_0000117" , "PERSON:Randi Vita, Jason Greenbaum, Bjoern Peters" ,
 "chromatography assay measuring binding of a B cell epitope:antibody complex" , "http://purl.obolibrary.org/obo/OBI_0001661" , "http://purl.obolibrary.org/obo/OBI_9991118" , "qualitative binding|chromatography" ,
 "chromatography assay measuring binding of a B cell epitope:antibody complex" , "http://purl.obolibrary.org/obo/OBI_0001661" , "http://www.w3.org/2000/01/rdf-schema#subClassOf" , "http://purl.obolibrary.org/obo/OBI_0001703" ,
 "chromatography assay measuring binding of a B cell epitope:antibody complex" , "http://purl.obolibrary.org/obo/OBI_0001661" , "http://www.w3.org/2002/07/owl#equivalentClass" , "b169" ,
 "chromatography assay measuring the association constant [KA] of a B cell epitope:antibody complex" , "http://purl.obolibrary.org/obo/OBI_0001995" , "http://www.w3.org/1999/02/22-rdf-syntax-ns#type" , "http://www.w3.org/2002/07/owl#Class" ,
 "chromatography assay measuring the association constant [KA] of a B cell epitope:antibody complex" , "http://purl.obolibrary.org/obo/OBI_0001995" , "http://purl.obolibrary.org/obo/IAO_0000111" , "chromatography assay measuring the association constant [KA] of a B cell epitope:antibody complex" ,
 "chromatography assay measuring the association constant [KA] of a B cell epitope:antibody complex" , "http://purl.obolibrary.org/obo/OBI_0001995" , "http://purl.obolibrary.org/obo/IAO_0000115" , "A B cell epitope equilibrium association constant (KA) determination assay that uses an analytical chromatography assay." ,
 "chromatography assay measuring the association constant [KA] of a B cell epitope:antibody complex" , "http://purl.obolibrary.org/obo/OBI_0001995" , "http://www.w3.org/2000/01/rdf-schema#label" , "chromatography assay measuring the association constant [KA] of a B cell epitope:antibody complex" ,
 "chromatography assay measuring the association constant [KA] of a B cell epitope:antibody complex" , "http://purl.obolibrary.org/obo/OBI_0001995" , "http://purl.obolibrary.org/obo/IAO_0000119" , "IEDB" ,
 "chromatography assay measuring the association constant [KA] of a B cell epitope:antibody complex" , "http://purl.obolibrary.org/obo/OBI_0001995" , "http://purl.obolibrary.org/obo/IAO_0000114" , "http://purl.obolibrary.org/obo/IAO_0000120" ,
 "chromatography assay measuring the association constant [KA] of a B cell epitope:antibody complex" , "http://purl.obolibrary.org/obo/OBI_0001995" , "http://purl.obolibrary.org/obo/IAO_0000117" , "PERSON:Randi Vita, Jason Greenbaum, Bjoern Peters" ,
 "chromatography assay measuring the association constant [KA] of a B cell epitope:antibody complex" , "http://purl.obolibrary.org/obo/OBI_0001995" , "http://purl.obolibrary.org/obo/OBI_9991118" , "association constant KA|chromatography|1/nM" ,
 "chromatography assay measuring the association constant [KA] of a B cell epitope:antibody complex" , "http://purl.obolibrary.org/obo/OBI_0001995" , "http://www.w3.org/2000/01/rdf-schema#subClassOf" , "http://purl.obolibrary.org/obo/OBI_0001719" ,
 "chromatography assay measuring the association constant [KA] of a B cell epitope:antibody complex" , "http://purl.obolibrary.org/obo/OBI_0001995" , "http://www.w3.org/2002/07/owl#equivalentClass" , "b170" ,
 "chromatography assay measuring the dissociation constant [KD] of a B cell epitope:antibody complex" , "http://purl.obolibrary.org/obo/OBI_0001996" , "http://www.w3.org/1999/02/22-rdf-syntax-ns#type" , "http://www.w3.org/2002/07/owl#Class" ,
 "chromatography assay measuring the dissociation constant [KD] of a B cell epitope:antibody complex" , "http://purl.obolibrary.org/obo/OBI_0001996" , "http://purl.obolibrary.org/obo/IAO_0000111" , "chromatography assay measuring the dissociation constant [KD] of a B cell epitope:antibody complex" ,
 "chromatography assay measuring the dissociation constant [KD] of a B cell epitope:antibody complex" , "http://purl.obolibrary.org/obo/OBI_0001996" , "http://purl.obolibrary.org/obo/IAO_0000115" , "A B cell epitope equilibrium dissociation constant (KD) determination assay that uses an analytical chromatography assay." ,
 "chromatography assay measuring the dissociation constant [KD] of a B cell epitope:antibody complex" , "http://purl.obolibrary.org/obo/OBI_0001996" , "http://www.w3.org/2000/01/rdf-schema#label" , "chromatography assay measuring the dissociation constant [KD] of a B cell epitope:antibody complex" ,
 "chromatography assay measuring the dissociation constant [KD] of a B cell epitope:antibody complex" , "http://purl.obolibrary.org/obo/OBI_0001996" , "http://purl.obolibrary.org/obo/IAO_0000119" , "IEDB" ,
 "chromatography assay measuring the dissociation constant [KD] of a B cell epitope:antibody complex" , "http://purl.obolibrary.org/obo/OBI_0001996" , "http://purl.obolibrary.org/obo/IAO_0000114" , "http://purl.obolibrary.org/obo/IAO_0000120" ,
 "chromatography assay measuring the dissociation constant [KD] of a B cell epitope:antibody complex" , "http://purl.obolibrary.org/obo/OBI_0001996" , "http://purl.obolibrary.org/obo/IAO_0000117" , "PERSON:Randi Vita, Jason Greenbaum, Bjoern Peters" ,
 "chromatography assay measuring the dissociation constant [KD] of a B cell epitope:antibody complex" , "http://purl.obolibrary.org/obo/OBI_0001996" , "http://purl.obolibrary.org/obo/OBI_9991118" , "dissociation constant KD|chromatography|nM" ,
 "chromatography assay measuring the dissociation constant [KD] of a B cell epitope:antibody complex" , "http://purl.obolibrary.org/obo/OBI_0001996" , "http://www.w3.org/2000/01/rdf-schema#subClassOf" , "http://purl.obolibrary.org/obo/OBI_0001708" ,
 "chromatography assay measuring the dissociation constant [KD] of a B cell epitope:antibody complex" , "http://purl.obolibrary.org/obo/OBI_0001996" , "http://www.w3.org/2002/07/owl#equivalentClass" , "b171" ,
 "gas chromatography mass spectrometry" , "http://purl.obolibrary.org/obo/OBI_0200199" , "http://www.w3.org/1999/02/22-rdf-syntax-ns#type" , "http://www.w3.org/2002/07/owl#Class" ,
 "gas chromatography mass spectrometry" , "http://purl.obolibrary.org/obo/OBI_0200199" , "http://purl.obolibrary.org/obo/IAO_0000111" , "gas chromatography mass spectrometry" ,
 "gas chromatography mass spectrometry" , "http://purl.obolibrary.org/obo/OBI_0200199" , "http://purl.obolibrary.org/obo/IAO_0000115" , "Gas chromatography mass spectrometry is a data transformation combining mass spectrometry and  
gas chromatography for the qualitative as well as quantitative  
determinations of compounds." ,
 "gas chromatography mass spectrometry" , "http://purl.obolibrary.org/obo/OBI_0200199" , "http://www.w3.org/2000/01/rdf-schema#label" , "gas chromatography mass spectrometry" ,
 "gas chromatography mass spectrometry" , "http://purl.obolibrary.org/obo/OBI_0200199" , "http://purl.obolibrary.org/obo/IAO_0000119" , "PERSON: Tina Boussard" ,
 "gas chromatography mass spectrometry" , "http://purl.obolibrary.org/obo/OBI_0200199" , "http://purl.obolibrary.org/obo/IAO_0000114" , "http://purl.obolibrary.org/obo/IAO_0000123" ,
 "gas chromatography mass spectrometry" , "http://purl.obolibrary.org/obo/OBI_0200199" , "http://purl.obolibrary.org/obo/IAO_0000117" , "PERSON: James Malone" ,
 "gas chromatography mass spectrometry" , "http://purl.obolibrary.org/obo/OBI_0200199" , "http://purl.obolibrary.org/obo/IAO_0000117" , "PERSON: Tina Boussard" ,
 "gas chromatography mass spectrometry" , "http://purl.obolibrary.org/obo/OBI_0200199" , "http://www.w3.org/2000/01/rdf-schema#subClassOf" , "http://purl.obolibrary.org/obo/OBI_0200085" ,
 "gas chromatography mass spectrometry" , "http://purl.obolibrary.org/obo/OBI_0200199" , "http://www.w3.org/2000/01/rdf-schema#subClassOf" , "b137" ,
 "preparative chromatography" , "http://purl.obolibrary.org/obo/OBI_0600046" , "http://www.w3.org/1999/02/22-rdf-syntax-ns#type" , "http://www.w3.org/2002/07/owl#Class" ,
 "preparative chromatography" , "http://purl.obolibrary.org/obo/OBI_0600046" , "http://purl.obolibrary.org/obo/IAO_0000111" , "preparative chromatography" ,
 "preparative chromatography" , "http://purl.obolibrary.org/obo/OBI_0600046" , "http://purl.obolibrary.org/obo/IAO_0000115" , "the use of a biomaterial's preferential affinity for either the mobile phase or the stationary phase to separate it from other materials of differing affinity" ,
 "preparative chromatography" , "http://purl.obolibrary.org/obo/OBI_0600046" , "http://www.w3.org/2000/01/rdf-schema#label" , "preparative chromatography" ,
 "preparative chromatography" , "http://purl.obolibrary.org/obo/OBI_0600046" , "http://purl.obolibrary.org/obo/IAO_0000119" , "OBI branch derived" ,
 "preparative chromatography" , "http://purl.obolibrary.org/obo/OBI_0600046" , "http://purl.obolibrary.org/obo/IAO_0000114" , "http://purl.obolibrary.org/obo/IAO_0000125" ,
 "preparative chromatography" , "http://purl.obolibrary.org/obo/OBI_0600046" , "http://purl.obolibrary.org/obo/IAO_0000117" , "PERSON:Kevin Clancy; Bjoern Peters" ,
 "preparative chromatography" , "http://purl.obolibrary.org/obo/OBI_0600046" , "http://purl.obolibrary.org/obo/IAO_0000112" , "The use of gas chromatography in order separate out from an input sample of eggs a fraction that would be enriched for pesticides." ,
 "preparative chromatography" , "http://purl.obolibrary.org/obo/OBI_0600046" , "http://www.w3.org/2000/01/rdf-schema#subClassOf" , "http://purl.obolibrary.org/obo/OBI_0600014" ,
 "preparative chromatography" , "http://purl.obolibrary.org/obo/OBI_0600046" , "http://www.w3.org/2000/01/rdf-schema#subClassOf" , "b172" ,
 "preparative chromatography" , "http://purl.obolibrary.org/obo/OBI_0600046" , "http://www.w3.org/2000/01/rdf-schema#subClassOf" , "b173" ,
 "preparative chromatography" , "http://purl.obolibrary.org/obo/OBI_0600046" , "http://www.w3.org/2000/01/rdf-schema#subClassOf" , "b174" ,
 "preparative chromatography" , "http://purl.obolibrary.org/obo/OBI_0600046" , "http://www.w3.org/2000/01/rdf-schema#subClassOf" , "b175" ,
 "chromatography column" , "http://purl.obolibrary.org/obo/OBI_0000038" , "http://www.w3.org/1999/02/22-rdf-syntax-ns#type" , "http://www.w3.org/2002/07/owl#Class" ,
 "chromatography column" , "http://purl.obolibrary.org/obo/OBI_0000038" , "http://purl.obolibrary.org/obo/IAO_0000111" , "chromatography column" ,
 "chromatography column" , "http://purl.obolibrary.org/obo/OBI_0000038" , "http://purl.obolibrary.org/obo/IAO_0000115" , "Chromatography column in chemistry is a tube and contents (typically glass) used to purify individual chemical compounds from mixtures of compounds. It is often used for preparative applications on scales from micrograms up to kilograms." ,
 "chromatography column" , "http://purl.obolibrary.org/obo/OBI_0000038" , "http://purl.obolibrary.org/obo/IAO_0000232" , "open tracker https://sourceforge.net/tracker/index.php?func=detail&aid=2881353&group_id=177891&atid=886178" ,
 "chromatography column" , "http://purl.obolibrary.org/obo/OBI_0000038" , "http://www.w3.org/2000/01/rdf-schema#label" , "chromatography column" ,
 "chromatography column" , "http://purl.obolibrary.org/obo/OBI_0000038" , "http://purl.obolibrary.org/obo/IAO_0000119" , "http://en.wikipedia.org/wiki/Column_chromatography" ,
 "chromatography column" , "http://purl.obolibrary.org/obo/OBI_0000038" , "http://purl.obolibrary.org/obo/IAO_0000114" , "http://purl.obolibrary.org/obo/IAO_0000123" ,
 "chromatography column" , "http://purl.obolibrary.org/obo/OBI_0000038" , "http://purl.obolibrary.org/obo/IAO_0000117" , "Frank Gibson" ,
 "chromatography column" , "http://purl.obolibrary.org/obo/OBI_0000038" , "http://www.w3.org/2000/01/rdf-schema#subClassOf" , "http://purl.obolibrary.org/obo/OBI_0000932" ,
 "chromatography column" , "http://purl.obolibrary.org/obo/OBI_0000038" , "http://www.w3.org/2000/01/rdf-schema#subClassOf" , "b159" ,
 "chromatography column" , "http://purl.obolibrary.org/obo/OBI_0000038" , "http://www.w3.org/2000/01/rdf-schema#subClassOf" , "b160" ,
 "chromatography device" , "http://purl.obolibrary.org/obo/OBI_0000048" , "http://www.w3.org/1999/02/22-rdf-syntax-ns#type" , "http://www.w3.org/2002/07/owl#Class" ,
 "chromatography device" , "http://purl.obolibrary.org/obo/OBI_0000048" , "http://purl.obolibrary.org/obo/IAO_0000111" , "chromatography device" ,
 "chromatography device" , "http://purl.obolibrary.org/obo/OBI_0000048" , "http://purl.obolibrary.org/obo/IAO_0000115" , "a device that facilitates the separation of mixtures. The function of a chromatography device involves passing a mixture dissolved in a "mobile phase" through a stationary phase, which separates the analyte to be measured from other molecules in the mixture and allows it to be isolated." ,
 "chromatography device" , "http://purl.obolibrary.org/obo/OBI_0000048" , "http://purl.obolibrary.org/obo/IAO_0000232" , "open tracker https://sourceforge.net/tracker/index.php?func=detail&aid=2881353&group_id=177891&atid=886178" ,
 "chromatography device" , "http://purl.obolibrary.org/obo/OBI_0000048" , "http://www.w3.org/2000/01/rdf-schema#label" , "chromatography device" ,
 "chromatography device" , "http://purl.obolibrary.org/obo/OBI_0000048" , "http://purl.obolibrary.org/obo/IAO_0000119" , "http://en.wikipedia.org/wiki/Chromatography" ,
 "chromatography device" , "http://purl.obolibrary.org/obo/OBI_0000048" , "http://purl.obolibrary.org/obo/IAO_0000114" , "http://purl.obolibrary.org/obo/IAO_0000120" ,
 "chromatography device" , "http://purl.obolibrary.org/obo/OBI_0000048" , "http://purl.obolibrary.org/obo/IAO_0000117" , "Frank Gibson" ,
 "chromatography device" , "http://purl.obolibrary.org/obo/OBI_0000048" , "http://purl.obolibrary.org/obo/IAO_0000118" , "chromatography instrument" ,
 "chromatography device" , "http://purl.obolibrary.org/obo/OBI_0000048" , "http://www.w3.org/2000/01/rdf-schema#subClassOf" , "http://purl.obolibrary.org/obo/OBI_0000932" ,
 "chromatography device" , "http://purl.obolibrary.org/obo/OBI_0000048" , "http://www.w3.org/2000/01/rdf-schema#subClassOf" , "http://purl.obolibrary.org/obo/OBI_0000832" ,
 "chromatography device" , "http://purl.obolibrary.org/obo/OBI_0000048" , "http://www.w3.org/2000/01/rdf-schema#subClassOf" , "http://purl.obolibrary.org/obo/OBI_0002089" ,
 "chromatography device" , "http://purl.obolibrary.org/obo/OBI_0000048" , "http://www.w3.org/2000/01/rdf-schema#subClassOf" , "b161" ,
 "chromatography device" , "http://purl.obolibrary.org/obo/OBI_0000048" , "http://www.w3.org/2000/01/rdf-schema#subClassOf" , "b162" ,
 "chromatography device" , "http://purl.obolibrary.org/obo/OBI_0000048" , "http://www.w3.org/2000/01/rdf-schema#subClassOf" , "b163" ,
 "chromatography device" , "http://purl.obolibrary.org/obo/OBI_0000048" , "http://www.w3.org/2000/01/rdf-schema#subClassOf" , "b164" ,
 "chromatography instrument" , "http://purl.obolibrary.org/obo/OBI_0000485" , "http://www.w3.org/1999/02/22-rdf-syntax-ns#type" , "http://www.w3.org/2002/07/owl#Class" ,
 "chromatography instrument" , "http://purl.obolibrary.org/obo/OBI_0000485" , "http://purl.obolibrary.org/obo/IAO_0000111" , "chromatography instrument" ,
 "chromatography instrument" , "http://purl.obolibrary.org/obo/OBI_0000485" , "http://purl.obolibrary.org/obo/IAO_0000115" , "Any instrument that is used to carry out a chromatography experiment." ,
 "chromatography instrument" , "http://purl.obolibrary.org/obo/OBI_0000485" , "http://purl.obolibrary.org/obo/IAO_0000232" , "chromatography device, defined class?" ,
 "chromatography instrument" , "http://purl.obolibrary.org/obo/OBI_0000485" , "http://www.w3.org/2000/01/rdf-schema#label" , "chromatography instrument" ,
 "chromatography instrument" , "http://purl.obolibrary.org/obo/OBI_0000485" , "http://purl.obolibrary.org/obo/IAO_0000119" , "GROUP:<http://msi-ontology.sourceforge.net>" ,
 "chromatography instrument" , "http://purl.obolibrary.org/obo/OBI_0000485" , "http://purl.obolibrary.org/obo/IAO_0000119" , "http://msi-ontology.sourceforge.net/ontology/CHROM.owl#msi_01262" ,
 "chromatography instrument" , "http://purl.obolibrary.org/obo/OBI_0000485" , "http://purl.obolibrary.org/obo/IAO_0000114" , "http://purl.obolibrary.org/obo/IAO_0000120" ,
 "chromatography instrument" , "http://purl.obolibrary.org/obo/OBI_0000485" , "http://purl.obolibrary.org/obo/IAO_0000117" , "PERSON:Daniel Schober" ,
 "chromatography instrument" , "http://purl.obolibrary.org/obo/OBI_0000485" , "http://www.w3.org/2000/01/rdf-schema#subClassOf" , "http://purl.obolibrary.org/obo/OBI_0000932" ,
 "chromatography instrument" , "http://purl.obolibrary.org/obo/OBI_0000485" , "http://www.w3.org/2000/01/rdf-schema#subClassOf" , "b165" ,
 "liquid chromatography mass spectrometry platform" , "http://purl.obolibrary.org/obo/OBI_0000051" , "http://www.w3.org/1999/02/22-rdf-syntax-ns#type" , "http://www.w3.org/2002/07/owl#Class" ,
 "liquid chromatography mass spectrometry platform" , "http://purl.obolibrary.org/obo/OBI_0000051" , "http://purl.obolibrary.org/obo/IAO_0000111" , "liquid chromatography mass spectrometry platform" ,
 "liquid chromatography mass spectrometry platform" , "http://purl.obolibrary.org/obo/OBI_0000051" , "http://purl.obolibrary.org/obo/IAO_0000115" , "A liquid chromatography mass spectrometry platform is a platform that is the collection of instrument, software and reagents needed to perform a liquid chromatography mass spectrometry protocol. definition_source: OBI." ,
 "liquid chromatography mass spectrometry platform" , "http://purl.obolibrary.org/obo/OBI_0000051" , "http://www.w3.org/2000/01/rdf-schema#label" , "liquid chromatography mass spectrometry platform" ,
 "liquid chromatography mass spectrometry platform" , "http://purl.obolibrary.org/obo/OBI_0000051" , "http://purl.obolibrary.org/obo/IAO_0000119" , "OBI Instrument branch" ,
 "liquid chromatography mass spectrometry platform" , "http://purl.obolibrary.org/obo/OBI_0000051" , "http://purl.obolibrary.org/obo/IAO_0000114" , "http://purl.obolibrary.org/obo/IAO_0000123" ,
 "liquid chromatography mass spectrometry platform" , "http://purl.obolibrary.org/obo/OBI_0000051" , "http://purl.obolibrary.org/obo/IAO_0000117" , "OBI instrument branch" ,
 "liquid chromatography mass spectrometry platform" , "http://purl.obolibrary.org/obo/OBI_0000051" , "http://www.w3.org/2000/01/rdf-schema#subClassOf" , "http://purl.obolibrary.org/obo/OBI_0000932" ,
 "liquid chromatography mass spectrometry platform" , "http://purl.obolibrary.org/obo/OBI_0000051" , "http://www.w3.org/2000/01/rdf-schema#subClassOf" , "http://purl.obolibrary.org/obo/OBI_0000832" ,
 "liquid chromatography mass spectrometry platform" , "http://purl.obolibrary.org/obo/OBI_0000051" , "http://www.w3.org/2000/01/rdf-schema#subClassOf" , "b111" ,
 "liquid chromatography mass spectrometry platform" , "http://purl.obolibrary.org/obo/OBI_0000051" , "http://www.w3.org/2000/01/rdf-schema#subClassOf" , "b112" ,
 "liquid chromatography mass spectrometry platform" , "http://purl.obolibrary.org/obo/OBI_0000051" , "http://www.w3.org/2000/01/rdf-schema#subClassOf" , "b113" ,
 "liquid chromatography mass spectrometry platform" , "http://purl.obolibrary.org/obo/OBI_0000051" , "http://www.w3.org/2000/01/rdf-schema#subClassOf" , "b114" ,
 "column chromatography detector" , "http://purl.obolibrary.org/obo/OBI_0000463" , "http://www.w3.org/1999/02/22-rdf-syntax-ns#type" , "http://www.w3.org/2002/07/owl#Class" ,
 "column chromatography detector" , "http://purl.obolibrary.org/obo/OBI_0000463" , "http://purl.obolibrary.org/obo/IAO_0000111" , "column chromatography detector" ,
 "column chromatography detector" , "http://purl.obolibrary.org/obo/OBI_0000463" , "http://purl.obolibrary.org/obo/IAO_0000115" , "There is a wide range of detectors available for both GC and LC each having their own particular areas of application. In general the more catholic the response, the less sensitive the detector and the most sensitive detectors are those that have a specific response. The performance of all detectors should be properly specified so that the user can determine which is most suitable for a specific application. Such specifications are also essential to compare the performance of different detectors supplied by alternative instrument manufactures. Detector specifications should be presented in a standard form and in standard units, so that detectors can be compared that function on widely different principles." ,
 "column chromatography detector" , "http://purl.obolibrary.org/obo/OBI_0000463" , "http://purl.obolibrary.org/obo/IAO_0000232" , "chromatography detector, defined class/xps" ,
 "column chromatography detector" , "http://purl.obolibrary.org/obo/OBI_0000463" , "http://www.w3.org/2000/01/rdf-schema#label" , "column chromatography detector" ,
 "column chromatography detector" , "http://purl.obolibrary.org/obo/OBI_0000463" , "http://purl.obolibrary.org/obo/IAO_0000119" , "WEB:<http://www.chromatography-online.org/Principles/Basic-Chromatograph/Detector/rs56.html>" ,
 "column chromatography detector" , "http://purl.obolibrary.org/obo/OBI_0000463" , "http://purl.obolibrary.org/obo/IAO_0000119" , "http://msi-ontology.sourceforge.net/ontology/CHROM.owl#msi_01077" ,
 "column chromatography detector" , "http://purl.obolibrary.org/obo/OBI_0000463" , "http://purl.obolibrary.org/obo/IAO_0000114" , "http://purl.obolibrary.org/obo/IAO_0000120" ,
 "column chromatography detector" , "http://purl.obolibrary.org/obo/OBI_0000463" , "http://purl.obolibrary.org/obo/IAO_0000117" , "PERSON:Daniel Schober" ,
 "column chromatography detector" , "http://purl.obolibrary.org/obo/OBI_0000463" , "http://www.w3.org/2000/01/rdf-schema#subClassOf" , "http://purl.obolibrary.org/obo/OBI_0000832" ,
 "column chromatography detector" , "http://purl.obolibrary.org/obo/OBI_0000463" , "http://www.w3.org/2000/01/rdf-schema#subClassOf" , "b166" ,
 "chromatography detector" , "http://purl.obolibrary.org/obo/OBI_0000481" , "http://www.w3.org/1999/02/22-rdf-syntax-ns#type" , "http://www.w3.org/2002/07/owl#Class" ,
 "chromatography detector" , "http://purl.obolibrary.org/obo/OBI_0000481" , "http://purl.obolibrary.org/obo/IAO_0000111" , "chromatography detector" ,
 "chromatography detector" , "http://purl.obolibrary.org/obo/OBI_0000481" , "http://purl.obolibrary.org/obo/IAO_0000115" , "A chromatography detector is a device that locates in the dimensions of space and time, the positions of the components of a mixture that has been subjected to a chromatographic process and thus permits the senses to appreciate the nature of the separation.  Defining characteristics are Dynamic Range, Response Index or Linearity, Linear Dynamic range, Detector Response,  Detector Noise Level, Detector Sensitivity or Minimum Detectable Concentration, Total System Dispersion, Sensor Dimensions, Detector Time Constant, Pressure Sensitivity, Flow Sensitivity, Operating Temperature Range." ,
 "chromatography detector" , "http://purl.obolibrary.org/obo/OBI_0000481" , "http://www.w3.org/2000/01/rdf-schema#label" , "chromatography detector" ,
 "chromatography detector" , "http://purl.obolibrary.org/obo/OBI_0000481" , "http://purl.obolibrary.org/obo/IAO_0000119" , "WEB:<http://www.chromatography-online.org/GC-Detectors/Classification/rs1.html>" ,
 "chromatography detector" , "http://purl.obolibrary.org/obo/OBI_0000481" , "http://purl.obolibrary.org/obo/IAO_0000119" , "http://msi-ontology.sourceforge.net/ontology/CHROM.owl#msi_01012" ,
 "chromatography detector" , "http://purl.obolibrary.org/obo/OBI_0000481" , "http://purl.obolibrary.org/obo/IAO_0000114" , "http://purl.obolibrary.org/obo/IAO_0000120" ,
 "chromatography detector" , "http://purl.obolibrary.org/obo/OBI_0000481" , "http://purl.obolibrary.org/obo/IAO_0000117" , "PERSON:Daniel Schober" ,
 "chromatography detector" , "http://purl.obolibrary.org/obo/OBI_0000481" , "http://www.w3.org/2000/01/rdf-schema#subClassOf" , "http://purl.obolibrary.org/obo/OBI_0000485" ,
 "liquid chromatography autosampler" , "http://purl.obolibrary.org/obo/OBI_0000494" , "http://www.w3.org/1999/02/22-rdf-syntax-ns#type" , "http://www.w3.org/2002/07/owl#Class" ,
 "liquid chromatography autosampler" , "http://purl.obolibrary.org/obo/OBI_0000494" , "http://purl.obolibrary.org/obo/IAO_0000111" , "liquid chromatography autosampler" ,
 "liquid chromatography autosampler" , "http://purl.obolibrary.org/obo/OBI_0000494" , "http://purl.obolibrary.org/obo/IAO_0000115" , "Designed to perform capillary LC with injection of sample volumes ranging from nL to L." ,
 "liquid chromatography autosampler" , "http://purl.obolibrary.org/obo/OBI_0000494" , "http://www.w3.org/2000/01/rdf-schema#label" , "liquid chromatography autosampler" ,
 "liquid chromatography autosampler" , "http://purl.obolibrary.org/obo/OBI_0000494" , "http://purl.obolibrary.org/obo/IAO_0000119" , "GROUP:<http://msi-ontology.sourceforge.net>" ,
 "liquid chromatography autosampler" , "http://purl.obolibrary.org/obo/OBI_0000494" , "http://purl.obolibrary.org/obo/IAO_0000119" , "http://msi-ontology.sourceforge.net/ontology/CHROM.owl#msi_01061" ,
 "liquid chromatography autosampler" , "http://purl.obolibrary.org/obo/OBI_0000494" , "http://purl.obolibrary.org/obo/IAO_0000114" , "http://purl.obolibrary.org/obo/IAO_0000120" ,
 "liquid chromatography autosampler" , "http://purl.obolibrary.org/obo/OBI_0000494" , "http://purl.obolibrary.org/obo/IAO_0000117" , "PERSON:Daniel Schober" ,
 "liquid chromatography autosampler" , "http://purl.obolibrary.org/obo/OBI_0000494" , "http://www.w3.org/2000/01/rdf-schema#subClassOf" , "http://purl.obolibrary.org/obo/OBI_0000485" ,
 "gas chromatography equipment" , "http://purl.obolibrary.org/obo/OBI_0000542" , "http://www.w3.org/1999/02/22-rdf-syntax-ns#type" , "http://www.w3.org/2002/07/owl#Class" ,
 "gas chromatography equipment" , "http://purl.obolibrary.org/obo/OBI_0000542" , "http://purl.obolibrary.org/obo/IAO_0000111" , "gas chromatography equipment" ,
 "gas chromatography equipment" , "http://purl.obolibrary.org/obo/OBI_0000542" , "http://purl.obolibrary.org/obo/IAO_0000115" , "Any device used in a gas chromatography experiment." ,
 "gas chromatography equipment" , "http://purl.obolibrary.org/obo/OBI_0000542" , "http://purl.obolibrary.org/obo/IAO_0000232" , "will become defined class/xps" ,
 "gas chromatography equipment" , "http://purl.obolibrary.org/obo/OBI_0000542" , "http://www.w3.org/2000/01/rdf-schema#label" , "gas chromatography equipment" ,
 "gas chromatography equipment" , "http://purl.obolibrary.org/obo/OBI_0000542" , "http://purl.obolibrary.org/obo/IAO_0000119" , "GROUP:<http://msi-ontology.sourceforge.net>" ,
 "gas chromatography equipment" , "http://purl.obolibrary.org/obo/OBI_0000542" , "http://purl.obolibrary.org/obo/IAO_0000119" , "http://msi-ontology.sourceforge.net/ontology/CHROM.owl#msi_01030" ,
 "gas chromatography equipment" , "http://purl.obolibrary.org/obo/OBI_0000542" , "http://purl.obolibrary.org/obo/IAO_0000114" , "http://purl.obolibrary.org/obo/IAO_0000120" ,
 "gas chromatography equipment" , "http://purl.obolibrary.org/obo/OBI_0000542" , "http://purl.obolibrary.org/obo/IAO_0000117" , "PERSON:Daniel Schober" ,
 "gas chromatography equipment" , "http://purl.obolibrary.org/obo/OBI_0000542" , "http://www.w3.org/2000/01/rdf-schema#subClassOf" , "http://purl.obolibrary.org/obo/OBI_0000048" ,
 "liquid chromatography valve" , "http://purl.obolibrary.org/obo/OBI_0000528" , "http://www.w3.org/1999/02/22-rdf-syntax-ns#type" , "http://www.w3.org/2002/07/owl#Class" ,
 "liquid chromatography valve" , "http://purl.obolibrary.org/obo/OBI_0000528" , "http://purl.obolibrary.org/obo/IAO_0000111" , "liquid chromatography valve" ,
 "liquid chromatography valve" , "http://purl.obolibrary.org/obo/OBI_0000528" , "http://purl.obolibrary.org/obo/IAO_0000115" , "A sample valve that must be able to sustain pressures up to 10,000 p.s.i., although it is most likely to operate on a continuous basis, at pressures of 3,000 p.s.i. or less. The higher the operating pressure the tighter the valve seating surfaces must be forced together to eliminate any leak. It follows that any abrasive material, however fine, that passes into the valve can cause the valve seating to become scored each time it is rotated which will ultimately lead to leaks. This will cause the sample size to vary between samples and eventually affect the accuracy of the analysis. It follows that any solid material must be carefully removed from any sample before filling the valve. The sample volume of an internal loop valve is situated in the connecting slot of the valve rotor and can be used only for relatively small sample volumes. Internal sample loop valves provide samples with volumes ranging from 0.1 ml to about 0.5 ml. Valve operation is shown in figure 6. The left-hand side diagram shows the load position. The sample occupies the rotor slot and has been filled by passing the sample from an appropriate syringe through the rotor slot to waste. While loading the sample, the mobile phase supply is passed through the valve directly to the column. To place the sample onto the column, the valve is then rotated and the valve slot containing the sample is now placed between the solvent supply and the column. As a result, the sample is passed into the column by the flow of solvent." ,
 "liquid chromatography valve" , "http://purl.obolibrary.org/obo/OBI_0000528" , "http://purl.obolibrary.org/obo/IAO_0000232" , "chromatography device" ,
 "liquid chromatography valve" , "http://purl.obolibrary.org/obo/OBI_0000528" , "http://www.w3.org/2000/01/rdf-schema#label" , "liquid chromatography valve" ,
 "liquid chromatography valve" , "http://purl.obolibrary.org/obo/OBI_0000528" , "http://purl.obolibrary.org/obo/IAO_0000119" , "WEB:<http://www.chromatography-online.org/EC-Dispersion/HPLC-Sample-Valves/rs16.html>" ,
 "liquid chromatography valve" , "http://purl.obolibrary.org/obo/OBI_0000528" , "http://purl.obolibrary.org/obo/IAO_0000119" , "http://msi-ontology.sourceforge.net/ontology/CHROM.owl#msi_01110" ,
 "liquid chromatography valve" , "http://purl.obolibrary.org/obo/OBI_0000528" , "http://purl.obolibrary.org/obo/IAO_0000114" , "http://purl.obolibrary.org/obo/IAO_0000120" ,
 "liquid chromatography valve" , "http://purl.obolibrary.org/obo/OBI_0000528" , "http://purl.obolibrary.org/obo/IAO_0000117" , "PERSON:Daniel Schober" ,
 "liquid chromatography valve" , "http://purl.obolibrary.org/obo/OBI_0000528" , "http://www.w3.org/2000/01/rdf-schema#subClassOf" , "http://purl.obolibrary.org/obo/OBI_0000048" ,
 "gas chromatography oven" , "http://purl.obolibrary.org/obo/OBI_0000554" , "http://www.w3.org/1999/02/22-rdf-syntax-ns#type" , "http://www.w3.org/2002/07/owl#Class" ,
 "gas chromatography oven" , "http://purl.obolibrary.org/obo/OBI_0000554" , "http://purl.obolibrary.org/obo/IAO_0000111" , "gas chromatography oven" ,
 "gas chromatography oven" , "http://purl.obolibrary.org/obo/OBI_0000554" , "http://purl.obolibrary.org/obo/IAO_0000115" , "A gas chromatography oven is an oven with a heated connection between the GC and the MS instrument in a GCMS-analysis, that keeps compounds in the gas phase as they leave the GC oven." ,
 "gas chromatography oven" , "http://purl.obolibrary.org/obo/OBI_0000554" , "http://purl.obolibrary.org/obo/IAO_0000232" , "gas chromatography equipment" ,
 "gas chromatography oven" , "http://purl.obolibrary.org/obo/OBI_0000554" , "http://www.w3.org/2000/01/rdf-schema#label" , "gas chromatography oven" ,
 "gas chromatography oven" , "http://purl.obolibrary.org/obo/OBI_0000554" , "http://purl.obolibrary.org/obo/IAO_0000119" , "GROUP:<http://msi-ontology.sourceforge.net>" ,
 "gas chromatography oven" , "http://purl.obolibrary.org/obo/OBI_0000554" , "http://purl.obolibrary.org/obo/IAO_0000119" , "http://msi-ontology.sourceforge.net/ontology/CHROM.owl#msi_01039" ,
 "gas chromatography oven" , "http://purl.obolibrary.org/obo/OBI_0000554" , "http://purl.obolibrary.org/obo/IAO_0000114" , "http://purl.obolibrary.org/obo/IAO_0000120" ,
 "gas chromatography oven" , "http://purl.obolibrary.org/obo/OBI_0000554" , "http://purl.obolibrary.org/obo/IAO_0000117" , "PERSON:Daniel Schober" ,
 "gas chromatography oven" , "http://purl.obolibrary.org/obo/OBI_0000554" , "http://www.w3.org/2000/01/rdf-schema#subClassOf" , "http://purl.obolibrary.org/obo/OBI_0000542" ,
 "chromatography pump system" , "http://purl.obolibrary.org/obo/OBI_0000589" , "http://www.w3.org/1999/02/22-rdf-syntax-ns#type" , "http://www.w3.org/2002/07/owl#Class" ,
 "chromatography pump system" , "http://purl.obolibrary.org/obo/OBI_0000589" , "http://purl.obolibrary.org/obo/IAO_0000111" , "chromatography pump system" ,
 "chromatography pump system" , "http://purl.obolibrary.org/obo/OBI_0000589" , "http://purl.obolibrary.org/obo/IAO_0000115" , "Better flow rates can be achieved by using a pump or by using compressed gas (e.g. air, nitrogen, or argon) to push the solvent through the column (flash column chromatography)." ,
 "chromatography pump system" , "http://purl.obolibrary.org/obo/OBI_0000589" , "http://www.w3.org/2000/01/rdf-schema#label" , "chromatography pump system" ,
 "chromatography pump system" , "http://purl.obolibrary.org/obo/OBI_0000589" , "http://purl.obolibrary.org/obo/IAO_0000119" , "WEB:<http://en.wikipedia.org/wiki/Column_chromatography>" ,
 "chromatography pump system" , "http://purl.obolibrary.org/obo/OBI_0000589" , "http://purl.obolibrary.org/obo/IAO_0000119" , "http://msi-ontology.sourceforge.net/ontology/CHROM.owl#msi_01046" ,
 "chromatography pump system" , "http://purl.obolibrary.org/obo/OBI_0000589" , "http://purl.obolibrary.org/obo/IAO_0000114" , "http://purl.obolibrary.org/obo/IAO_0000120" ,
 "chromatography pump system" , "http://purl.obolibrary.org/obo/OBI_0000589" , "http://purl.obolibrary.org/obo/IAO_0000117" , "PERSON:Daniel Schober" ,
 "chromatography pump system" , "http://purl.obolibrary.org/obo/OBI_0000589" , "http://www.w3.org/2000/01/rdf-schema#subClassOf" , "http://purl.obolibrary.org/obo/OBI_0000485" ,
 "chromatography detector filter" , "http://purl.obolibrary.org/obo/OBI_0000592" , "http://www.w3.org/1999/02/22-rdf-syntax-ns#type" , "http://www.w3.org/2002/07/owl#Class" ,
 "chromatography detector filter" , "http://purl.obolibrary.org/obo/OBI_0000592" , "http://purl.obolibrary.org/obo/IAO_0000111" , "chromatography detector filter" ,
 "chromatography detector filter" , "http://purl.obolibrary.org/obo/OBI_0000592" , "http://purl.obolibrary.org/obo/IAO_0000115" , "An optical filter that is used to obtain monochromatic light of a defined wavelength from detector lamps." ,
 "chromatography detector filter" , "http://purl.obolibrary.org/obo/OBI_0000592" , "http://www.w3.org/2000/01/rdf-schema#label" , "chromatography detector filter" ,
 "chromatography detector filter" , "http://purl.obolibrary.org/obo/OBI_0000592" , "http://purl.obolibrary.org/obo/IAO_0000119" , "GROUP:<http://msi-ontology.sourceforge.net>" ,
 "chromatography detector filter" , "http://purl.obolibrary.org/obo/OBI_0000592" , "http://purl.obolibrary.org/obo/IAO_0000119" , "http://msi-ontology.sourceforge.net/ontology/CHROM.owl#msi_01121" ,
 "chromatography detector filter" , "http://purl.obolibrary.org/obo/OBI_0000592" , "http://purl.obolibrary.org/obo/IAO_0000114" , "http://purl.obolibrary.org/obo/IAO_0000120" ,
 "chromatography detector filter" , "http://purl.obolibrary.org/obo/OBI_0000592" , "http://purl.obolibrary.org/obo/IAO_0000117" , "PERSON:Daniel Schober" ,
 "chromatography detector filter" , "http://purl.obolibrary.org/obo/OBI_0000592" , "http://www.w3.org/2000/01/rdf-schema#subClassOf" , "http://purl.obolibrary.org/obo/OBI_0000601" ,
 "chromatography consumable" , "http://purl.obolibrary.org/obo/OBI_0000601" , "http://www.w3.org/1999/02/22-rdf-syntax-ns#type" , "http://www.w3.org/2002/07/owl#Class" ,
 "chromatography consumable" , "http://purl.obolibrary.org/obo/OBI_0000601" , "http://purl.obolibrary.org/obo/IAO_0000111" , "chromatography consumable" ,
 "chromatography consumable" , "http://purl.obolibrary.org/obo/OBI_0000601" , "http://purl.obolibrary.org/obo/IAO_0000115" , "A chromatography consumable is a consumable that is used in a chromatography experiment." ,
 "chromatography consumable" , "http://purl.obolibrary.org/obo/OBI_0000601" , "http://purl.obolibrary.org/obo/IAO_0000232" , "chromatography device" ,
 "chromatography consumable" , "http://purl.obolibrary.org/obo/OBI_0000601" , "http://www.w3.org/2000/01/rdf-schema#label" , "chromatography consumable" ,
 "chromatography consumable" , "http://purl.obolibrary.org/obo/OBI_0000601" , "http://purl.obolibrary.org/obo/IAO_0000119" , "GROUP:<http://msi-ontology.sourceforge.net>" ,
 "chromatography consumable" , "http://purl.obolibrary.org/obo/OBI_0000601" , "http://purl.obolibrary.org/obo/IAO_0000119" , "http://msi-ontology.sourceforge.net/ontology/CHROM.owl#msi_01115" ,
 "chromatography consumable" , "http://purl.obolibrary.org/obo/OBI_0000601" , "http://purl.obolibrary.org/obo/IAO_0000114" , "http://purl.obolibrary.org/obo/IAO_0000120" ,
 "chromatography consumable" , "http://purl.obolibrary.org/obo/OBI_0000601" , "http://purl.obolibrary.org/obo/IAO_0000117" , "PERSON:Daniel Schober" ,
 "chromatography consumable" , "http://purl.obolibrary.org/obo/OBI_0000601" , "http://www.w3.org/2000/01/rdf-schema#subClassOf" , "http://purl.obolibrary.org/obo/OBI_0000048" ,
 "liquid chromatography column" , "http://purl.obolibrary.org/obo/OBI_0000603" , "http://www.w3.org/1999/02/22-rdf-syntax-ns#type" , "http://www.w3.org/2002/07/owl#Class" ,
 "liquid chromatography column" , "http://purl.obolibrary.org/obo/OBI_0000603" , "http://purl.obolibrary.org/obo/IAO_0000111" , "liquid chromatography column" ,
 "liquid chromatography column" , "http://purl.obolibrary.org/obo/OBI_0000603" , "http://purl.obolibrary.org/obo/IAO_0000115" , "A liquid chromatography column is a chromatography column that is used in liquid chromatography, i.e. a column that is provided with a liquid sample mix." ,
 "liquid chromatography column" , "http://purl.obolibrary.org/obo/OBI_0000603" , "http://www.w3.org/2000/01/rdf-schema#label" , "liquid chromatography column" ,
 "liquid chromatography column" , "http://purl.obolibrary.org/obo/OBI_0000603" , "http://purl.obolibrary.org/obo/IAO_0000119" , "GROUP:<http://msi-ontology.sourceforge.net>" ,
 "liquid chromatography column" , "http://purl.obolibrary.org/obo/OBI_0000603" , "http://purl.obolibrary.org/obo/IAO_0000119" , "http://msi-ontology.sourceforge.net/ontology/CHROM.owl#msi_01227" ,
 "liquid chromatography column" , "http://purl.obolibrary.org/obo/OBI_0000603" , "http://purl.obolibrary.org/obo/IAO_0000114" , "http://purl.obolibrary.org/obo/IAO_0000120" ,
 "liquid chromatography column" , "http://purl.obolibrary.org/obo/OBI_0000603" , "http://purl.obolibrary.org/obo/IAO_0000117" , "PERSON:Daniel Schober" ,
 "liquid chromatography column" , "http://purl.obolibrary.org/obo/OBI_0000603" , "http://www.w3.org/2000/01/rdf-schema#subClassOf" , "http://purl.obolibrary.org/obo/OBI_0000038" ,
 "chromatography splitter" , "http://purl.obolibrary.org/obo/OBI_0000619" , "http://www.w3.org/1999/02/22-rdf-syntax-ns#type" , "http://www.w3.org/2002/07/owl#Class" ,
 "chromatography splitter" , "http://purl.obolibrary.org/obo/OBI_0000619" , "http://purl.obolibrary.org/obo/IAO_0000111" , "chromatography splitter" ,
 "chromatography splitter" , "http://purl.obolibrary.org/obo/OBI_0000619" , "http://purl.obolibrary.org/obo/IAO_0000115" , "An adjustable restriction that is placed in the waste outlet to allow the necessary pressure to develop at the column inlet to force a flow (q ml/min) through the column. If the flow of mobile phase is Q ml/min then the waste flow will be (Q-q) ml/min. by adjusting the waste flow, the proportion of the sample entering the capillary column can be varied over a wide range of values and the necessary minimum permissible volume for the particular column in use can be selected for analysis. Unfortunately, the fraction taken in this way may not be representative of the original sample. This is due to the individual solutes in the mixture having different diffusivities and, thus, they distribute themselves across the sampling tube in an irregular manner. In general, the components with higher diffusivities (e.g., those solutes of lower molecular weight) will diffuse away from the bulk sample more quickly than those having lower diffusivities." ,
 "chromatography splitter" , "http://purl.obolibrary.org/obo/OBI_0000619" , "http://purl.obolibrary.org/obo/IAO_0000232" , "chromatography device" ,
 "chromatography splitter" , "http://purl.obolibrary.org/obo/OBI_0000619" , "http://www.w3.org/2000/01/rdf-schema#label" , "chromatography splitter" ,
 "chromatography splitter" , "http://purl.obolibrary.org/obo/OBI_0000619" , "http://purl.obolibrary.org/obo/IAO_0000119" , "WEB:<http://www.chromatography-online.org/EC-Dispersion/GC-Capillary-Columns/rs13.html>" ,
 "chromatography splitter" , "http://purl.obolibrary.org/obo/OBI_0000619" , "http://purl.obolibrary.org/obo/IAO_0000119" , "http://msi-ontology.sourceforge.net/ontology/CHROM.owl#msi_01041" ,
 "chromatography splitter" , "http://purl.obolibrary.org/obo/OBI_0000619" , "http://purl.obolibrary.org/obo/IAO_0000114" , "http://purl.obolibrary.org/obo/IAO_0000120" ,
 "chromatography splitter" , "http://purl.obolibrary.org/obo/OBI_0000619" , "http://purl.obolibrary.org/obo/IAO_0000117" , "PERSON:Daniel Schober" ,
 "chromatography splitter" , "http://purl.obolibrary.org/obo/OBI_0000619" , "http://www.w3.org/2000/01/rdf-schema#subClassOf" , "http://purl.obolibrary.org/obo/OBI_0000048" ,
 "gas chromatography detector" , "http://purl.obolibrary.org/obo/OBI_0000637" , "http://www.w3.org/1999/02/22-rdf-syntax-ns#type" , "http://www.w3.org/2002/07/owl#Class" ,
 "gas chromatography detector" , "http://purl.obolibrary.org/obo/OBI_0000637" , "http://purl.obolibrary.org/obo/IAO_0000111" , "gas chromatography detector" ,
 "gas chromatography detector" , "http://purl.obolibrary.org/obo/OBI_0000637" , "http://purl.obolibrary.org/obo/IAO_0000115" , "A gas chromatography detector is a chromatography detector that locates in the dimensions of space and time, the positions of the components of a mixture that has been subjected to a gas chromatographic process and thus permits the senses to appreciate the nature of the separation. There is no LC detector that has an equivalent performance to the flame ionization detector (FID) used in GC. In general, LC detectors have sensitivities of two to three orders of magnitude less than their GC counterparts and linear dynamic ranges one to two orders of magnitude lower. Only highly specific LC detectors have sensitivities that can approach those of GC detectors." ,
 "gas chromatography detector" , "http://purl.obolibrary.org/obo/OBI_0000637" , "http://purl.obolibrary.org/obo/IAO_0000232" , "chromatography detector, defined class/xps" ,
 "gas chromatography detector" , "http://purl.obolibrary.org/obo/OBI_0000637" , "http://www.w3.org/2000/01/rdf-schema#label" , "gas chromatography detector" ,
 "gas chromatography detector" , "http://purl.obolibrary.org/obo/OBI_0000637" , "http://purl.obolibrary.org/obo/IAO_0000119" , "WEB:<http://www.chromatography-online.org/GC-Detectors/Classification/rs1.html>" ,
 "gas chromatography detector" , "http://purl.obolibrary.org/obo/OBI_0000637" , "http://purl.obolibrary.org/obo/IAO_0000119" , "http://msi-ontology.sourceforge.net/ontology/CHROM.owl#msi_01083" ,
 "gas chromatography detector" , "http://purl.obolibrary.org/obo/OBI_0000637" , "http://purl.obolibrary.org/obo/IAO_0000114" , "http://purl.obolibrary.org/obo/IAO_0000120" ,
 "gas chromatography detector" , "http://purl.obolibrary.org/obo/OBI_0000637" , "http://purl.obolibrary.org/obo/IAO_0000117" , "PERSON:Daniel Schober" ,
 "gas chromatography detector" , "http://purl.obolibrary.org/obo/OBI_0000637" , "http://purl.obolibrary.org/obo/IAO_0000118" , "FID" ,
 "gas chromatography detector" , "http://purl.obolibrary.org/obo/OBI_0000637" , "http://www.w3.org/2000/01/rdf-schema#subClassOf" , "http://purl.obolibrary.org/obo/OBI_0000481" ,
 "high performance liquid chromatography instrument" , "http://purl.obolibrary.org/obo/OBI_0001057" , "http://www.w3.org/1999/02/22-rdf-syntax-ns#type" , "http://www.w3.org/2002/07/owl#Class" ,
 "high performance liquid chromatography instrument" , "http://purl.obolibrary.org/obo/OBI_0001057" , "http://purl.obolibrary.org/obo/IAO_0000111" , "high performance liquid chromatography instrument" ,
 "high performance liquid chromatography instrument" , "http://purl.obolibrary.org/obo/OBI_0001057" , "http://purl.obolibrary.org/obo/IAO_0000115" , "A liquid chromatography instrument that consists of a reservoir of mobile phase, a pump, an injector, a separation column, and a detector. The pump (rather than gravity) provides the higher pressure required to propel the mobile phase and analyte through the densely packed column." ,
 "high performance liquid chromatography instrument" , "http://purl.obolibrary.org/obo/OBI_0001057" , "http://www.w3.org/2000/01/rdf-schema#label" , "high performance liquid chromatography instrument" ,
 "high performance liquid chromatography instrument" , "http://purl.obolibrary.org/obo/OBI_0001057" , "http://purl.obolibrary.org/obo/IAO_0000119" , "http://en.wikipedia.org/wiki/High_performance_liquid_chromatography" ,
 "high performance liquid chromatography instrument" , "http://purl.obolibrary.org/obo/OBI_0001057" , "http://purl.obolibrary.org/obo/IAO_0000114" , "http://purl.obolibrary.org/obo/IAO_0000120" ,
 "high performance liquid chromatography instrument" , "http://purl.obolibrary.org/obo/OBI_0001057" , "http://purl.obolibrary.org/obo/IAO_0000117" , "PERSON: Erik Segerdell" ,
 "high performance liquid chromatography instrument" , "http://purl.obolibrary.org/obo/OBI_0001057" , "http://www.w3.org/2000/01/rdf-schema#subClassOf" , "http://purl.obolibrary.org/obo/OBI_0001139" ,
 "denaturing high-performance liquid chromatography instrument" , "http://purl.obolibrary.org/obo/OBI_0001133" , "http://www.w3.org/1999/02/22-rdf-syntax-ns#type" , "http://www.w3.org/2002/07/owl#Class" ,
 "denaturing high-performance liquid chromatography instrument" , "http://purl.obolibrary.org/obo/OBI_0001133" , "http://purl.obolibrary.org/obo/IAO_0000111" , "denaturing high-performance liquid chromatography instrument" ,
 "denaturing high-performance liquid chromatography instrument" , "http://purl.obolibrary.org/obo/OBI_0001133" , "http://purl.obolibrary.org/obo/IAO_0000115" , "A high performance liquid chromatography instrument that employs temperature-dependent separation of DNA containing mismatched base pairs from PCR-amplified DNA fragments for chromatographic mutation analysis." ,
 "denaturing high-performance liquid chromatography instrument" , "http://purl.obolibrary.org/obo/OBI_0001133" , "http://www.w3.org/2000/01/rdf-schema#label" , "denaturing high-performance liquid chromatography instrument" ,
 "denaturing high-performance liquid chromatography instrument" , "http://purl.obolibrary.org/obo/OBI_0001133" , "http://purl.obolibrary.org/obo/IAO_0000119" , "doi:10.1385/1-59259-850-1:173" ,
 "denaturing high-performance liquid chromatography instrument" , "http://purl.obolibrary.org/obo/OBI_0001133" , "http://purl.obolibrary.org/obo/IAO_0000114" , "http://purl.obolibrary.org/obo/IAO_0000120" ,
 "denaturing high-performance liquid chromatography instrument" , "http://purl.obolibrary.org/obo/OBI_0001133" , "http://purl.obolibrary.org/obo/IAO_0000117" , "PERSON: Erik Segerdell" ,
 "denaturing high-performance liquid chromatography instrument" , "http://purl.obolibrary.org/obo/OBI_0001133" , "http://www.w3.org/2000/01/rdf-schema#subClassOf" , "http://purl.obolibrary.org/obo/OBI_0000932" ,
 "denaturing high-performance liquid chromatography instrument" , "http://purl.obolibrary.org/obo/OBI_0001133" , "http://www.w3.org/2000/01/rdf-schema#subClassOf" , "b167" ,
 "liquid chromatography instrument" , "http://purl.obolibrary.org/obo/OBI_0001139" , "http://www.w3.org/1999/02/22-rdf-syntax-ns#type" , "http://www.w3.org/2002/07/owl#Class" ,
 "liquid chromatography instrument" , "http://purl.obolibrary.org/obo/OBI_0001139" , "http://purl.obolibrary.org/obo/IAO_0000111" , "liquid chromatography instrument" ,
 "liquid chromatography instrument" , "http://purl.obolibrary.org/obo/OBI_0001139" , "http://purl.obolibrary.org/obo/IAO_0000115" , "A chromatography device that dissolves a mixture in liquid mobile phase to separate the analyte to be measured from other molecules in the mixture and allows it to be isolated" ,
 "liquid chromatography instrument" , "http://purl.obolibrary.org/obo/OBI_0001139" , "http://www.w3.org/2000/01/rdf-schema#label" , "liquid chromatography instrument" ,
 "liquid chromatography instrument" , "http://purl.obolibrary.org/obo/OBI_0001139" , "http://purl.obolibrary.org/obo/IAO_0000119" , "PERSON: Matthew Brush" ,
 "liquid chromatography instrument" , "http://purl.obolibrary.org/obo/OBI_0001139" , "http://purl.obolibrary.org/obo/IAO_0000114" , "http://purl.obolibrary.org/obo/IAO_0000120" ,
 "liquid chromatography instrument" , "http://purl.obolibrary.org/obo/OBI_0001139" , "http://purl.obolibrary.org/obo/IAO_0000117" , "PERSON: Matthew Brush" ,
 "liquid chromatography instrument" , "http://purl.obolibrary.org/obo/OBI_0001139" , "http://www.w3.org/2000/01/rdf-schema#subClassOf" , "http://purl.obolibrary.org/obo/OBI_0000048" ,
 "analytical chromatography" , "http://purl.obolibrary.org/obo/OBI_0001630" , "http://www.w3.org/1999/02/22-rdf-syntax-ns#type" , "http://www.w3.org/2002/07/owl#Class" ,
 "analytical chromatography" , "http://purl.obolibrary.org/obo/OBI_0001630" , "http://purl.obolibrary.org/obo/IAO_0000111" , "analytical chromatography" ,
 "analytical chromatography" , "http://purl.obolibrary.org/obo/OBI_0001630" , "http://purl.obolibrary.org/obo/IAO_0000115" , "An analyte assay that uses a biomaterial's preferential affinity for either the mobile phase or the stationary phase to separate it from other materials and thereby detect its presence in an input material." ,
 "analytical chromatography" , "http://purl.obolibrary.org/obo/OBI_0001630" , "http://www.w3.org/2000/01/rdf-schema#label" , "analytical chromatography" ,
 "analytical chromatography" , "http://purl.obolibrary.org/obo/OBI_0001630" , "http://purl.obolibrary.org/obo/IAO_0000119" , "IEDB" ,
 "analytical chromatography" , "http://purl.obolibrary.org/obo/OBI_0001630" , "http://purl.obolibrary.org/obo/IAO_0000114" , "http://purl.obolibrary.org/obo/IAO_0000120" ,
 "analytical chromatography" , "http://purl.obolibrary.org/obo/OBI_0001630" , "http://purl.obolibrary.org/obo/IAO_0000117" , "IEDB" ,
 "analytical chromatography" , "http://purl.obolibrary.org/obo/OBI_0001630" , "http://purl.obolibrary.org/obo/IAO_0000112" , "Detection of the presence of blood group A specific antibodies by passing a serum sample through an affinity column containing blood group A carbohydrate, and quantifying the protein content eluted from the column." ,
 "analytical chromatography" , "http://purl.obolibrary.org/obo/OBI_0001630" , "http://www.w3.org/2000/01/rdf-schema#subClassOf" , "http://purl.obolibrary.org/obo/OBI_0000443" ,
 "analytical chromatography" , "http://purl.obolibrary.org/obo/OBI_0001630" , "http://www.w3.org/2002/07/owl#equivalentClass" , "b168" ,
 "chromatography assay measuring binding of a B cell epitope:antibody complex" , "http://purl.obolibrary.org/obo/OBI_0001661" , "http://www.w3.org/1999/02/22-rdf-syntax-ns#type" , "http://www.w3.org/2002/07/owl#Class" ,
 "chromatography assay measuring binding of a B cell epitope:antibody complex" , "http://purl.obolibrary.org/obo/OBI_0001661" , "http://purl.obolibrary.org/obo/IAO_0000111" , "chromatography assay measuring binding of a B cell epitope:antibody complex" ,
 "chromatography assay measuring binding of a B cell epitope:antibody complex" , "http://purl.obolibrary.org/obo/OBI_0001661" , "http://purl.obolibrary.org/obo/IAO_0000115" , "A B cell epitope qualitative binding to antibody assay that uses an analytical chromatography assay." ,
 "chromatography assay measuring binding of a B cell epitope:antibody complex" , "http://purl.obolibrary.org/obo/OBI_0001661" , "http://www.w3.org/2000/01/rdf-schema#label" , "chromatography assay measuring binding of a B cell epitope:antibody complex" ,
 "chromatography assay measuring binding of a B cell epitope:antibody complex" , "http://purl.obolibrary.org/obo/OBI_0001661" , "http://purl.obolibrary.org/obo/IAO_0000119" , "IEDB" ,
 "chromatography assay measuring binding of a B cell epitope:antibody complex" , "http://purl.obolibrary.org/obo/OBI_0001661" , "http://purl.obolibrary.org/obo/IAO_0000114" , "http://purl.obolibrary.org/obo/IAO_0000120" ,
 "chromatography assay measuring binding of a B cell epitope:antibody complex" , "http://purl.obolibrary.org/obo/OBI_0001661" , "http://purl.obolibrary.org/obo/IAO_0000117" , "PERSON:Randi Vita, Jason Greenbaum, Bjoern Peters" ,
 "chromatography assay measuring binding of a B cell epitope:antibody complex" , "http://purl.obolibrary.org/obo/OBI_0001661" , "http://purl.obolibrary.org/obo/OBI_9991118" , "qualitative binding|chromatography" ,
 "chromatography assay measuring binding of a B cell epitope:antibody complex" , "http://purl.obolibrary.org/obo/OBI_0001661" , "http://www.w3.org/2000/01/rdf-schema#subClassOf" , "http://purl.obolibrary.org/obo/OBI_0001703" ,
 "chromatography assay measuring binding of a B cell epitope:antibody complex" , "http://purl.obolibrary.org/obo/OBI_0001661" , "http://www.w3.org/2002/07/owl#equivalentClass" , "b169" ,
 "chromatography assay measuring the association constant [KA] of a B cell epitope:antibody complex" , "http://purl.obolibrary.org/obo/OBI_0001995" , "http://www.w3.org/1999/02/22-rdf-syntax-ns#type" , "http://www.w3.org/2002/07/owl#Class" ,
 "chromatography assay measuring the association constant [KA] of a B cell epitope:antibody complex" , "http://purl.obolibrary.org/obo/OBI_0001995" , "http://purl.obolibrary.org/obo/IAO_0000111" , "chromatography assay measuring the association constant [KA] of a B cell epitope:antibody complex" ,
 "chromatography assay measuring the association constant [KA] of a B cell epitope:antibody complex" , "http://purl.obolibrary.org/obo/OBI_0001995" , "http://purl.obolibrary.org/obo/IAO_0000115" , "A B cell epitope equilibrium association constant (KA) determination assay that uses an analytical chromatography assay." ,
 "chromatography assay measuring the association constant [KA] of a B cell epitope:antibody complex" , "http://purl.obolibrary.org/obo/OBI_0001995" , "http://www.w3.org/2000/01/rdf-schema#label" , "chromatography assay measuring the association constant [KA] of a B cell epitope:antibody complex" ,
 "chromatography assay measuring the association constant [KA] of a B cell epitope:antibody complex" , "http://purl.obolibrary.org/obo/OBI_0001995" , "http://purl.obolibrary.org/obo/IAO_0000119" , "IEDB" ,
 "chromatography assay measuring the association constant [KA] of a B cell epitope:antibody complex" , "http://purl.obolibrary.org/obo/OBI_0001995" , "http://purl.obolibrary.org/obo/IAO_0000114" , "http://purl.obolibrary.org/obo/IAO_0000120" ,
 "chromatography assay measuring the association constant [KA] of a B cell epitope:antibody complex" , "http://purl.obolibrary.org/obo/OBI_0001995" , "http://purl.obolibrary.org/obo/IAO_0000117" , "PERSON:Randi Vita, Jason Greenbaum, Bjoern Peters" ,
 "chromatography assay measuring the association constant [KA] of a B cell epitope:antibody complex" , "http://purl.obolibrary.org/obo/OBI_0001995" , "http://purl.obolibrary.org/obo/OBI_9991118" , "association constant KA|chromatography|1/nM" ,
 "chromatography assay measuring the association constant [KA] of a B cell epitope:antibody complex" , "http://purl.obolibrary.org/obo/OBI_0001995" , "http://www.w3.org/2000/01/rdf-schema#subClassOf" , "http://purl.obolibrary.org/obo/OBI_0001719" ,
 "chromatography assay measuring the association constant [KA] of a B cell epitope:antibody complex" , "http://purl.obolibrary.org/obo/OBI_0001995" , "http://www.w3.org/2002/07/owl#equivalentClass" , "b170" ,
 "chromatography assay measuring the dissociation constant [KD] of a B cell epitope:antibody complex" , "http://purl.obolibrary.org/obo/OBI_0001996" , "http://www.w3.org/1999/02/22-rdf-syntax-ns#type" , "http://www.w3.org/2002/07/owl#Class" ,
 "chromatography assay measuring the dissociation constant [KD] of a B cell epitope:antibody complex" , "http://purl.obolibrary.org/obo/OBI_0001996" , "http://purl.obolibrary.org/obo/IAO_0000111" , "chromatography assay measuring the dissociation constant [KD] of a B cell epitope:antibody complex" ,
 "chromatography assay measuring the dissociation constant [KD] of a B cell epitope:antibody complex" , "http://purl.obolibrary.org/obo/OBI_0001996" , "http://purl.obolibrary.org/obo/IAO_0000115" , "A B cell epitope equilibrium dissociation constant (KD) determination assay that uses an analytical chromatography assay." ,
 "chromatography assay measuring the dissociation constant [KD] of a B cell epitope:antibody complex" , "http://purl.obolibrary.org/obo/OBI_0001996" , "http://www.w3.org/2000/01/rdf-schema#label" , "chromatography assay measuring the dissociation constant [KD] of a B cell epitope:antibody complex" ,
 "chromatography assay measuring the dissociation constant [KD] of a B cell epitope:antibody complex" , "http://purl.obolibrary.org/obo/OBI_0001996" , "http://purl.obolibrary.org/obo/IAO_0000119" , "IEDB" ,
 "chromatography assay measuring the dissociation constant [KD] of a B cell epitope:antibody complex" , "http://purl.obolibrary.org/obo/OBI_0001996" , "http://purl.obolibrary.org/obo/IAO_0000114" , "http://purl.obolibrary.org/obo/IAO_0000120" ,
 "chromatography assay measuring the dissociation constant [KD] of a B cell epitope:antibody complex" , "http://purl.obolibrary.org/obo/OBI_0001996" , "http://purl.obolibrary.org/obo/IAO_0000117" , "PERSON:Randi Vita, Jason Greenbaum, Bjoern Peters" ,
 "chromatography assay measuring the dissociation constant [KD] of a B cell epitope:antibody complex" , "http://purl.obolibrary.org/obo/OBI_0001996" , "http://purl.obolibrary.org/obo/OBI_9991118" , "dissociation constant KD|chromatography|nM" ,
 "chromatography assay measuring the dissociation constant [KD] of a B cell epitope:antibody complex" , "http://purl.obolibrary.org/obo/OBI_0001996" , "http://www.w3.org/2000/01/rdf-schema#subClassOf" , "http://purl.obolibrary.org/obo/OBI_0001708" ,
 "chromatography assay measuring the dissociation constant [KD] of a B cell epitope:antibody complex" , "http://purl.obolibrary.org/obo/OBI_0001996" , "http://www.w3.org/2002/07/owl#equivalentClass" , "b171" ,
 "gas chromatography mass spectrometry" , "http://purl.obolibrary.org/obo/OBI_0200199" , "http://www.w3.org/1999/02/22-rdf-syntax-ns#type" , "http://www.w3.org/2002/07/owl#Class" ,
 "gas chromatography mass spectrometry" , "http://purl.obolibrary.org/obo/OBI_0200199" , "http://purl.obolibrary.org/obo/IAO_0000111" , "gas chromatography mass spectrometry" ,
 "gas chromatography mass spectrometry" , "http://purl.obolibrary.org/obo/OBI_0200199" , "http://purl.obolibrary.org/obo/IAO_0000115" , "Gas chromatography mass spectrometry is a data transformation combining mass spectrometry and  
gas chromatography for the qualitative as well as quantitative  
determinations of compounds." ,
 "gas chromatography mass spectrometry" , "http://purl.obolibrary.org/obo/OBI_0200199" , "http://www.w3.org/2000/01/rdf-schema#label" , "gas chromatography mass spectrometry" ,
 "gas chromatography mass spectrometry" , "http://purl.obolibrary.org/obo/OBI_0200199" , "http://purl.obolibrary.org/obo/IAO_0000119" , "PERSON: Tina Boussard" ,
 "gas chromatography mass spectrometry" , "http://purl.obolibrary.org/obo/OBI_0200199" , "http://purl.obolibrary.org/obo/IAO_0000114" , "http://purl.obolibrary.org/obo/IAO_0000123" ,
 "gas chromatography mass spectrometry" , "http://purl.obolibrary.org/obo/OBI_0200199" , "http://purl.obolibrary.org/obo/IAO_0000117" , "PERSON: James Malone" ,
 "gas chromatography mass spectrometry" , "http://purl.obolibrary.org/obo/OBI_0200199" , "http://purl.obolibrary.org/obo/IAO_0000117" , "PERSON: Tina Boussard" ,
 "gas chromatography mass spectrometry" , "http://purl.obolibrary.org/obo/OBI_0200199" , "http://www.w3.org/2000/01/rdf-schema#subClassOf" , "http://purl.obolibrary.org/obo/OBI_0200085" ,
 "gas chromatography mass spectrometry" , "http://purl.obolibrary.org/obo/OBI_0200199" , "http://www.w3.org/2000/01/rdf-schema#subClassOf" , "b137" ,
 "preparative chromatography" , "http://purl.obolibrary.org/obo/OBI_0600046" , "http://www.w3.org/1999/02/22-rdf-syntax-ns#type" , "http://www.w3.org/2002/07/owl#Class" ,
 "preparative chromatography" , "http://purl.obolibrary.org/obo/OBI_0600046" , "http://purl.obolibrary.org/obo/IAO_0000111" , "preparative chromatography" ,
 "preparative chromatography" , "http://purl.obolibrary.org/obo/OBI_0600046" , "http://purl.obolibrary.org/obo/IAO_0000115" , "the use of a biomaterial's preferential affinity for either the mobile phase or the stationary phase to separate it from other materials of differing affinity" ,
 "preparative chromatography" , "http://purl.obolibrary.org/obo/OBI_0600046" , "http://www.w3.org/2000/01/rdf-schema#label" , "preparative chromatography" ,
 "preparative chromatography" , "http://purl.obolibrary.org/obo/OBI_0600046" , "http://purl.obolibrary.org/obo/IAO_0000119" , "OBI branch derived" ,
 "preparative chromatography" , "http://purl.obolibrary.org/obo/OBI_0600046" , "http://purl.obolibrary.org/obo/IAO_0000114" , "http://purl.obolibrary.org/obo/IAO_0000125" ,
 "preparative chromatography" , "http://purl.obolibrary.org/obo/OBI_0600046" , "http://purl.obolibrary.org/obo/IAO_0000117" , "PERSON:Kevin Clancy; Bjoern Peters" ,
 "preparative chromatography" , "http://purl.obolibrary.org/obo/OBI_0600046" , "http://purl.obolibrary.org/obo/IAO_0000112" , "The use of gas chromatography in order separate out from an input sample of eggs a fraction that would be enriched for pesticides." ,
 "preparative chromatography" , "http://purl.obolibrary.org/obo/OBI_0600046" , "http://www.w3.org/2000/01/rdf-schema#subClassOf" , "http://purl.obolibrary.org/obo/OBI_0600014" ,
 "preparative chromatography" , "http://purl.obolibrary.org/obo/OBI_0600046" , "http://www.w3.org/2000/01/rdf-schema#subClassOf" , "b172" ,
 "preparative chromatography" , "http://purl.obolibrary.org/obo/OBI_0600046" , "http://www.w3.org/2000/01/rdf-schema#subClassOf" , "b173" ,
 "preparative chromatography" , "http://purl.obolibrary.org/obo/OBI_0600046" , "http://www.w3.org/2000/01/rdf-schema#subClassOf" , "b174" ,
 "preparative chromatography" , "http://purl.obolibrary.org/obo/OBI_0600046" , "http://www.w3.org/2000/01/rdf-schema#subClassOf" , "b175" ,
 "surface layer" , "http://purl.obolibrary.org/obo/ENVO_00000105" , "http://www.w3.org/2000/01/rdf-schema#subClassOf" , "http://purl.obolibrary.org/obo/ENVO_00010504" ,
 "surface layer" , "b176" , "http://www.w3.org/1999/02/22-rdf-syntax-ns#first" , "http://purl.obolibrary.org/obo/ENVO_00010504" ,
 "surface layer" , "http://purl.obolibrary.org/obo/ENVO_00000501" , "http://www.w3.org/2000/01/rdf-schema#subClassOf" , "http://purl.obolibrary.org/obo/ENVO_00010504" ,
 "surface layer" , "b177" , "http://www.w3.org/2002/07/owl#annotatedSource" , "http://purl.obolibrary.org/obo/ENVO_00010504" ,
 "surface layer" , "http://purl.obolibrary.org/obo/ENVO_01000019" , "http://www.w3.org/2000/01/rdf-schema#subClassOf" , "http://purl.obolibrary.org/obo/ENVO_00010504" ,
 "surface layer" , "b178" , "http://www.w3.org/1999/02/22-rdf-syntax-ns#first" , "http://purl.obolibrary.org/obo/ENVO_00010504" ,
 "surface layer" , "b179" , "http://www.w3.org/1999/02/22-rdf-syntax-ns#first" , "http://purl.obolibrary.org/obo/ENVO_00010504" ,
 "surface layer" , "b180" , "http://www.w3.org/1999/02/22-rdf-syntax-ns#first" , "http://purl.obolibrary.org/obo/ENVO_00010504" ,
 "surface layer" , "http://purl.obolibrary.org/obo/ENVO_01000324" , "http://www.w3.org/2000/01/rdf-schema#subClassOf" , "http://purl.obolibrary.org/obo/ENVO_00010504" ,
 "surface layer" , "b181" , "http://www.w3.org/1999/02/22-rdf-syntax-ns#first" , "http://purl.obolibrary.org/obo/ENVO_00010504" ,
 "surface layer" , "b182" , "http://www.w3.org/1999/02/22-rdf-syntax-ns#first" , "http://purl.obolibrary.org/obo/ENVO_00010504" ,
 "surface layer" , "b183" , "http://www.w3.org/1999/02/22-rdf-syntax-ns#first" , "http://purl.obolibrary.org/obo/ENVO_00010504" ,
 "surface layer" , "b184" , "http://www.w3.org/1999/02/22-rdf-syntax-ns#first" , "http://purl.obolibrary.org/obo/ENVO_00010504" ,
 "surface layer" , "http://purl.obolibrary.org/obo/ENVO_01000486" , "http://www.w3.org/2000/01/rdf-schema#subClassOf" , "http://purl.obolibrary.org/obo/ENVO_00010504" ,
 "surface layer" , "http://purl.obolibrary.org/obo/ENVO_01000862" , "http://www.w3.org/2000/01/rdf-schema#subClassOf" , "http://purl.obolibrary.org/obo/ENVO_00010504" ,
 "surface layer" , "b185" , "http://www.w3.org/1999/02/22-rdf-syntax-ns#first" , "http://purl.obolibrary.org/obo/ENVO_00010504" ,
 "oceanic sea surface microlayer biome" , "b186" , "http://www.w3.org/2002/07/owl#annotatedSource" , "http://purl.obolibrary.org/obo/ENVO_01000034" ,
 "neritic sea surface microlayer biome" , "b187" , "http://www.w3.org/2002/07/owl#annotatedSource" , "http://purl.obolibrary.org/obo/ENVO_01000041" ,
 "pelagic isothermal surface" , "b188" , "http://www.w3.org/2002/07/owl#annotatedSource" , "http://purl.obolibrary.org/obo/ENVO_01000080" ,
 "pelagic isohaline surface" , "b189" , "http://www.w3.org/2002/07/owl#annotatedSource" , "http://purl.obolibrary.org/obo/ENVO_01000081" ,
 "pelagic isopycnal surface" , "b190" , "http://www.w3.org/2002/07/owl#annotatedSource" , "http://purl.obolibrary.org/obo/ENVO_01000083" ,
 "marine surface current" , "b191" , "http://www.w3.org/2002/07/owl#annotatedSource" , "http://purl.obolibrary.org/obo/ENVO_01000099" ,
 "marine surface current" , "http://purl.obolibrary.org/obo/ENVO_01000100" , "http://www.w3.org/2000/01/rdf-schema#subClassOf" , "http://purl.obolibrary.org/obo/ENVO_01000099" ,
 "marine surface current" , "http://purl.obolibrary.org/obo/ENVO_01000101" , "http://www.w3.org/2000/01/rdf-schema#subClassOf" , "http://purl.obolibrary.org/obo/ENVO_01000099" ,
 "marine surface current" , "http://purl.obolibrary.org/obo/ENVO_01000102" , "http://www.w3.org/2000/01/rdf-schema#subClassOf" , "http://purl.obolibrary.org/obo/ENVO_01000099" ,
 "warm surface current" , "http://purl.obolibrary.org/obo/ENVO_01000103" , "http://www.w3.org/2000/01/rdf-schema#subClassOf" , "http://purl.obolibrary.org/obo/ENVO_01000101" ,
 "cold surface current" , "http://purl.obolibrary.org/obo/ENVO_01000104" , "http://www.w3.org/2000/01/rdf-schema#subClassOf" , "http://purl.obolibrary.org/obo/ENVO_01000102" ,
 "planetary surface" , "http://purl.obolibrary.org/obo/ENVO_01000635" , "http://www.w3.org/2000/01/rdf-schema#subClassOf" , "http://purl.obolibrary.org/obo/ENVO_01000324" ,
 "planetary surface" , "b192" , "http://www.w3.org/2002/07/owl#someValuesFrom" , "http://purl.obolibrary.org/obo/ENVO_01000324" ,
 "planetary surface" , "b193" , "http://www.w3.org/2002/07/owl#someValuesFrom" , "http://purl.obolibrary.org/obo/ENVO_01000324" ,
 "planetary surface" , "http://purl.obolibrary.org/obo/ENVO_01000636" , "http://www.w3.org/2000/01/rdf-schema#subClassOf" , "http://purl.obolibrary.org/obo/ENVO_01000324" ,
 "planetary surface" , "b194" , "http://www.w3.org/2002/07/owl#someValuesFrom" , "http://purl.obolibrary.org/obo/ENVO_01000324" ,
 "planetary surface" , "b195" , "http://www.w3.org/2002/07/owl#someValuesFrom" , "http://purl.obolibrary.org/obo/ENVO_01000324" ,
 "liquid planetary surface" , "b196" , "http://www.w3.org/2002/07/owl#annotatedSource" , "http://purl.obolibrary.org/obo/ENVO_01000636" ,
 "turbulent aquatic surface layer" , "b197" , "http://www.w3.org/2002/07/owl#annotatedSource" , "http://purl.obolibrary.org/obo/ENVO_01000862" ,
 "surface soil" , "b198" , "http://www.w3.org/2002/07/owl#annotatedSource" , "http://purl.obolibrary.org/obo/ENVO_02000059" ,
 "surface plasmon resonance binding assay" , "b199" , "http://www.w3.org/2002/07/owl#someValuesFrom" , "http://purl.obolibrary.org/obo/OBI_0000923" ,
 "surface plasmon resonance binding assay" , "b200" , "http://www.w3.org/2002/07/owl#someValuesFrom" , "http://purl.obolibrary.org/obo/OBI_0000923" ,
 "surface plasmon resonance binding assay" , "b201" , "http://www.w3.org/2002/07/owl#someValuesFrom" , "http://purl.obolibrary.org/obo/OBI_0000923" ,
 "surface plasmon resonance binding assay" , "b202" , "http://www.w3.org/2002/07/owl#someValuesFrom" , "http://purl.obolibrary.org/obo/OBI_0000923" ,
 "surface plasmon resonance binding assay" , "b203" , "http://www.w3.org/2002/07/owl#someValuesFrom" , "http://purl.obolibrary.org/obo/OBI_0000923" ,
 "surface plasmon resonance binding assay" , "b204" , "http://www.w3.org/2002/07/owl#someValuesFrom" , "http://purl.obolibrary.org/obo/OBI_0000923" ,
 "surface plasmon resonance instrument" , "b205" , "http://www.w3.org/2002/07/owl#someValuesFrom" , "http://purl.obolibrary.org/obo/OBI_0001136" ,
 "surface plasmon resonance instrument" , "b206" , "http://www.w3.org/2002/07/owl#someValuesFrom" , "http://purl.obolibrary.org/obo/OBI_0001136" ,
 "surface plasmon resonance instrument" , "b15" , "http://www.w3.org/2002/07/owl#someValuesFrom" , "http://purl.obolibrary.org/obo/OBI_0001136" ,
 "surface structure" , "http://purl.obolibrary.org/obo/UBERON_0000964" , "http://www.w3.org/2000/01/rdf-schema#subClassOf" , "http://purl.obolibrary.org/obo/UBERON_0003102" ,
 "surface structure" , "http://purl.obolibrary.org/obo/UBERON_0007376" , "http://www.w3.org/2000/01/rdf-schema#subClassOf" , "http://purl.obolibrary.org/obo/UBERON_0003102" ,
 "surface structure" , "http://purl.obolibrary.org/obo/UBERON_3000961" , "http://www.w3.org/2000/01/rdf-schema#subClassOf" , "http://purl.obolibrary.org/obo/UBERON_0003102" ,
 "surface structure" , "http://purl.obolibrary.org/obo/UBERON_0002199" , "http://www.w3.org/2000/01/rdf-schema#subClassOf" , "http://purl.obolibrary.org/obo/UBERON_0003102" ,
 "surface structure" , "http://purl.obolibrary.org/obo/UBERON_0010188" , "http://www.w3.org/2000/01/rdf-schema#subClassOf" , "http://purl.obolibrary.org/obo/UBERON_0003102" ,
 "surface structure" , "http://purl.obolibrary.org/obo/UBERON_0004357" , "http://www.w3.org/2000/01/rdf-schema#subClassOf" , "http://purl.obolibrary.org/obo/UBERON_0003102" ,
 "surface structure" , "http://purl.obolibrary.org/obo/UBERON_0006846" , "http://www.w3.org/2000/01/rdf-schema#subClassOf" , "http://purl.obolibrary.org/obo/UBERON_0003102" ,
 "surface structure" , "http://purl.obolibrary.org/obo/UBERON_0005928" , "http://www.w3.org/2000/01/rdf-schema#subClassOf" , "http://purl.obolibrary.org/obo/UBERON_0003102" ,
 "surface groove" , "http://purl.obolibrary.org/obo/UBERON_0005879" , "http://www.w3.org/2000/01/rdf-schema#subClassOf" , "http://purl.obolibrary.org/obo/UBERON_0006846" ,
 "anatomical surface" , "http://purl.obolibrary.org/obo/UBERON_0016566" , "http://www.w3.org/2000/01/rdf-schema#subClassOf" , "http://purl.obolibrary.org/obo/UBERON_0006984" ,
 "anatomical surface" , "http://purl.obolibrary.org/obo/UBERON_0007367" , "http://www.w3.org/2000/01/rdf-schema#subClassOf" , "http://purl.obolibrary.org/obo/UBERON_0006984" ,
 "anatomical surface" , "http://purl.obolibrary.org/obo/UBERON_0008115" , "http://www.w3.org/2000/01/rdf-schema#subClassOf" , "http://purl.obolibrary.org/obo/UBERON_0006984" ,
 "anatomical surface" , "http://purl.obolibrary.org/obo/UBERON_4200230" , "http://www.w3.org/2000/01/rdf-schema#subClassOf" , "http://purl.obolibrary.org/obo/UBERON_0006984" ,
 "signal conversion function" , "http://purl.obolibrary.org/obo/OBI_0000395" , "http://www.w3.org/2000/01/rdf-schema#subClassOf" , "http://purl.obolibrary.org/obo/OBI_0000393" ,
 "signal conversion function" , "b207" , "http://www.w3.org/2002/07/owl#someValuesFrom" , "http://purl.obolibrary.org/obo/OBI_0000393" ,
 "signal conversion function" , "b208" , "http://www.w3.org/2002/07/owl#someValuesFrom" , "http://purl.obolibrary.org/obo/OBI_0000393" ,
 "signal amplification function" , "b209" , "http://www.w3.org/2002/07/owl#someValuesFrom" , "http://purl.obolibrary.org/obo/OBI_0000395" ,
 "signal amplification function" , "b210" , "http://www.w3.org/2002/07/owl#someValuesFrom" , "http://purl.obolibrary.org/obo/OBI_0000395" ,
 "biological role" , "http://purl.obolibrary.org/obo/CHEBI_35222" , "http://www.w3.org/2000/01/rdf-schema#subClassOf" , "http://purl.obolibrary.org/obo/CHEBI_24432" ,
 "biological role" , "http://purl.obolibrary.org/obo/CHEBI_52206" , "http://www.w3.org/2000/01/rdf-schema#subClassOf" , "http://purl.obolibrary.org/obo/CHEBI_24432" ,
 "biological role" , "http://purl.obolibrary.org/obo/CHEBI_33280" , "http://www.w3.org/2000/01/rdf-schema#subClassOf" , "http://purl.obolibrary.org/obo/CHEBI_24432" ,
 "biological role" , "http://purl.obolibrary.org/obo/CHEBI_64909" , "http://www.w3.org/2000/01/rdf-schema#subClassOf" , "http://purl.obolibrary.org/obo/CHEBI_24432" ,
 "biological role" , "http://purl.obolibrary.org/obo/CHEBI_33281" , "http://www.w3.org/2000/01/rdf-schema#subClassOf" , "http://purl.obolibrary.org/obo/CHEBI_24432" ,
 "biological role" , "http://purl.obolibrary.org/obo/CHEBI_52210" , "http://www.w3.org/2000/01/rdf-schema#subClassOf" , "http://purl.obolibrary.org/obo/CHEBI_24432" ,
 "biological role" , "http://purl.obolibrary.org/obo/CHEBI_52209" , "http://www.w3.org/2000/01/rdf-schema#subClassOf" , "http://purl.obolibrary.org/obo/CHEBI_24432" ,
 "biological role" , "http://purl.obolibrary.org/obo/CHEBI_52211" , "http://www.w3.org/2000/01/rdf-schema#subClassOf" , "http://purl.obolibrary.org/obo/CHEBI_24432" ,
 "biological role" , "http://purl.obolibrary.org/obo/CHEBI_53000" , "http://www.w3.org/2000/01/rdf-schema#subClassOf" , "http://purl.obolibrary.org/obo/CHEBI_24432" ,
 "biological waste material" , "http://purl.obolibrary.org/obo/ENVO_00002873" , "http://www.w3.org/2000/01/rdf-schema#subClassOf" , "http://purl.obolibrary.org/obo/ENVO_01000373" ,
 "biological waste material" , "b211" , "http://www.w3.org/2002/07/owl#annotatedSource" , "http://purl.obolibrary.org/obo/ENVO_01000373" ,
 "mass of biological material" , "http://purl.obolibrary.org/obo/ENVO_00002034" , "http://www.w3.org/2000/01/rdf-schema#subClassOf" , "http://purl.obolibrary.org/obo/ENVO_01000549" ,
 "mass of biological material" , "http://purl.obolibrary.org/obo/ENVO_01000008" , "http://www.w3.org/2000/01/rdf-schema#subClassOf" , "http://purl.obolibrary.org/obo/ENVO_01000549" ,
 "mass of biological material" , "http://purl.obolibrary.org/obo/ENVO_01000137" , "http://www.w3.org/2000/01/rdf-schema#subClassOf" , "http://purl.obolibrary.org/obo/ENVO_01000549" ,
 "biological product" , "b212" , "http://www.w3.org/2002/07/owl#annotatedSource" , "http://purl.obolibrary.org/obo/ENVO_02000043" ,
 "biological product" , "b213" , "http://www.w3.org/2002/07/owl#annotatedSource" , "http://purl.obolibrary.org/obo/ENVO_02000043" ,
 "biological_process" , "http://purl.obolibrary.org/obo/RO_0002295" , "http://www.w3.org/2000/01/rdf-schema#domain" , "http://purl.obolibrary.org/obo/GO_0008150" ,
 "biological_process" , "http://purl.obolibrary.org/obo/OBI_0001588" , "http://www.w3.org/2000/01/rdf-schema#subClassOf" , "http://purl.obolibrary.org/obo/GO_0008150" ,
 "biological_process" , "http://purl.obolibrary.org/obo/GO_0001788" , "http://www.w3.org/2000/01/rdf-schema#subClassOf" , "http://purl.obolibrary.org/obo/GO_0008150" ,
 "biological_process" , "http://purl.obolibrary.org/obo/GO_0002524" , "http://www.w3.org/2000/01/rdf-schema#subClassOf" , "http://purl.obolibrary.org/obo/GO_0008150" ,
 "biological_process" , "http://purl.obolibrary.org/obo/GO_0001816" , "http://www.w3.org/2000/01/rdf-schema#subClassOf" , "http://purl.obolibrary.org/obo/GO_0008150" ,
 "biological_process" , "http://purl.obolibrary.org/obo/GO_0001906" , "http://www.w3.org/2000/01/rdf-schema#subClassOf" , "http://purl.obolibrary.org/obo/GO_0008150" ,
 "biological_process" , "http://purl.obolibrary.org/obo/GO_0002507" , "http://www.w3.org/2000/01/rdf-schema#subClassOf" , "http://purl.obolibrary.org/obo/GO_0008150" ,
 "biological_process" , "http://purl.obolibrary.org/obo/GO_0009987" , "http://www.w3.org/2000/01/rdf-schema#subClassOf" , "http://purl.obolibrary.org/obo/GO_0008150" ,
 "biological_process" , "http://purl.obolibrary.org/obo/GO_0006006" , "http://www.w3.org/2000/01/rdf-schema#subClassOf" , "http://purl.obolibrary.org/obo/GO_0008150" ,
 "biological_process" , "http://purl.obolibrary.org/obo/GO_0006260" , "http://www.w3.org/2000/01/rdf-schema#subClassOf" , "http://purl.obolibrary.org/obo/GO_0008150" ,
 "biological_process" , "http://purl.obolibrary.org/obo/GO_0006306" , "http://www.w3.org/2000/01/rdf-schema#subClassOf" , "http://purl.obolibrary.org/obo/GO_0008150" ,
 "biological_process" , "http://purl.obolibrary.org/obo/GO_0006909" , "http://www.w3.org/2000/01/rdf-schema#subClassOf" , "http://purl.obolibrary.org/obo/GO_0008150" ,
 "biological_process" , "http://purl.obolibrary.org/obo/GO_0050896" , "http://www.w3.org/2000/01/rdf-schema#subClassOf" , "http://purl.obolibrary.org/obo/GO_0008150" ,
 "biological_process" , "http://purl.obolibrary.org/obo/GO_0007049" , "http://www.w3.org/2000/01/rdf-schema#subClassOf" , "http://purl.obolibrary.org/obo/GO_0008150" ,
 "biological_process" , "http://purl.obolibrary.org/obo/GO_0007596" , "http://www.w3.org/2000/01/rdf-schema#subClassOf" , "http://purl.obolibrary.org/obo/GO_0008150" ,
 "biological_process" , "http://purl.obolibrary.org/obo/GO_0008152" , "http://www.w3.org/2000/01/rdf-schema#subClassOf" , "http://purl.obolibrary.org/obo/GO_0008150" ,
 "biological_process" , "http://purl.obolibrary.org/obo/GO_0008283" , "http://www.w3.org/2000/01/rdf-schema#subClassOf" , "http://purl.obolibrary.org/obo/GO_0008150" ,
 "biological_process" , "http://purl.obolibrary.org/obo/GO_0009566" , "http://www.w3.org/2000/01/rdf-schema#subClassOf" , "http://purl.obolibrary.org/obo/GO_0008150" ,
 "biological_process" , "http://purl.obolibrary.org/obo/GO_0010467" , "http://www.w3.org/2000/01/rdf-schema#subClassOf" , "http://purl.obolibrary.org/obo/GO_0008150" ,
 "biological_process" , "http://purl.obolibrary.org/obo/GO_0016064" , "http://www.w3.org/2000/01/rdf-schema#subClassOf" , "http://purl.obolibrary.org/obo/GO_0008150" ,
 "biological_process" , "http://purl.obolibrary.org/obo/GO_0016570" , "http://www.w3.org/2000/01/rdf-schema#subClassOf" , "http://purl.obolibrary.org/obo/GO_0008150" ,
 "biological_process" , "http://purl.obolibrary.org/obo/GO_0019882" , "http://www.w3.org/2000/01/rdf-schema#subClassOf" , "http://purl.obolibrary.org/obo/GO_0008150" ,
 "biological_process" , "http://purl.obolibrary.org/obo/GO_0030041" , "http://www.w3.org/2000/01/rdf-schema#subClassOf" , "http://purl.obolibrary.org/obo/GO_0008150" ,
 "biological_process" , "http://purl.obolibrary.org/obo/GO_0030097" , "http://www.w3.org/2000/01/rdf-schema#subClassOf" , "http://purl.obolibrary.org/obo/GO_0008150" ,
 "biological_process" , "http://purl.obolibrary.org/obo/GO_0033036" , "http://www.w3.org/2000/01/rdf-schema#subClassOf" , "http://purl.obolibrary.org/obo/GO_0008150" ,
 "biological_process" , "http://purl.obolibrary.org/obo/GO_0035746" , "http://www.w3.org/2000/01/rdf-schema#subClassOf" , "http://purl.obolibrary.org/obo/GO_0008150" ,
 "biological_process" , "http://purl.obolibrary.org/obo/GO_0035944" , "http://www.w3.org/2000/01/rdf-schema#subClassOf" , "http://purl.obolibrary.org/obo/GO_0008150" ,
 "biological_process" , "http://purl.obolibrary.org/obo/GO_0036262" , "http://www.w3.org/2000/01/rdf-schema#subClassOf" , "http://purl.obolibrary.org/obo/GO_0008150" ,
 "biological_process" , "http://purl.obolibrary.org/obo/GO_0040011" , "http://www.w3.org/2000/01/rdf-schema#subClassOf" , "http://purl.obolibrary.org/obo/GO_0008150" ,
 "biological_process" , "http://purl.obolibrary.org/obo/GO_0040030" , "http://www.w3.org/2000/01/rdf-schema#subClassOf" , "http://purl.obolibrary.org/obo/GO_0008150" ,
 "biological_process" , "http://purl.obolibrary.org/obo/GO_0042110" , "http://www.w3.org/2000/01/rdf-schema#subClassOf" , "http://purl.obolibrary.org/obo/GO_0008150" ,
 "biological_process" , "http://purl.obolibrary.org/obo/GO_0044699" , "http://www.w3.org/2000/01/rdf-schema#subClassOf" , "http://purl.obolibrary.org/obo/GO_0008150" ,
 "biological_process" , "http://purl.obolibrary.org/obo/GO_0048869" , "http://www.w3.org/2000/01/rdf-schema#subClassOf" , "http://purl.obolibrary.org/obo/GO_0008150" ,
 "biological_process" , "http://purl.obolibrary.org/obo/GO_0051276" , "http://www.w3.org/2000/01/rdf-schema#subClassOf" , "http://purl.obolibrary.org/obo/GO_0008150" ,
 "biological_process" , "http://purl.obolibrary.org/obo/GO_0070358" , "http://www.w3.org/2000/01/rdf-schema#subClassOf" , "http://purl.obolibrary.org/obo/GO_0008150" ,
 "biological_process" , "http://purl.obolibrary.org/obo/GO_0071613" , "http://www.w3.org/2000/01/rdf-schema#subClassOf" , "http://purl.obolibrary.org/obo/GO_0008150" ,
 "biological_process" , "http://purl.obolibrary.org/obo/OBI_0000278" , "http://www.w3.org/2000/01/rdf-schema#subClassOf" , "http://purl.obolibrary.org/obo/GO_0008150" ,
 "biological_process" , "http://purl.obolibrary.org/obo/OGMS_0000063" , "http://www.w3.org/2000/01/rdf-schema#subClassOf" , "http://purl.obolibrary.org/obo/GO_0008150" ,
 "biological_process" , "http://purl.obolibrary.org/obo/UBERON_0000105" , "http://www.w3.org/2000/01/rdf-schema#subClassOf" , "http://purl.obolibrary.org/obo/GO_0008150" ,
 "biological_process" , "http://purl.obolibrary.org/obo/OBI_1110014" , "http://www.w3.org/2000/01/rdf-schema#subClassOf" , "http://purl.obolibrary.org/obo/GO_0008150" ,
 "biological_process" , "http://purl.obolibrary.org/obo/OBI_0001707" , "http://www.w3.org/2000/01/rdf-schema#subClassOf" , "http://purl.obolibrary.org/obo/GO_0008150" ,
 "biological_process" , "http://purl.obolibrary.org/obo/OBI_1110003" , "http://www.w3.org/2000/01/rdf-schema#subClassOf" , "http://purl.obolibrary.org/obo/GO_0008150" ,
 "biological_process" , "http://purl.obolibrary.org/obo/OBI_1110122" , "http://www.w3.org/2000/01/rdf-schema#subClassOf" , "http://purl.obolibrary.org/obo/GO_0008150" ,
 "biological_process" , "http://purl.obolibrary.org/obo/OBI_1110094" , "http://www.w3.org/2000/01/rdf-schema#subClassOf" , "http://purl.obolibrary.org/obo/GO_0008150" ,
 "biological_process" , "http://purl.obolibrary.org/obo/OBI_1110111" , "http://www.w3.org/2000/01/rdf-schema#subClassOf" , "http://purl.obolibrary.org/obo/GO_0008150" ,
 "biological_process" , "http://purl.obolibrary.org/obo/OBI_1110024" , "http://www.w3.org/2000/01/rdf-schema#subClassOf" , "http://purl.obolibrary.org/obo/GO_0008150" ,
 "biological_process" , "b214" , "http://www.w3.org/1999/02/22-rdf-syntax-ns#first" , "http://purl.obolibrary.org/obo/GO_0008150" ,
 "biological_process" , "http://purl.obolibrary.org/obo/OBI_1110061" , "http://www.w3.org/2000/01/rdf-schema#subClassOf" , "http://purl.obolibrary.org/obo/GO_0008150" ,
 "biological_process" , "b215" , "http://www.w3.org/2002/07/owl#allValuesFrom" , "http://purl.obolibrary.org/obo/GO_0008150" ,
 "biological_process" , "b216" , "http://www.w3.org/1999/02/22-rdf-syntax-ns#first" , "http://purl.obolibrary.org/obo/GO_0008150" ,
 "biological feature identification objective" , "http://purl.obolibrary.org/obo/OBI_0000113" , "http://www.w3.org/2000/01/rdf-schema#subClassOf" , "http://purl.obolibrary.org/obo/OBI_0000015" ,
 "biological feature identification objective" , "http://purl.obolibrary.org/obo/OBI_0000131" , "http://www.w3.org/2000/01/rdf-schema#subClassOf" , "http://purl.obolibrary.org/obo/OBI_0000015" ,
 "biological feature identification objective" , "http://purl.obolibrary.org/obo/OBI_0000219" , "http://www.w3.org/2000/01/rdf-schema#subClassOf" , "http://purl.obolibrary.org/obo/OBI_0000015" ,
 "biological feature identification objective" , "http://purl.obolibrary.org/obo/OBI_0000268" , "http://www.w3.org/2000/01/rdf-schema#subClassOf" , "http://purl.obolibrary.org/obo/OBI_0000015" ,
 "biological feature identification objective" , "b217" , "http://www.w3.org/2002/07/owl#someValuesFrom" , "http://purl.obolibrary.org/obo/OBI_0000015" ,
 "biological feature identification objective" , "b218" , "http://www.w3.org/2002/07/owl#someValuesFrom" , "http://purl.obolibrary.org/obo/OBI_0000015" ,
 "biological feature identification objective" , "b219" , "http://www.w3.org/2002/07/owl#someValuesFrom" , "http://purl.obolibrary.org/obo/OBI_0000015" ,
 "biological feature identification objective" , "b220" , "http://www.w3.org/2002/07/owl#someValuesFrom" , "http://purl.obolibrary.org/obo/OBI_0000015" ,
 "biological feature identification objective" , "b221" , "http://www.w3.org/2002/07/owl#someValuesFrom" , "http://purl.obolibrary.org/obo/OBI_0000015" ,
 "biological feature identification objective" , "b222" , "http://www.w3.org/2002/07/owl#someValuesFrom" , "http://purl.obolibrary.org/obo/OBI_0000015" ,
 "biological feature identification objective" , "b223" , "http://www.w3.org/2002/07/owl#someValuesFrom" , "http://purl.obolibrary.org/obo/OBI_0000015" ,
 "biological feature identification objective" , "b224" , "http://www.w3.org/2002/07/owl#someValuesFrom" , "http://purl.obolibrary.org/obo/OBI_0000015" ,
 "biological feature identification objective" , "b225" , "http://www.w3.org/2002/07/owl#someValuesFrom" , "http://purl.obolibrary.org/obo/OBI_0000015" ,
 "biological feature identification objective" , "http://purl.obolibrary.org/obo/OBI_0001623" , "http://www.w3.org/2000/01/rdf-schema#subClassOf" , "http://purl.obolibrary.org/obo/OBI_0000015" ,
 "biological feature identification objective" , "b226" , "http://www.w3.org/2002/07/owl#someValuesFrom" , "http://purl.obolibrary.org/obo/OBI_0000015" ,
 "biological feature identification objective" , "b227" , "http://www.w3.org/2002/07/owl#someValuesFrom" , "http://purl.obolibrary.org/obo/OBI_0000015" ,
 "biological feature identification objective" , "b228" , "http://www.w3.org/2002/07/owl#someValuesFrom" , "http://purl.obolibrary.org/obo/OBI_0000015" ,
 "biological feature identification objective" , "http://purl.obolibrary.org/obo/OBI_0001690" , "http://www.w3.org/2000/01/rdf-schema#subClassOf" , "http://purl.obolibrary.org/obo/OBI_0000015" ,
 "biological feature identification objective" , "http://purl.obolibrary.org/obo/OBI_0001691" , "http://www.w3.org/2000/01/rdf-schema#subClassOf" , "http://purl.obolibrary.org/obo/OBI_0000015" ,
 "biological feature identification objective" , "http://purl.obolibrary.org/obo/OBI_0001969" , "http://www.w3.org/2000/01/rdf-schema#subClassOf" , "http://purl.obolibrary.org/obo/OBI_0000015" ,
 "biological replicate role" , "http://purl.obolibrary.org/obo/OBI_0000252" , "http://www.w3.org/2000/01/rdf-schema#subClassOf" , "http://purl.obolibrary.org/obo/OBI_0000198" ,
 "biological activity assay measuring epitope specific interleukin-27 production by T cells" , "http://purl.obolibrary.org/obo/OBI_0001382" , "http://www.w3.org/2000/01/rdf-schema#subClassOf" , "http://purl.obolibrary.org/obo/OBI_0001198" ,
 "biological activity assay measuring epitope specific interleukin-27 production by T cells" , "b229" , "http://www.w3.org/1999/02/22-rdf-syntax-ns#first" , "http://purl.obolibrary.org/obo/OBI_0001198" ,
 "biological activity assay measuring epitope specific interleukin-27 production by T cells" , "http://purl.obolibrary.org/obo/OBI_0001806" , "http://www.w3.org/2000/01/rdf-schema#subClassOf" , "http://purl.obolibrary.org/obo/OBI_0001198" ,
 "biological activity assay measuring epitope specific interleukin-27 production by T cells" , "b230" , "http://www.w3.org/1999/02/22-rdf-syntax-ns#first" , "http://purl.obolibrary.org/obo/OBI_0001198" ,
 "biological activity assay measuring epitope specific interleukin-27 production by T cells" , "http://purl.obolibrary.org/obo/OBI_0001811" , "http://www.w3.org/2000/01/rdf-schema#subClassOf" , "http://purl.obolibrary.org/obo/OBI_0001198" ,
 "biological activity assay measuring epitope specific interleukin-27 production by T cells" , "b231" , "http://www.w3.org/1999/02/22-rdf-syntax-ns#first" , "http://purl.obolibrary.org/obo/OBI_0001198" ,
 "biological activity assay measuring epitope specific interleukin-27 production by T cells" , "http://purl.obolibrary.org/obo/OBI_0001813" , "http://www.w3.org/2000/01/rdf-schema#subClassOf" , "http://purl.obolibrary.org/obo/OBI_0001198" ,
 "biological activity assay measuring epitope specific interleukin-27 production by T cells" , "b232" , "http://www.w3.org/1999/02/22-rdf-syntax-ns#first" , "http://purl.obolibrary.org/obo/OBI_0001198" ,
 "biological activity assay measuring epitope specific interleukin-27 production by T cells" , "http://purl.obolibrary.org/obo/OBI_0001814" , "http://www.w3.org/2000/01/rdf-schema#subClassOf" , "http://purl.obolibrary.org/obo/OBI_0001198" ,
 "biological activity assay measuring epitope specific interleukin-27 production by T cells" , "b233" , "http://www.w3.org/1999/02/22-rdf-syntax-ns#first" , "http://purl.obolibrary.org/obo/OBI_0001198" ,
 "biological activity assay measuring epitope specific interleukin-10 production by T cells" , "http://purl.obolibrary.org/obo/OBI_0001220" , "http://www.w3.org/2000/01/rdf-schema#subClassOf" , "http://purl.obolibrary.org/obo/OBI_0001209" ,
 "biological activity assay measuring epitope specific interleukin-10 production by T cells" , "b234" , "http://www.w3.org/1999/02/22-rdf-syntax-ns#first" , "http://purl.obolibrary.org/obo/OBI_0001209" ,
 "biological activity assay measuring epitope specific interleukin-10 production by T cells" , "http://purl.obolibrary.org/obo/OBI_0001297" , "http://www.w3.org/2000/01/rdf-schema#subClassOf" , "http://purl.obolibrary.org/obo/OBI_0001209" ,
 "biological activity assay measuring epitope specific interleukin-10 production by T cells" , "b235" , "http://www.w3.org/1999/02/22-rdf-syntax-ns#first" , "http://purl.obolibrary.org/obo/OBI_0001209" ,
 "biological activity assay measuring epitope specific interleukin-10 production by T cells" , "http://purl.obolibrary.org/obo/OBI_0001367" , "http://www.w3.org/2000/01/rdf-schema#subClassOf" , "http://purl.obolibrary.org/obo/OBI_0001209" ,
 "biological activity assay measuring epitope specific interleukin-10 production by T cells" , "b236" , "http://www.w3.org/1999/02/22-rdf-syntax-ns#first" , "http://purl.obolibrary.org/obo/OBI_0001209" ,
 "biological activity assay measuring epitope specific interleukin-10 production by T cells" , "http://purl.obolibrary.org/obo/OBI_1110156" , "http://www.w3.org/2000/01/rdf-schema#subClassOf" , "http://purl.obolibrary.org/obo/OBI_0001209" ,
 "biological activity assay measuring epitope specific interleukin-10 production by T cells" , "b237" , "http://www.w3.org/1999/02/22-rdf-syntax-ns#first" , "http://purl.obolibrary.org/obo/OBI_0001209" ,
 "biological activity assay measuring epitope specific interleukin-10 production by T cells" , "http://purl.obolibrary.org/obo/OBI_1110170" , "http://www.w3.org/2000/01/rdf-schema#subClassOf" , "http://purl.obolibrary.org/obo/OBI_0001209" ,
 "biological activity assay measuring epitope specific interleukin-10 production by T cells" , "b238" , "http://www.w3.org/1999/02/22-rdf-syntax-ns#first" , "http://purl.obolibrary.org/obo/OBI_0001209" ,
 "biological activity assay measuring epitope specific interleukin-10 production by T cells" , "http://purl.obolibrary.org/obo/OBI_1110177" , "http://www.w3.org/2000/01/rdf-schema#subClassOf" , "http://purl.obolibrary.org/obo/OBI_0001209" ,
 "biological activity assay measuring epitope specific interleukin-10 production by T cells" , "b239" , "http://www.w3.org/1999/02/22-rdf-syntax-ns#first" , "http://purl.obolibrary.org/obo/OBI_0001209" ,
 "biological activity assay measuring epitope specific interleukin-22 production by T cells" , "http://purl.obolibrary.org/obo/OBI_0001236" , "http://www.w3.org/2000/01/rdf-schema#subClassOf" , "http://purl.obolibrary.org/obo/OBI_0001217" ,
 "biological activity assay measuring epitope specific interleukin-22 production by T cells" , "b240" , "http://www.w3.org/1999/02/22-rdf-syntax-ns#first" , "http://purl.obolibrary.org/obo/OBI_0001217" ,
 "biological activity assay measuring epitope specific interleukin-22 production by T cells" , "http://purl.obolibrary.org/obo/OBI_0001279" , "http://www.w3.org/2000/01/rdf-schema#subClassOf" , "http://purl.obolibrary.org/obo/OBI_0001217" ,
 "biological activity assay measuring epitope specific interleukin-22 production by T cells" , "b241" , "http://www.w3.org/1999/02/22-rdf-syntax-ns#first" , "http://purl.obolibrary.org/obo/OBI_0001217" ,
 "biological activity assay measuring epitope specific interleukin-22 production by T cells" , "http://purl.obolibrary.org/obo/OBI_0001496" , "http://www.w3.org/2000/01/rdf-schema#subClassOf" , "http://purl.obolibrary.org/obo/OBI_0001217" ,
 "biological activity assay measuring epitope specific interleukin-22 production by T cells" , "b242" , "http://www.w3.org/1999/02/22-rdf-syntax-ns#first" , "http://purl.obolibrary.org/obo/OBI_0001217" ,
 "biological activity assay measuring epitope specific interleukin-22 production by T cells" , "http://purl.obolibrary.org/obo/OBI_0001577" , "http://www.w3.org/2000/01/rdf-schema#subClassOf" , "http://purl.obolibrary.org/obo/OBI_0001217" ,
 "biological activity assay measuring epitope specific interleukin-22 production by T cells" , "b243" , "http://www.w3.org/1999/02/22-rdf-syntax-ns#first" , "http://purl.obolibrary.org/obo/OBI_0001217" ,
 "biological activity assay measuring epitope specific interleukin-22 production by T cells" , "http://purl.obolibrary.org/obo/OBI_0001821" , "http://www.w3.org/2000/01/rdf-schema#subClassOf" , "http://purl.obolibrary.org/obo/OBI_0001217" ,
 "biological activity assay measuring epitope specific interleukin-22 production by T cells" , "b244" , "http://www.w3.org/1999/02/22-rdf-syntax-ns#first" , "http://purl.obolibrary.org/obo/OBI_0001217" ,
 "biological activity assay measuring epitope specific interleukin-8 production by T cells" , "http://purl.obolibrary.org/obo/OBI_0001359" , "http://www.w3.org/2000/01/rdf-schema#subClassOf" , "http://purl.obolibrary.org/obo/OBI_0001218" ,
 "biological activity assay measuring epitope specific interleukin-8 production by T cells" , "b245" , "http://www.w3.org/1999/02/22-rdf-syntax-ns#first" , "http://purl.obolibrary.org/obo/OBI_0001218" ,
 "biological activity assay measuring epitope specific interleukin-8 production by T cells" , "http://purl.obolibrary.org/obo/OBI_0001457" , "http://www.w3.org/2000/01/rdf-schema#subClassOf" , "http://purl.obolibrary.org/obo/OBI_0001218" ,
 "biological activity assay measuring epitope specific interleukin-8 production by T cells" , "b246" , "http://www.w3.org/1999/02/22-rdf-syntax-ns#first" , "http://purl.obolibrary.org/obo/OBI_0001218" ,
 "biological activity assay measuring epitope specific interleukin-8 production by T cells" , "http://purl.obolibrary.org/obo/OBI_0001609" , "http://www.w3.org/2000/01/rdf-schema#subClassOf" , "http://purl.obolibrary.org/obo/OBI_0001218" ,
 "biological activity assay measuring epitope specific interleukin-8 production by T cells" , "b247" , "http://www.w3.org/1999/02/22-rdf-syntax-ns#first" , "http://purl.obolibrary.org/obo/OBI_0001218" ,
 "biological activity assay measuring epitope specific interleukin-8 production by T cells" , "http://purl.obolibrary.org/obo/OBI_0001800" , "http://www.w3.org/2000/01/rdf-schema#subClassOf" , "http://purl.obolibrary.org/obo/OBI_0001218" ,
 "biological activity assay measuring epitope specific interleukin-8 production by T cells" , "b248" , "http://www.w3.org/1999/02/22-rdf-syntax-ns#first" , "http://purl.obolibrary.org/obo/OBI_0001218" ,
 "biological activity assay measuring epitope specific interleukin-8 production by T cells" , "http://purl.obolibrary.org/obo/OBI_0001801" , "http://www.w3.org/2000/01/rdf-schema#subClassOf" , "http://purl.obolibrary.org/obo/OBI_0001218" ,
 "biological activity assay measuring epitope specific interleukin-8 production by T cells" , "b249" , "http://www.w3.org/1999/02/22-rdf-syntax-ns#first" , "http://purl.obolibrary.org/obo/OBI_0001218" ,
 "biological activity assay measuring epitope specific interleukin-5 production by T cells" , "http://purl.obolibrary.org/obo/OBI_0001255" , "http://www.w3.org/2000/01/rdf-schema#subClassOf" , "http://purl.obolibrary.org/obo/OBI_0001230" ,
 "biological activity assay measuring epitope specific interleukin-5 production by T cells" , "b250" , "http://www.w3.org/1999/02/22-rdf-syntax-ns#first" , "http://purl.obolibrary.org/obo/OBI_0001230" ,
 "biological activity assay measuring epitope specific interleukin-5 production by T cells" , "http://purl.obolibrary.org/obo/OBI_0001273" , "http://www.w3.org/2000/01/rdf-schema#subClassOf" , "http://purl.obolibrary.org/obo/OBI_0001230" ,
 "biological activity assay measuring epitope specific interleukin-5 production by T cells" , "b251" , "http://www.w3.org/1999/02/22-rdf-syntax-ns#first" , "http://purl.obolibrary.org/obo/OBI_0001230" ,
 "biological activity assay measuring epitope specific interleukin-5 production by T cells" , "http://purl.obolibrary.org/obo/OBI_0001289" , "http://www.w3.org/2000/01/rdf-schema#subClassOf" , "http://purl.obolibrary.org/obo/OBI_0001230" ,
 "biological activity assay measuring epitope specific interleukin-5 production by T cells" , "b252" , "http://www.w3.org/1999/02/22-rdf-syntax-ns#first" , "http://purl.obolibrary.org/obo/OBI_0001230" ,
 "biological activity assay measuring epitope specific interleukin-5 production by T cells" , "http://purl.obolibrary.org/obo/OBI_0001299" , "http://www.w3.org/2000/01/rdf-schema#subClassOf" , "http://purl.obolibrary.org/obo/OBI_0001230" ,
 "biological activity assay measuring epitope specific interleukin-5 production by T cells" , "b253" , "http://www.w3.org/1999/02/22-rdf-syntax-ns#first" , "http://purl.obolibrary.org/obo/OBI_0001230" ,
 "biological activity assay measuring epitope specific interleukin-5 production by T cells" , "http://purl.obolibrary.org/obo/OBI_0001455" , "http://www.w3.org/2000/01/rdf-schema#subClassOf" , "http://purl.obolibrary.org/obo/OBI_0001230" ,
 "biological activity assay measuring epitope specific interleukin-5 production by T cells" , "b254" , "http://www.w3.org/1999/02/22-rdf-syntax-ns#first" , "http://purl.obolibrary.org/obo/OBI_0001230" ,
 "biological activity assay measuring epitope specific interleukin-5 production by T cells" , "http://purl.obolibrary.org/obo/OBI_1110154" , "http://www.w3.org/2000/01/rdf-schema#subClassOf" , "http://purl.obolibrary.org/obo/OBI_0001230" ,
 "biological activity assay measuring epitope specific interleukin-5 production by T cells" , "b255" , "http://www.w3.org/1999/02/22-rdf-syntax-ns#first" , "http://purl.obolibrary.org/obo/OBI_0001230" ,
 "biological activity assay measuring epitope specific RANTES production by T cells" , "http://purl.obolibrary.org/obo/OBI_0001222" , "http://www.w3.org/2000/01/rdf-schema#subClassOf" , "http://purl.obolibrary.org/obo/OBI_0001232" ,
 "biological activity assay measuring epitope specific RANTES production by T cells" , "b256" , "http://www.w3.org/1999/02/22-rdf-syntax-ns#first" , "http://purl.obolibrary.org/obo/OBI_0001232" ,
 "biological activity assay measuring epitope specific RANTES production by T cells" , "http://purl.obolibrary.org/obo/OBI_0001325" , "http://www.w3.org/2000/01/rdf-schema#subClassOf" , "http://purl.obolibrary.org/obo/OBI_0001232" ,
 "biological activity assay measuring epitope specific RANTES production by T cells" , "b257" , "http://www.w3.org/1999/02/22-rdf-syntax-ns#first" , "http://purl.obolibrary.org/obo/OBI_0001232" ,
 "biological activity assay measuring epitope specific RANTES production by T cells" , "http://purl.obolibrary.org/obo/OBI_0001412" , "http://www.w3.org/2000/01/rdf-schema#subClassOf" , "http://purl.obolibrary.org/obo/OBI_0001232" ,
 "biological activity assay measuring epitope specific RANTES production by T cells" , "b258" , "http://www.w3.org/1999/02/22-rdf-syntax-ns#first" , "http://purl.obolibrary.org/obo/OBI_0001232" ,
 "biological activity assay measuring epitope specific RANTES production by T cells" , "http://purl.obolibrary.org/obo/OBI_0001789" , "http://www.w3.org/2000/01/rdf-schema#subClassOf" , "http://purl.obolibrary.org/obo/OBI_0001232" ,
 "biological activity assay measuring epitope specific RANTES production by T cells" , "b259" , "http://www.w3.org/1999/02/22-rdf-syntax-ns#first" , "http://purl.obolibrary.org/obo/OBI_0001232" ,
 "biological activity assay measuring epitope specific RANTES production by T cells" , "http://purl.obolibrary.org/obo/OBI_0001790" , "http://www.w3.org/2000/01/rdf-schema#subClassOf" , "http://purl.obolibrary.org/obo/OBI_0001232" ,
 "biological activity assay measuring epitope specific RANTES production by T cells" , "b260" , "http://www.w3.org/1999/02/22-rdf-syntax-ns#first" , "http://purl.obolibrary.org/obo/OBI_0001232" ,
 "biological activity assay measuring epitope specific granulocyte macrophage colony stimulating factor production by T cells" , "http://purl.obolibrary.org/obo/OBI_0001206" , "http://www.w3.org/2000/01/rdf-schema#subClassOf" , "http://purl.obolibrary.org/obo/OBI_0001233" ,
 "biological activity assay measuring epitope specific granulocyte macrophage colony stimulating factor production by T cells" , "b261" , "http://www.w3.org/1999/02/22-rdf-syntax-ns#first" , "http://purl.obolibrary.org/obo/OBI_0001233" ,
 "biological activity assay measuring epitope specific granulocyte macrophage colony stimulating factor production by T cells" , "http://purl.obolibrary.org/obo/OBI_0001303" , "http://www.w3.org/2000/01/rdf-schema#subClassOf" , "http://purl.obolibrary.org/obo/OBI_0001233" ,
 "biological activity assay measuring epitope specific granulocyte macrophage colony stimulating factor production by T cells" , "b262" , "http://www.w3.org/1999/02/22-rdf-syntax-ns#first" , "http://purl.obolibrary.org/obo/OBI_0001233" ,
 "biological activity assay measuring epitope specific granulocyte macrophage colony stimulating factor production by T cells" , "http://purl.obolibrary.org/obo/OBI_0001341" , "http://www.w3.org/2000/01/rdf-schema#subClassOf" , "http://purl.obolibrary.org/obo/OBI_0001233" ,
 "biological activity assay measuring epitope specific granulocyte macrophage colony stimulating factor production by T cells" , "b263" , "http://www.w3.org/1999/02/22-rdf-syntax-ns#first" , "http://purl.obolibrary.org/obo/OBI_0001233" ,
 "biological activity assay measuring epitope specific granulocyte macrophage colony stimulating factor production by T cells" , "http://purl.obolibrary.org/obo/OBI_0001357" , "http://www.w3.org/2000/01/rdf-schema#subClassOf" , "http://purl.obolibrary.org/obo/OBI_0001233" ,
 "biological activity assay measuring epitope specific granulocyte macrophage colony stimulating factor production by T cells" , "b264" , "http://www.w3.org/1999/02/22-rdf-syntax-ns#first" , "http://purl.obolibrary.org/obo/OBI_0001233" ,
 "biological activity assay measuring epitope specific granulocyte macrophage colony stimulating factor production by T cells" , "http://purl.obolibrary.org/obo/OBI_0001490" , "http://www.w3.org/2000/01/rdf-schema#subClassOf" , "http://purl.obolibrary.org/obo/OBI_0001233" ,
 "biological activity assay measuring epitope specific granulocyte macrophage colony stimulating factor production by T cells" , "b265" , "http://www.w3.org/1999/02/22-rdf-syntax-ns#first" , "http://purl.obolibrary.org/obo/OBI_0001233" ,
 "biological activity assay measuring epitope specific granulocyte macrophage colony stimulating factor production by T cells" , "http://purl.obolibrary.org/obo/OBI_1110157" , "http://www.w3.org/2000/01/rdf-schema#subClassOf" , "http://purl.obolibrary.org/obo/OBI_0001233" ,
 "biological activity assay measuring epitope specific granulocyte macrophage colony stimulating factor production by T cells" , "b266" , "http://www.w3.org/1999/02/22-rdf-syntax-ns#first" , "http://purl.obolibrary.org/obo/OBI_0001233" ,
 "biological activity assay measuring epitope specific interleukin-21 production by T cells" , "http://purl.obolibrary.org/obo/OBI_0001298" , "http://www.w3.org/2000/01/rdf-schema#subClassOf" , "http://purl.obolibrary.org/obo/OBI_0001237" ,
 "biological activity assay measuring epitope specific interleukin-21 production by T cells" , "b267" , "http://www.w3.org/1999/02/22-rdf-syntax-ns#first" , "http://purl.obolibrary.org/obo/OBI_0001237" ,
 "biological activity assay measuring epitope specific interleukin-21 production by T cells" , "http://purl.obolibrary.org/obo/OBI_0001342" , "http://www.w3.org/2000/01/rdf-schema#subClassOf" , "http://purl.obolibrary.org/obo/OBI_0001237" ,
 "biological activity assay measuring epitope specific interleukin-21 production by T cells" , "b268" , "http://www.w3.org/1999/02/22-rdf-syntax-ns#first" , "http://purl.obolibrary.org/obo/OBI_0001237" ,
 "biological activity assay measuring epitope specific interleukin-21 production by T cells" , "http://purl.obolibrary.org/obo/OBI_0001346" , "http://www.w3.org/2000/01/rdf-schema#subClassOf" , "http://purl.obolibrary.org/obo/OBI_0001237" ,
 "biological activity assay measuring epitope specific interleukin-21 production by T cells" , "b269" , "http://www.w3.org/1999/02/22-rdf-syntax-ns#first" , "http://purl.obolibrary.org/obo/OBI_0001237" ,
 "biological activity assay measuring epitope specific interleukin-21 production by T cells" , "http://purl.obolibrary.org/obo/OBI_0001601" , "http://www.w3.org/2000/01/rdf-schema#subClassOf" , "http://purl.obolibrary.org/obo/OBI_0001237" ,
 "biological activity assay measuring epitope specific interleukin-21 production by T cells" , "b270" , "http://www.w3.org/1999/02/22-rdf-syntax-ns#first" , "http://purl.obolibrary.org/obo/OBI_0001237" ,
 "biological activity assay measuring epitope specific interleukin-21 production by T cells" , "http://purl.obolibrary.org/obo/OBI_0001826" , "http://www.w3.org/2000/01/rdf-schema#subClassOf" , "http://purl.obolibrary.org/obo/OBI_0001237" ,
 "biological activity assay measuring epitope specific interleukin-21 production by T cells" , "b271" , "http://www.w3.org/1999/02/22-rdf-syntax-ns#first" , "http://purl.obolibrary.org/obo/OBI_0001237" ,
 "biological activity assay measuring epitope specific interleukin-13 production by T cells" , "http://purl.obolibrary.org/obo/OBI_0001309" , "http://www.w3.org/2000/01/rdf-schema#subClassOf" , "http://purl.obolibrary.org/obo/OBI_0001251" ,
 "biological activity assay measuring epitope specific interleukin-13 production by T cells" , "b272" , "http://www.w3.org/1999/02/22-rdf-syntax-ns#first" , "http://purl.obolibrary.org/obo/OBI_0001251" ,
 "biological activity assay measuring epitope specific interleukin-13 production by T cells" , "http://purl.obolibrary.org/obo/OBI_0001349" , "http://www.w3.org/2000/01/rdf-schema#subClassOf" , "http://purl.obolibrary.org/obo/OBI_0001251" ,
 "biological activity assay measuring epitope specific interleukin-13 production by T cells" , "b273" , "http://www.w3.org/1999/02/22-rdf-syntax-ns#first" , "http://purl.obolibrary.org/obo/OBI_0001251" ,
 "biological activity assay measuring epitope specific interleukin-13 production by T cells" , "http://purl.obolibrary.org/obo/OBI_0001542" , "http://www.w3.org/2000/01/rdf-schema#subClassOf" , "http://purl.obolibrary.org/obo/OBI_0001251" ,
 "biological activity assay measuring epitope specific interleukin-13 production by T cells" , "b274" , "http://www.w3.org/1999/02/22-rdf-syntax-ns#first" , "http://purl.obolibrary.org/obo/OBI_0001251" ,
 "biological activity assay measuring epitope specific interleukin-13 production by T cells" , "http://purl.obolibrary.org/obo/OBI_1110159" , "http://www.w3.org/2000/01/rdf-schema#subClassOf" , "http://purl.obolibrary.org/obo/OBI_0001251" ,
 "biological activity assay measuring epitope specific interleukin-13 production by T cells" , "b275" , "http://www.w3.org/1999/02/22-rdf-syntax-ns#first" , "http://purl.obolibrary.org/obo/OBI_0001251" ,
 "biological activity assay measuring epitope specific interleukin-13 production by T cells" , "http://purl.obolibrary.org/obo/OBI_1110171" , "http://www.w3.org/2000/01/rdf-schema#subClassOf" , "http://purl.obolibrary.org/obo/OBI_0001251" ,
 "biological activity assay measuring epitope specific interleukin-13 production by T cells" , "b276" , "http://www.w3.org/1999/02/22-rdf-syntax-ns#first" , "http://purl.obolibrary.org/obo/OBI_0001251" ,
 "biological activity assay measuring interleukin-9 production by T cells" , "http://purl.obolibrary.org/obo/OBI_0001238" , "http://www.w3.org/2000/01/rdf-schema#subClassOf" , "http://purl.obolibrary.org/obo/OBI_0001253" ,
 "biological activity assay measuring interleukin-9 production by T cells" , "b277" , "http://www.w3.org/1999/02/22-rdf-syntax-ns#first" , "http://purl.obolibrary.org/obo/OBI_0001253" ,
 "biological activity assay measuring interleukin-9 production by T cells" , "http://purl.obolibrary.org/obo/OBI_0001532" , "http://www.w3.org/2000/01/rdf-schema#subClassOf" , "http://purl.obolibrary.org/obo/OBI_0001253" ,
 "biological activity assay measuring interleukin-9 production by T cells" , "b278" , "http://www.w3.org/1999/02/22-rdf-syntax-ns#first" , "http://purl.obolibrary.org/obo/OBI_0001253" ,
 "biological activity assay measuring interleukin-9 production by T cells" , "http://purl.obolibrary.org/obo/OBI_0001797" , "http://www.w3.org/2000/01/rdf-schema#subClassOf" , "http://purl.obolibrary.org/obo/OBI_0001253" ,
 "biological activity assay measuring interleukin-9 production by T cells" , "b279" , "http://www.w3.org/1999/02/22-rdf-syntax-ns#first" , "http://purl.obolibrary.org/obo/OBI_0001253" ,
 "biological activity assay measuring interleukin-9 production by T cells" , "http://purl.obolibrary.org/obo/OBI_0001798" , "http://www.w3.org/2000/01/rdf-schema#subClassOf" , "http://purl.obolibrary.org/obo/OBI_0001253" ,
 "biological activity assay measuring interleukin-9 production by T cells" , "b280" , "http://www.w3.org/1999/02/22-rdf-syntax-ns#first" , "http://purl.obolibrary.org/obo/OBI_0001253" ,
 "biological activity assay measuring interleukin-9 production by T cells" , "http://purl.obolibrary.org/obo/OBI_0001799" , "http://www.w3.org/2000/01/rdf-schema#subClassOf" , "http://purl.obolibrary.org/obo/OBI_0001253" ,
 "biological activity assay measuring interleukin-9 production by T cells" , "b281" , "http://www.w3.org/1999/02/22-rdf-syntax-ns#first" , "http://purl.obolibrary.org/obo/OBI_0001253" ,
 "biological activity assay measuring epitope specific transforming growth factor-beta production by T cells" , "http://purl.obolibrary.org/obo/OBI_0001194" , "http://www.w3.org/2000/01/rdf-schema#subClassOf" , "http://purl.obolibrary.org/obo/OBI_0001264" ,
 "biological activity assay measuring epitope specific transforming growth factor-beta production by T cells" , "b282" , "http://www.w3.org/1999/02/22-rdf-syntax-ns#first" , "http://purl.obolibrary.org/obo/OBI_0001264" ,
 "biological activity assay measuring epitope specific transforming growth factor-beta production by T cells" , "http://purl.obolibrary.org/obo/OBI_0001203" , "http://www.w3.org/2000/01/rdf-schema#subClassOf" , "http://purl.obolibrary.org/obo/OBI_0001264" ,
 "biological activity assay measuring epitope specific transforming growth factor-beta production by T cells" , "b283" , "http://www.w3.org/1999/02/22-rdf-syntax-ns#first" , "http://purl.obolibrary.org/obo/OBI_0001264" ,
 "biological activity assay measuring epitope specific transforming growth factor-beta production by T cells" , "http://purl.obolibrary.org/obo/OBI_0001210" , "http://www.w3.org/2000/01/rdf-schema#subClassOf" , "http://purl.obolibrary.org/obo/OBI_0001264" ,
 "biological activity assay measuring epitope specific transforming growth factor-beta production by T cells" , "b284" , "http://www.w3.org/1999/02/22-rdf-syntax-ns#first" , "http://purl.obolibrary.org/obo/OBI_0001264" ,
 "biological activity assay measuring epitope specific transforming growth factor-beta production by T cells" , "http://purl.obolibrary.org/obo/OBI_0001231" , "http://www.w3.org/2000/01/rdf-schema#subClassOf" , "http://purl.obolibrary.org/obo/OBI_0001264" ,
 "biological activity assay measuring epitope specific transforming growth factor-beta production by T cells" , "b285" , "http://www.w3.org/1999/02/22-rdf-syntax-ns#first" , "http://purl.obolibrary.org/obo/OBI_0001264" ,
 "biological activity assay measuring epitope specific transforming growth factor-beta production by T cells" , "http://purl.obolibrary.org/obo/OBI_0001270" , "http://www.w3.org/2000/01/rdf-schema#subClassOf" , "http://purl.obolibrary.org/obo/OBI_0001264" ,
 "biological activity assay measuring epitope specific transforming growth factor-beta production by T cells" , "b286" , "http://www.w3.org/1999/02/22-rdf-syntax-ns#first" , "http://purl.obolibrary.org/obo/OBI_0001264" ,
 "biological activity assay measuring epitope specific transforming growth factor-beta production by T cells" , "http://purl.obolibrary.org/obo/OBI_0001482" , "http://www.w3.org/2000/01/rdf-schema#subClassOf" , "http://purl.obolibrary.org/obo/OBI_0001264" ,
 "biological activity assay measuring epitope specific transforming growth factor-beta production by T cells" , "b287" , "http://www.w3.org/1999/02/22-rdf-syntax-ns#first" , "http://purl.obolibrary.org/obo/OBI_0001264" ,
 "biological activity assay measuring epitope specific cytotoxic T cell degranulation" , "http://purl.obolibrary.org/obo/OBI_0001497" , "http://www.w3.org/2000/01/rdf-schema#subClassOf" , "http://purl.obolibrary.org/obo/OBI_0001269" ,
 "biological activity assay measuring epitope specific cytotoxic T cell degranulation" , "http://purl.obolibrary.org/obo/OBI_0001436" , "http://www.w3.org/2000/01/rdf-schema#subClassOf" , "http://purl.obolibrary.org/obo/OBI_0001269" ,
 "biological activity assay measuring epitope specific cytotoxic T cell degranulation" , "b288" , "http://www.w3.org/1999/02/22-rdf-syntax-ns#first" , "http://purl.obolibrary.org/obo/OBI_0001269" ,
 "biological activity assay measuring epitope specific cytotoxic T cell degranulation" , "b289" , "http://www.w3.org/1999/02/22-rdf-syntax-ns#first" , "http://purl.obolibrary.org/obo/OBI_0001269" ,
 "biological activity assay measuring epitope specific cytotoxic T cell degranulation" , "http://purl.obolibrary.org/obo/OBI_0001809" , "http://www.w3.org/2000/01/rdf-schema#subClassOf" , "http://purl.obolibrary.org/obo/OBI_0001269" ,
 "biological activity assay measuring epitope specific cytotoxic T cell degranulation" , "http://purl.obolibrary.org/obo/OBI_0001810" , "http://www.w3.org/2000/01/rdf-schema#subClassOf" , "http://purl.obolibrary.org/obo/OBI_0001269" ,
 "biological activity assay measuring epitope specific cytotoxic T cell degranulation" , "b290" , "http://www.w3.org/1999/02/22-rdf-syntax-ns#first" , "http://purl.obolibrary.org/obo/OBI_0001269" ,
 "biological activity assay measuring epitope specific cytotoxic T cell degranulation" , "b291" , "http://www.w3.org/1999/02/22-rdf-syntax-ns#first" , "http://purl.obolibrary.org/obo/OBI_0001269" ,
 "biological activity assay measuring epitope specific chemokine (C-C motif) ligand 1 production by T cells" , "http://purl.obolibrary.org/obo/OBI_0001315" , "http://www.w3.org/2000/01/rdf-schema#subClassOf" , "http://purl.obolibrary.org/obo/OBI_0001276" ,
 "biological activity assay measuring epitope specific chemokine (C-C motif) ligand 1 production by T cells" , "b292" , "http://www.w3.org/1999/02/22-rdf-syntax-ns#first" , "http://purl.obolibrary.org/obo/OBI_0001276" ,
 "biological activity assay measuring epitope specific chemokine (C-C motif) ligand 1 production by T cells" , "http://purl.obolibrary.org/obo/OBI_0001768" , "http://www.w3.org/2000/01/rdf-schema#subClassOf" , "http://purl.obolibrary.org/obo/OBI_0001276" ,
 "biological activity assay measuring epitope specific chemokine (C-C motif) ligand 1 production by T cells" , "b293" , "http://www.w3.org/1999/02/22-rdf-syntax-ns#first" , "http://purl.obolibrary.org/obo/OBI_0001276" ,
 "biological activity assay measuring epitope specific chemokine (C-C motif) ligand 1 production by T cells" , "http://purl.obolibrary.org/obo/OBI_0001827" , "http://www.w3.org/2000/01/rdf-schema#subClassOf" , "http://purl.obolibrary.org/obo/OBI_0001276" ,
 "biological activity assay measuring epitope specific chemokine (C-C motif) ligand 1 production by T cells" , "b294" , "http://www.w3.org/1999/02/22-rdf-syntax-ns#first" , "http://purl.obolibrary.org/obo/OBI_0001276" ,
 "biological activity assay measuring epitope specific chemokine (C-C motif) ligand 1 production by T cells" , "http://purl.obolibrary.org/obo/OBI_0001828" , "http://www.w3.org/2000/01/rdf-schema#subClassOf" , "http://purl.obolibrary.org/obo/OBI_0001276" ,
 "biological activity assay measuring epitope specific chemokine (C-C motif) ligand 1 production by T cells" , "b295" , "http://www.w3.org/1999/02/22-rdf-syntax-ns#first" , "http://purl.obolibrary.org/obo/OBI_0001276" ,
 "biological activity assay measuring epitope specific chemokine (C-C motif) ligand 1 production by T cells" , "http://purl.obolibrary.org/obo/OBI_0001829" , "http://www.w3.org/2000/01/rdf-schema#subClassOf" , "http://purl.obolibrary.org/obo/OBI_0001276" ,
 "biological activity assay measuring epitope specific chemokine (C-C motif) ligand 1 production by T cells" , "b296" , "http://www.w3.org/1999/02/22-rdf-syntax-ns#first" , "http://purl.obolibrary.org/obo/OBI_0001276" ,
 "biological activity assay measuring epitope specific interleukin-16 production by T cells" , "http://purl.obolibrary.org/obo/OBI_0001301" , "http://www.w3.org/2000/01/rdf-schema#subClassOf" , "http://purl.obolibrary.org/obo/OBI_0001280" ,
 "biological activity assay measuring epitope specific interleukin-16 production by T cells" , "b297" , "http://www.w3.org/1999/02/22-rdf-syntax-ns#first" , "http://purl.obolibrary.org/obo/OBI_0001280" ,
 "biological activity assay measuring epitope specific interleukin-16 production by T cells" , "http://purl.obolibrary.org/obo/OBI_0001836" , "http://www.w3.org/2000/01/rdf-schema#subClassOf" , "http://purl.obolibrary.org/obo/OBI_0001280" ,
 "biological activity assay measuring epitope specific interleukin-16 production by T cells" , "b298" , "http://www.w3.org/1999/02/22-rdf-syntax-ns#first" , "http://purl.obolibrary.org/obo/OBI_0001280" ,
 "biological activity assay measuring epitope specific interleukin-16 production by T cells" , "http://purl.obolibrary.org/obo/OBI_0001837" , "http://www.w3.org/2000/01/rdf-schema#subClassOf" , "http://purl.obolibrary.org/obo/OBI_0001280" ,
 "biological activity assay measuring epitope specific interleukin-16 production by T cells" , "b299" , "http://www.w3.org/1999/02/22-rdf-syntax-ns#first" , "http://purl.obolibrary.org/obo/OBI_0001280" ,
 "biological activity assay measuring epitope specific interleukin-16 production by T cells" , "http://purl.obolibrary.org/obo/OBI_0001838" , "http://www.w3.org/2000/01/rdf-schema#subClassOf" , "http://purl.obolibrary.org/obo/OBI_0001280" ,
 "biological activity assay measuring epitope specific interleukin-16 production by T cells" , "b300" , "http://www.w3.org/1999/02/22-rdf-syntax-ns#first" , "http://purl.obolibrary.org/obo/OBI_0001280" ,
 "biological activity assay measuring epitope specific interleukin-16 production by T cells" , "http://purl.obolibrary.org/obo/OBI_0001839" , "http://www.w3.org/2000/01/rdf-schema#subClassOf" , "http://purl.obolibrary.org/obo/OBI_0001280" ,
 "biological activity assay measuring epitope specific interleukin-16 production by T cells" , "b301" , "http://www.w3.org/1999/02/22-rdf-syntax-ns#first" , "http://purl.obolibrary.org/obo/OBI_0001280" ,
 "biological activity assay measuring epitope specific interleukin-15 production by T cells" , "http://purl.obolibrary.org/obo/OBI_0001283" , "http://www.w3.org/2000/01/rdf-schema#subClassOf" , "http://purl.obolibrary.org/obo/OBI_0001292" ,
 "biological activity assay measuring epitope specific interleukin-15 production by T cells" , "b302" , "http://www.w3.org/1999/02/22-rdf-syntax-ns#first" , "http://purl.obolibrary.org/obo/OBI_0001292" ,
 "biological activity assay measuring epitope specific interleukin-15 production by T cells" , "http://purl.obolibrary.org/obo/OBI_0001843" , "http://www.w3.org/2000/01/rdf-schema#subClassOf" , "http://purl.obolibrary.org/obo/OBI_0001292" ,
 "biological activity assay measuring epitope specific interleukin-15 production by T cells" , "b303" , "http://www.w3.org/1999/02/22-rdf-syntax-ns#first" , "http://purl.obolibrary.org/obo/OBI_0001292" ,
 "biological activity assay measuring epitope specific interleukin-15 production by T cells" , "http://purl.obolibrary.org/obo/OBI_0001845" , "http://www.w3.org/2000/01/rdf-schema#subClassOf" , "http://purl.obolibrary.org/obo/OBI_0001292" ,
 "biological activity assay measuring epitope specific interleukin-15 production by T cells" , "b304" , "http://www.w3.org/1999/02/22-rdf-syntax-ns#first" , "http://purl.obolibrary.org/obo/OBI_0001292" ,
 "biological activity assay measuring epitope specific interleukin-15 production by T cells" , "http://purl.obolibrary.org/obo/OBI_0001846" , "http://www.w3.org/2000/01/rdf-schema#subClassOf" , "http://purl.obolibrary.org/obo/OBI_0001292" ,
 "biological activity assay measuring epitope specific interleukin-15 production by T cells" , "b305" , "http://www.w3.org/1999/02/22-rdf-syntax-ns#first" , "http://purl.obolibrary.org/obo/OBI_0001292" ,
 "biological activity assay measuring epitope specific interleukin-17 production by T cells" , "http://purl.obolibrary.org/obo/OBI_0001291" , "http://www.w3.org/2000/01/rdf-schema#subClassOf" , "http://purl.obolibrary.org/obo/OBI_0001295" ,
 "biological activity assay measuring epitope specific interleukin-17 production by T cells" , "b306" , "http://www.w3.org/1999/02/22-rdf-syntax-ns#first" , "http://purl.obolibrary.org/obo/OBI_0001295" ,
 "biological activity assay measuring epitope specific interleukin-17 production by T cells" , "http://purl.obolibrary.org/obo/OBI_0001296" , "http://www.w3.org/2000/01/rdf-schema#subClassOf" , "http://purl.obolibrary.org/obo/OBI_0001295" ,
 "biological activity assay measuring epitope specific interleukin-17 production by T cells" , "b307" , "http://www.w3.org/1999/02/22-rdf-syntax-ns#first" , "http://purl.obolibrary.org/obo/OBI_0001295" ,
 "biological activity assay measuring epitope specific interleukin-17 production by T cells" , "http://purl.obolibrary.org/obo/OBI_0001354" , "http://www.w3.org/2000/01/rdf-schema#subClassOf" , "http://purl.obolibrary.org/obo/OBI_0001295" ,
 "biological activity assay measuring epitope specific interleukin-17 production by T cells" , "b308" , "http://www.w3.org/1999/02/22-rdf-syntax-ns#first" , "http://purl.obolibrary.org/obo/OBI_0001295" ,
 "biological activity assay measuring epitope specific interleukin-17 production by T cells" , "http://purl.obolibrary.org/obo/OBI_0001773" , "http://www.w3.org/2000/01/rdf-schema#subClassOf" , "http://purl.obolibrary.org/obo/OBI_0001295" ,
 "biological activity assay measuring epitope specific interleukin-17 production by T cells" , "http://purl.obolibrary.org/obo/OBI_0001772" , "http://www.w3.org/2000/01/rdf-schema#subClassOf" , "http://purl.obolibrary.org/obo/OBI_0001295" ,
 "biological activity assay measuring epitope specific interleukin-17 production by T cells" , "http://purl.obolibrary.org/obo/OBI_1110178" , "http://www.w3.org/2000/01/rdf-schema#subClassOf" , "http://purl.obolibrary.org/obo/OBI_0001295" ,
 "biological activity assay measuring epitope specific interleukin-17 production by T cells" , "http://purl.obolibrary.org/obo/OBI_1110162" , "http://www.w3.org/2000/01/rdf-schema#subClassOf" , "http://purl.obolibrary.org/obo/OBI_0001295" ,
 "biological activity assay measuring epitope specific interleukin-17 production by T cells" , "b309" , "http://www.w3.org/1999/02/22-rdf-syntax-ns#first" , "http://purl.obolibrary.org/obo/OBI_0001295" ,
 "biological activity assay measuring epitope specific interleukin-17 production by T cells" , "b310" , "http://www.w3.org/1999/02/22-rdf-syntax-ns#first" , "http://purl.obolibrary.org/obo/OBI_0001295" ,
 "biological activity assay measuring epitope specific interleukin-17 production by T cells" , "b311" , "http://www.w3.org/1999/02/22-rdf-syntax-ns#first" , "http://purl.obolibrary.org/obo/OBI_0001295" ,
 "biological activity assay measuring epitope specific interleukin-17 production by T cells" , "b312" , "http://www.w3.org/1999/02/22-rdf-syntax-ns#first" , "http://purl.obolibrary.org/obo/OBI_0001295" ,
 "biological activity assay measuring epitope specific IP-10 production by T cells" , "http://purl.obolibrary.org/obo/OBI_0001196" , "http://www.w3.org/2000/01/rdf-schema#subClassOf" , "http://purl.obolibrary.org/obo/OBI_0001308" ,
 "biological activity assay measuring epitope specific IP-10 production by T cells" , "b313" , "http://www.w3.org/1999/02/22-rdf-syntax-ns#first" , "http://purl.obolibrary.org/obo/OBI_0001308" ,
 "biological activity assay measuring epitope specific IP-10 production by T cells" , "http://purl.obolibrary.org/obo/OBI_0001281" , "http://www.w3.org/2000/01/rdf-schema#subClassOf" , "http://purl.obolibrary.org/obo/OBI_0001308" ,
 "biological activity assay measuring epitope specific IP-10 production by T cells" , "b314" , "http://www.w3.org/1999/02/22-rdf-syntax-ns#first" , "http://purl.obolibrary.org/obo/OBI_0001308" ,
 "biological activity assay measuring epitope specific IP-10 production by T cells" , "http://purl.obolibrary.org/obo/OBI_0001383" , "http://www.w3.org/2000/01/rdf-schema#subClassOf" , "http://purl.obolibrary.org/obo/OBI_0001308" ,
 "biological activity assay measuring epitope specific IP-10 production by T cells" , "b315" , "http://www.w3.org/1999/02/22-rdf-syntax-ns#first" , "http://purl.obolibrary.org/obo/OBI_0001308" ,
 "biological activity assay measuring epitope specific IP-10 production by T cells" , "http://purl.obolibrary.org/obo/OBI_0001795" , "http://www.w3.org/2000/01/rdf-schema#subClassOf" , "http://purl.obolibrary.org/obo/OBI_0001308" ,
 "biological activity assay measuring epitope specific IP-10 production by T cells" , "b316" , "http://www.w3.org/1999/02/22-rdf-syntax-ns#first" , "http://purl.obolibrary.org/obo/OBI_0001308" ,
 "biological activity assay measuring epitope specific IP-10 production by T cells" , "http://purl.obolibrary.org/obo/OBI_0001796" , "http://www.w3.org/2000/01/rdf-schema#subClassOf" , "http://purl.obolibrary.org/obo/OBI_0001308" ,
 "biological activity assay measuring epitope specific IP-10 production by T cells" , "b317" , "http://www.w3.org/1999/02/22-rdf-syntax-ns#first" , "http://purl.obolibrary.org/obo/OBI_0001308" ,
 "biological activity assay measuring epitope specific lymphotoxin A production by T cells" , "http://purl.obolibrary.org/obo/OBI_0001288" , "http://www.w3.org/2000/01/rdf-schema#subClassOf" , "http://purl.obolibrary.org/obo/OBI_0001327" ,
 "biological activity assay measuring epitope specific lymphotoxin A production by T cells" , "b318" , "http://www.w3.org/1999/02/22-rdf-syntax-ns#first" , "http://purl.obolibrary.org/obo/OBI_0001327" ,
 "biological activity assay measuring epitope specific lymphotoxin A production by T cells" , "http://purl.obolibrary.org/obo/OBI_0001453" , "http://www.w3.org/2000/01/rdf-schema#subClassOf" , "http://purl.obolibrary.org/obo/OBI_0001327" ,
 "biological activity assay measuring epitope specific lymphotoxin A production by T cells" , "b319" , "http://www.w3.org/1999/02/22-rdf-syntax-ns#first" , "http://purl.obolibrary.org/obo/OBI_0001327" ,
 "biological activity assay measuring epitope specific lymphotoxin A production by T cells" , "http://purl.obolibrary.org/obo/OBI_0001791" , "http://www.w3.org/2000/01/rdf-schema#subClassOf" , "http://purl.obolibrary.org/obo/OBI_0001327" ,
 "biological activity assay measuring epitope specific lymphotoxin A production by T cells" , "b320" , "http://www.w3.org/1999/02/22-rdf-syntax-ns#first" , "http://purl.obolibrary.org/obo/OBI_0001327" ,
 "biological activity assay measuring epitope specific lymphotoxin A production by T cells" , "http://purl.obolibrary.org/obo/OBI_0001793" , "http://www.w3.org/2000/01/rdf-schema#subClassOf" , "http://purl.obolibrary.org/obo/OBI_0001327" ,
 "biological activity assay measuring epitope specific lymphotoxin A production by T cells" , "b321" , "http://www.w3.org/1999/02/22-rdf-syntax-ns#first" , "http://purl.obolibrary.org/obo/OBI_0001327" ,
 "biological activity assay measuring epitope specific lymphotoxin A production by T cells" , "http://purl.obolibrary.org/obo/OBI_0001794" , "http://www.w3.org/2000/01/rdf-schema#subClassOf" , "http://purl.obolibrary.org/obo/OBI_0001327" ,
 "biological activity assay measuring epitope specific lymphotoxin A production by T cells" , "b322" , "http://www.w3.org/1999/02/22-rdf-syntax-ns#first" , "http://purl.obolibrary.org/obo/OBI_0001327" ,
 "biological activity assay measuring epitope specific macrophage inflammatory protein-1 alpha production by T cells" , "http://purl.obolibrary.org/obo/OBI_0001302" , "http://www.w3.org/2000/01/rdf-schema#subClassOf" , "http://purl.obolibrary.org/obo/OBI_0001333" ,
 "biological activity assay measuring epitope specific macrophage inflammatory protein-1 alpha production by T cells" , "b323" , "http://www.w3.org/1999/02/22-rdf-syntax-ns#first" , "http://purl.obolibrary.org/obo/OBI_0001333" ,
 "biological activity assay measuring epitope specific macrophage inflammatory protein-1 alpha production by T cells" , "http://purl.obolibrary.org/obo/OBI_0001405" , "http://www.w3.org/2000/01/rdf-schema#subClassOf" , "http://purl.obolibrary.org/obo/OBI_0001333" ,
 "biological activity assay measuring epitope specific macrophage inflammatory protein-1 alpha production by T cells" , "b324" , "http://www.w3.org/1999/02/22-rdf-syntax-ns#first" , "http://purl.obolibrary.org/obo/OBI_0001333" ,
 "biological activity assay measuring epitope specific macrophage inflammatory protein-1 alpha production by T cells" , "http://purl.obolibrary.org/obo/OBI_0001545" , "http://www.w3.org/2000/01/rdf-schema#subClassOf" , "http://purl.obolibrary.org/obo/OBI_0001333" ,
 "biological activity assay measuring epitope specific macrophage inflammatory protein-1 alpha production by T cells" , "b325" , "http://www.w3.org/1999/02/22-rdf-syntax-ns#first" , "http://purl.obolibrary.org/obo/OBI_0001333" ,
 "biological activity assay measuring epitope specific macrophage inflammatory protein-1 alpha production by T cells" , "http://purl.obolibrary.org/obo/OBI_0001780" , "http://www.w3.org/2000/01/rdf-schema#subClassOf" , "http://purl.obolibrary.org/obo/OBI_0001333" ,
 "biological activity assay measuring epitope specific macrophage inflammatory protein-1 alpha production by T cells" , "b326" , "http://www.w3.org/1999/02/22-rdf-syntax-ns#first" , "http://purl.obolibrary.org/obo/OBI_0001333" ,
 "biological activity assay measuring epitope specific macrophage inflammatory protein-1 alpha production by T cells" , "http://purl.obolibrary.org/obo/OBI_0001792" , "http://www.w3.org/2000/01/rdf-schema#subClassOf" , "http://purl.obolibrary.org/obo/OBI_0001333" ,
 "biological activity assay measuring epitope specific macrophage inflammatory protein-1 alpha production by T cells" , "b327" , "http://www.w3.org/1999/02/22-rdf-syntax-ns#first" , "http://purl.obolibrary.org/obo/OBI_0001333" ,
 "biological activity assay measuring epitope specific chemokine (C-C motif) ligand 4 production by T cells" , "http://purl.obolibrary.org/obo/OBI_0001370" , "http://www.w3.org/2000/01/rdf-schema#subClassOf" , "http://purl.obolibrary.org/obo/OBI_0001345" ,
 "biological activity assay measuring epitope specific chemokine (C-C motif) ligand 4 production by T cells" , "b328" , "http://www.w3.org/1999/02/22-rdf-syntax-ns#first" , "http://purl.obolibrary.org/obo/OBI_0001345" ,
 "biological activity assay measuring epitope specific chemokine (C-C motif) ligand 4 production by T cells" , "http://purl.obolibrary.org/obo/OBI_0001378" , "http://www.w3.org/2000/01/rdf-schema#subClassOf" , "http://purl.obolibrary.org/obo/OBI_0001345" ,
 "biological activity assay measuring epitope specific chemokine (C-C motif) ligand 4 production by T cells" , "b329" , "http://www.w3.org/1999/02/22-rdf-syntax-ns#first" , "http://purl.obolibrary.org/obo/OBI_0001345" ,
 "biological activity assay measuring epitope specific chemokine (C-C motif) ligand 4 production by T cells" , "http://purl.obolibrary.org/obo/OBI_0001758" , "http://www.w3.org/2000/01/rdf-schema#subClassOf" , "http://purl.obolibrary.org/obo/OBI_0001345" ,
 "biological activity assay measuring epitope specific chemokine (C-C motif) ligand 4 production by T cells" , "b330" , "http://www.w3.org/1999/02/22-rdf-syntax-ns#first" , "http://purl.obolibrary.org/obo/OBI_0001345" ,
 "biological activity assay measuring epitope specific chemokine (C-C motif) ligand 4 production by T cells" , "http://purl.obolibrary.org/obo/OBI_0001764" , "http://www.w3.org/2000/01/rdf-schema#subClassOf" , "http://purl.obolibrary.org/obo/OBI_0001345" ,
 "biological activity assay measuring epitope specific chemokine (C-C motif) ligand 4 production by T cells" , "b331" , "http://www.w3.org/1999/02/22-rdf-syntax-ns#first" , "http://purl.obolibrary.org/obo/OBI_0001345" ,
 "biological activity assay measuring epitope specific chemokine (C-C motif) ligand 4 production by T cells" , "http://purl.obolibrary.org/obo/OBI_0001765" , "http://www.w3.org/2000/01/rdf-schema#subClassOf" , "http://purl.obolibrary.org/obo/OBI_0001345" ,
 "biological activity assay measuring epitope specific chemokine (C-C motif) ligand 4 production by T cells" , "b332" , "http://www.w3.org/1999/02/22-rdf-syntax-ns#first" , "http://purl.obolibrary.org/obo/OBI_0001345" ,
 "biological activity assay measuring epitope specific interleukin-23 production by T cells" , "http://purl.obolibrary.org/obo/OBI_0001244" , "http://www.w3.org/2000/01/rdf-schema#subClassOf" , "http://purl.obolibrary.org/obo/OBI_0001363" ,
 "biological activity assay measuring epitope specific interleukin-23 production by T cells" , "b333" , "http://www.w3.org/1999/02/22-rdf-syntax-ns#first" , "http://purl.obolibrary.org/obo/OBI_0001363" ,
 "biological activity assay measuring epitope specific interleukin-23 production by T cells" , "http://purl.obolibrary.org/obo/OBI_0001395" , "http://www.w3.org/2000/01/rdf-schema#subClassOf" , "http://purl.obolibrary.org/obo/OBI_0001363" ,
 "biological activity assay measuring epitope specific interleukin-23 production by T cells" , "b334" , "http://www.w3.org/1999/02/22-rdf-syntax-ns#first" , "http://purl.obolibrary.org/obo/OBI_0001363" ,
 "biological activity assay measuring epitope specific interleukin-23 production by T cells" , "http://purl.obolibrary.org/obo/OBI_0001610" , "http://www.w3.org/2000/01/rdf-schema#subClassOf" , "http://purl.obolibrary.org/obo/OBI_0001363" ,
 "biological activity assay measuring epitope specific interleukin-23 production by T cells" , "b335" , "http://www.w3.org/1999/02/22-rdf-syntax-ns#first" , "http://purl.obolibrary.org/obo/OBI_0001363" ,
 "biological activity assay measuring epitope specific interleukin-23 production by T cells" , "http://purl.obolibrary.org/obo/OBI_0001812" , "http://www.w3.org/2000/01/rdf-schema#subClassOf" , "http://purl.obolibrary.org/obo/OBI_0001363" ,
 "biological activity assay measuring epitope specific interleukin-23 production by T cells" , "b336" , "http://www.w3.org/1999/02/22-rdf-syntax-ns#first" , "http://purl.obolibrary.org/obo/OBI_0001363" ,
 "biological activity assay measuring epitope specific interleukin-23 production by T cells" , "http://purl.obolibrary.org/obo/OBI_0001822" , "http://www.w3.org/2000/01/rdf-schema#subClassOf" , "http://purl.obolibrary.org/obo/OBI_0001363" ,
 "biological activity assay measuring epitope specific interleukin-23 production by T cells" , "b337" , "http://www.w3.org/1999/02/22-rdf-syntax-ns#first" , "http://purl.obolibrary.org/obo/OBI_0001363" ,
 "biological activity assay measuring epitope specific interleukin-18 production by T cells" , "http://purl.obolibrary.org/obo/OBI_0001815" , "http://www.w3.org/2000/01/rdf-schema#subClassOf" , "http://purl.obolibrary.org/obo/OBI_0001380" ,
 "biological activity assay measuring epitope specific interleukin-18 production by T cells" , "b338" , "http://www.w3.org/1999/02/22-rdf-syntax-ns#first" , "http://purl.obolibrary.org/obo/OBI_0001380" ,
 "biological activity assay measuring epitope specific interleukin-18 production by T cells" , "http://purl.obolibrary.org/obo/OBI_0001817" , "http://www.w3.org/2000/01/rdf-schema#subClassOf" , "http://purl.obolibrary.org/obo/OBI_0001380" ,
 "biological activity assay measuring epitope specific interleukin-18 production by T cells" , "b339" , "http://www.w3.org/1999/02/22-rdf-syntax-ns#first" , "http://purl.obolibrary.org/obo/OBI_0001380" ,
 "biological activity assay measuring epitope specific interleukin-18 production by T cells" , "http://purl.obolibrary.org/obo/OBI_0001824" , "http://www.w3.org/2000/01/rdf-schema#subClassOf" , "http://purl.obolibrary.org/obo/OBI_0001380" ,
 "biological activity assay measuring epitope specific interleukin-18 production by T cells" , "b340" , "http://www.w3.org/1999/02/22-rdf-syntax-ns#first" , "http://purl.obolibrary.org/obo/OBI_0001380" ,
 "biological activity assay measuring epitope specific interleukin-18 production by T cells" , "http://purl.obolibrary.org/obo/OBI_0001835" , "http://www.w3.org/2000/01/rdf-schema#subClassOf" , "http://purl.obolibrary.org/obo/OBI_0001380" ,
 "biological activity assay measuring epitope specific interleukin-18 production by T cells" , "b341" , "http://www.w3.org/1999/02/22-rdf-syntax-ns#first" , "http://purl.obolibrary.org/obo/OBI_0001380" ,
 "biological activity assay measuring epitope specific interleukin-18 production by T cells" , "http://purl.obolibrary.org/obo/OBI_1110163" , "http://www.w3.org/2000/01/rdf-schema#subClassOf" , "http://purl.obolibrary.org/obo/OBI_0001380" ,
 "biological activity assay measuring epitope specific interleukin-18 production by T cells" , "b342" , "http://www.w3.org/1999/02/22-rdf-syntax-ns#first" , "http://purl.obolibrary.org/obo/OBI_0001380" ,
 "biological activity assay measuring epitope specific interleukin-1 alpha production by T cells" , "http://purl.obolibrary.org/obo/OBI_0001261" , "http://www.w3.org/2000/01/rdf-schema#subClassOf" , "http://purl.obolibrary.org/obo/OBI_0001388" ,
 "biological activity assay measuring epitope specific interleukin-1 alpha production by T cells" , "b343" , "http://www.w3.org/1999/02/22-rdf-syntax-ns#first" , "http://purl.obolibrary.org/obo/OBI_0001388" ,
 "biological activity assay measuring epitope specific interleukin-1 alpha production by T cells" , "http://purl.obolibrary.org/obo/OBI_0001744" , "http://www.w3.org/2000/01/rdf-schema#subClassOf" , "http://purl.obolibrary.org/obo/OBI_0001388" ,
 "biological activity assay measuring epitope specific interleukin-1 alpha production by T cells" , "b344" , "http://www.w3.org/1999/02/22-rdf-syntax-ns#first" , "http://purl.obolibrary.org/obo/OBI_0001388" ,
 "biological activity assay measuring epitope specific interleukin-1 alpha production by T cells" , "http://purl.obolibrary.org/obo/OBI_0001745" , "http://www.w3.org/2000/01/rdf-schema#subClassOf" , "http://purl.obolibrary.org/obo/OBI_0001388" ,
 "biological activity assay measuring epitope specific interleukin-1 alpha production by T cells" , "b345" , "http://www.w3.org/1999/02/22-rdf-syntax-ns#first" , "http://purl.obolibrary.org/obo/OBI_0001388" ,
 "biological activity assay measuring epitope specific interleukin-1 alpha production by T cells" , "http://purl.obolibrary.org/obo/OBI_0001746" , "http://www.w3.org/2000/01/rdf-schema#subClassOf" , "http://purl.obolibrary.org/obo/OBI_0001388" ,
 "biological activity assay measuring epitope specific interleukin-1 alpha production by T cells" , "b346" , "http://www.w3.org/1999/02/22-rdf-syntax-ns#first" , "http://purl.obolibrary.org/obo/OBI_0001388" ,
 "biological activity assay measuring epitope specific interleukin-1 alpha production by T cells" , "http://purl.obolibrary.org/obo/OBI_0001747" , "http://www.w3.org/2000/01/rdf-schema#subClassOf" , "http://purl.obolibrary.org/obo/OBI_0001388" ,
 "biological activity assay measuring epitope specific interleukin-1 alpha production by T cells" , "b347" , "http://www.w3.org/1999/02/22-rdf-syntax-ns#first" , "http://purl.obolibrary.org/obo/OBI_0001388" ,
 "biological activity assay measuring epitope specific interferon-beta production by T cells" , "http://purl.obolibrary.org/obo/OBI_0001356" , "http://www.w3.org/2000/01/rdf-schema#subClassOf" , "http://purl.obolibrary.org/obo/OBI_0001390" ,
 "biological activity assay measuring epitope specific interferon-beta production by T cells" , "b348" , "http://www.w3.org/1999/02/22-rdf-syntax-ns#first" , "http://purl.obolibrary.org/obo/OBI_0001390" ,
 "biological activity assay measuring epitope specific interferon-beta production by T cells" , "http://purl.obolibrary.org/obo/OBI_0001748" , "http://www.w3.org/2000/01/rdf-schema#subClassOf" , "http://purl.obolibrary.org/obo/OBI_0001390" ,
 "biological activity assay measuring epitope specific interferon-beta production by T cells" , "b349" , "http://www.w3.org/1999/02/22-rdf-syntax-ns#first" , "http://purl.obolibrary.org/obo/OBI_0001390" ,
 "biological activity assay measuring epitope specific interferon-beta production by T cells" , "http://purl.obolibrary.org/obo/OBI_0001749" , "http://www.w3.org/2000/01/rdf-schema#subClassOf" , "http://purl.obolibrary.org/obo/OBI_0001390" ,
 "biological activity assay measuring epitope specific interferon-beta production by T cells" , "b350" , "http://www.w3.org/1999/02/22-rdf-syntax-ns#first" , "http://purl.obolibrary.org/obo/OBI_0001390" ,
 "biological activity assay measuring epitope specific interferon-beta production by T cells" , "http://purl.obolibrary.org/obo/OBI_0001751" , "http://www.w3.org/2000/01/rdf-schema#subClassOf" , "http://purl.obolibrary.org/obo/OBI_0001390" ,
 "biological activity assay measuring epitope specific interferon-beta production by T cells" , "b351" , "http://www.w3.org/1999/02/22-rdf-syntax-ns#first" , "http://purl.obolibrary.org/obo/OBI_0001390" ,
 "biological activity assay measuring epitope specific interleukin-12 production by T cells" , "http://purl.obolibrary.org/obo/OBI_0001268" , "http://www.w3.org/2000/01/rdf-schema#subClassOf" , "http://purl.obolibrary.org/obo/OBI_0001391" ,
 "biological activity assay measuring epitope specific interleukin-12 production by T cells" , "b352" , "http://www.w3.org/1999/02/22-rdf-syntax-ns#first" , "http://purl.obolibrary.org/obo/OBI_0001391" ,
 "biological activity assay measuring epitope specific interleukin-12 production by T cells" , "http://purl.obolibrary.org/obo/OBI_0001284" , "http://www.w3.org/2000/01/rdf-schema#subClassOf" , "http://purl.obolibrary.org/obo/OBI_0001391" ,
 "biological activity assay measuring epitope specific interleukin-12 production by T cells" , "b353" , "http://www.w3.org/1999/02/22-rdf-syntax-ns#first" , "http://purl.obolibrary.org/obo/OBI_0001391" ,
 "biological activity assay measuring epitope specific interleukin-12 production by T cells" , "http://purl.obolibrary.org/obo/OBI_0001466" , "http://www.w3.org/2000/01/rdf-schema#subClassOf" , "http://purl.obolibrary.org/obo/OBI_0001391" ,
 "biological activity assay measuring epitope specific interleukin-12 production by T cells" , "b354" , "http://www.w3.org/1999/02/22-rdf-syntax-ns#first" , "http://purl.obolibrary.org/obo/OBI_0001391" ,
 "biological activity assay measuring epitope specific interleukin-12 production by T cells" , "http://purl.obolibrary.org/obo/OBI_0001844" , "http://www.w3.org/2000/01/rdf-schema#subClassOf" , "http://purl.obolibrary.org/obo/OBI_0001391" ,
 "biological activity assay measuring epitope specific interleukin-12 production by T cells" , "b355" , "http://www.w3.org/1999/02/22-rdf-syntax-ns#first" , "http://purl.obolibrary.org/obo/OBI_0001391" ,
 "biological activity assay measuring epitope specific interleukin-12 production by T cells" , "http://purl.obolibrary.org/obo/OBI_1110160" , "http://www.w3.org/2000/01/rdf-schema#subClassOf" , "http://purl.obolibrary.org/obo/OBI_0001391" ,
 "biological activity assay measuring epitope specific interleukin-12 production by T cells" , "b356" , "http://www.w3.org/1999/02/22-rdf-syntax-ns#first" , "http://purl.obolibrary.org/obo/OBI_0001391" ,
 "biological activity assay measuring epitope specific tumor necrosis factor superfamily cytokine production by T cells" , "http://purl.obolibrary.org/obo/OBI_0001416" , "http://www.w3.org/2000/01/rdf-schema#subClassOf" , "http://purl.obolibrary.org/obo/OBI_0001400" ,
 "biological activity assay measuring epitope specific tumor necrosis factor superfamily cytokine production by T cells" , "http://purl.obolibrary.org/obo/OBI_0001788" , "http://www.w3.org/2000/01/rdf-schema#subClassOf" , "http://purl.obolibrary.org/obo/OBI_0001400" ,
 "biological activity assay measuring epitope specific tumor necrosis factor superfamily cytokine production by T cells" , "http://purl.obolibrary.org/obo/OBI_0001246" , "http://www.w3.org/2000/01/rdf-schema#subClassOf" , "http://purl.obolibrary.org/obo/OBI_0001400" ,
 "biological activity assay measuring epitope specific tumor necrosis factor superfamily cytokine production by T cells" , "b357" , "http://www.w3.org/1999/02/22-rdf-syntax-ns#first" , "http://purl.obolibrary.org/obo/OBI_0001400" ,
 "biological activity assay measuring epitope specific tumor necrosis factor superfamily cytokine production by T cells" , "http://purl.obolibrary.org/obo/OBI_0001272" , "http://www.w3.org/2000/01/rdf-schema#subClassOf" , "http://purl.obolibrary.org/obo/OBI_0001400" ,
 "biological activity assay measuring epitope specific tumor necrosis factor superfamily cytokine production by T cells" , "b358" , "http://www.w3.org/1999/02/22-rdf-syntax-ns#first" , "http://purl.obolibrary.org/obo/OBI_0001400" ,
 "biological activity assay measuring epitope specific tumor necrosis factor superfamily cytokine production by T cells" , "http://purl.obolibrary.org/obo/OBI_0001327" , "http://www.w3.org/2000/01/rdf-schema#subClassOf" , "http://purl.obolibrary.org/obo/OBI_0001400" ,
 "biological activity assay measuring epitope specific tumor necrosis factor superfamily cytokine production by T cells" , "b359" , "http://www.w3.org/1999/02/22-rdf-syntax-ns#first" , "http://purl.obolibrary.org/obo/OBI_0001400" ,
 "biological activity assay measuring epitope specific tumor necrosis factor superfamily cytokine production by T cells" , "http://purl.obolibrary.org/obo/OBI_0001368" , "http://www.w3.org/2000/01/rdf-schema#subClassOf" , "http://purl.obolibrary.org/obo/OBI_0001400" ,
 "biological activity assay measuring epitope specific tumor necrosis factor superfamily cytokine production by T cells" , "b360" , "http://www.w3.org/1999/02/22-rdf-syntax-ns#first" , "http://purl.obolibrary.org/obo/OBI_0001400" ,
 "biological activity assay measuring epitope specific tumor necrosis factor superfamily cytokine production by T cells" , "http://purl.obolibrary.org/obo/OBI_0001385" , "http://www.w3.org/2000/01/rdf-schema#subClassOf" , "http://purl.obolibrary.org/obo/OBI_0001400" ,
 "biological activity assay measuring epitope specific tumor necrosis factor superfamily cytokine production by T cells" , "b361" , "http://www.w3.org/1999/02/22-rdf-syntax-ns#first" , "http://purl.obolibrary.org/obo/OBI_0001400" ,
 "biological activity assay measuring epitope specific tumor necrosis factor superfamily cytokine production by T cells" , "b362" , "http://www.w3.org/1999/02/22-rdf-syntax-ns#first" , "http://purl.obolibrary.org/obo/OBI_0001400" ,
 "biological activity assay measuring epitope specific tumor necrosis factor superfamily cytokine production by T cells" , "http://purl.obolibrary.org/obo/OBI_0001607" , "http://www.w3.org/2000/01/rdf-schema#subClassOf" , "http://purl.obolibrary.org/obo/OBI_0001400" ,
 "biological activity assay measuring epitope specific tumor necrosis factor superfamily cytokine production by T cells" , "b363" , "http://www.w3.org/1999/02/22-rdf-syntax-ns#first" , "http://purl.obolibrary.org/obo/OBI_0001400" ,
 "biological activity assay measuring epitope specific tumor necrosis factor superfamily cytokine production by T cells" , "b364" , "http://www.w3.org/1999/02/22-rdf-syntax-ns#first" , "http://purl.obolibrary.org/obo/OBI_0001400" ,
 "biological activity assay measuring epitope specific interleukin-3 production by T cells" , "http://purl.obolibrary.org/obo/OBI_0001260" , "http://www.w3.org/2000/01/rdf-schema#subClassOf" , "http://purl.obolibrary.org/obo/OBI_0001406" ,
 "biological activity assay measuring epitope specific interleukin-3 production by T cells" , "b365" , "http://www.w3.org/1999/02/22-rdf-syntax-ns#first" , "http://purl.obolibrary.org/obo/OBI_0001406" ,
 "biological activity assay measuring epitope specific interleukin-3 production by T cells" , "http://purl.obolibrary.org/obo/OBI_0001376" , "http://www.w3.org/2000/01/rdf-schema#subClassOf" , "http://purl.obolibrary.org/obo/OBI_0001406" ,
 "biological activity assay measuring epitope specific interleukin-3 production by T cells" , "b366" , "http://www.w3.org/1999/02/22-rdf-syntax-ns#first" , "http://purl.obolibrary.org/obo/OBI_0001406" ,
 "biological activity assay measuring epitope specific interleukin-3 production by T cells" , "http://purl.obolibrary.org/obo/OBI_0001384" , "http://www.w3.org/2000/01/rdf-schema#subClassOf" , "http://purl.obolibrary.org/obo/OBI_0001406" ,
 "biological activity assay measuring epitope specific interleukin-3 production by T cells" , "b367" , "http://www.w3.org/1999/02/22-rdf-syntax-ns#first" , "http://purl.obolibrary.org/obo/OBI_0001406" ,
 "biological activity assay measuring epitope specific interleukin-3 production by T cells" , "http://purl.obolibrary.org/obo/OBI_0001802" , "http://www.w3.org/2000/01/rdf-schema#subClassOf" , "http://purl.obolibrary.org/obo/OBI_0001406" ,
 "biological activity assay measuring epitope specific interleukin-3 production by T cells" , "b368" , "http://www.w3.org/1999/02/22-rdf-syntax-ns#first" , "http://purl.obolibrary.org/obo/OBI_0001406" ,
 "biological activity assay measuring epitope specific interleukin-3 production by T cells" , "http://purl.obolibrary.org/obo/OBI_0001807" , "http://www.w3.org/2000/01/rdf-schema#subClassOf" , "http://purl.obolibrary.org/obo/OBI_0001406" ,
 "biological activity assay measuring epitope specific interleukin-3 production by T cells" , "b369" , "http://www.w3.org/1999/02/22-rdf-syntax-ns#first" , "http://purl.obolibrary.org/obo/OBI_0001406" ,
 "biological activity assay measuring epitope specific interleukin-3 production by T cells" , "http://purl.obolibrary.org/obo/OBI_0001808" , "http://www.w3.org/2000/01/rdf-schema#subClassOf" , "http://purl.obolibrary.org/obo/OBI_0001406" ,
 "biological activity assay measuring epitope specific interleukin-3 production by T cells" , "b370" , "http://www.w3.org/1999/02/22-rdf-syntax-ns#first" , "http://purl.obolibrary.org/obo/OBI_0001406" ,
 "biological activity assay measuring epitope specific interferon-gamma production by T cells" , "http://purl.obolibrary.org/obo/OBI_0001319" , "http://www.w3.org/2000/01/rdf-schema#subClassOf" , "http://purl.obolibrary.org/obo/OBI_0001414" ,
 "biological activity assay measuring epitope specific interferon-gamma production by T cells" , "b371" , "http://www.w3.org/1999/02/22-rdf-syntax-ns#first" , "http://purl.obolibrary.org/obo/OBI_0001414" ,
 "biological activity assay measuring epitope specific interferon-gamma production by T cells" , "http://purl.obolibrary.org/obo/OBI_0001350" , "http://www.w3.org/2000/01/rdf-schema#subClassOf" , "http://purl.obolibrary.org/obo/OBI_0001414" ,
 "biological activity assay measuring epitope specific interferon-gamma production by T cells" , "b372" , "http://www.w3.org/1999/02/22-rdf-syntax-ns#first" , "http://purl.obolibrary.org/obo/OBI_0001414" ,
 "biological activity assay measuring epitope specific interferon-gamma production by T cells" , "http://purl.obolibrary.org/obo/OBI_0001379" , "http://www.w3.org/2000/01/rdf-schema#subClassOf" , "http://purl.obolibrary.org/obo/OBI_0001414" ,
 "biological activity assay measuring epitope specific interferon-gamma production by T cells" , "b373" , "http://www.w3.org/1999/02/22-rdf-syntax-ns#first" , "http://purl.obolibrary.org/obo/OBI_0001414" ,
 "biological activity assay measuring epitope specific interferon-gamma production by T cells" , "http://purl.obolibrary.org/obo/OBI_0001433" , "http://www.w3.org/2000/01/rdf-schema#subClassOf" , "http://purl.obolibrary.org/obo/OBI_0001414" ,
 "biological activity assay measuring epitope specific interferon-gamma production by T cells" , "b374" , "http://www.w3.org/1999/02/22-rdf-syntax-ns#first" , "http://purl.obolibrary.org/obo/OBI_0001414" ,
 "biological activity assay measuring epitope specific interferon-gamma production by T cells" , "http://purl.obolibrary.org/obo/OBI_1110059" , "http://www.w3.org/2000/01/rdf-schema#subClassOf" , "http://purl.obolibrary.org/obo/OBI_0001414" ,
 "biological activity assay measuring epitope specific interferon-gamma production by T cells" , "b375" , "http://www.w3.org/1999/02/22-rdf-syntax-ns#first" , "http://purl.obolibrary.org/obo/OBI_0001414" ,
 "biological activity assay measuring epitope specific interferon-gamma production by T cells" , "http://purl.obolibrary.org/obo/OBI_1110151" , "http://www.w3.org/2000/01/rdf-schema#subClassOf" , "http://purl.obolibrary.org/obo/OBI_0001414" ,
 "biological activity assay measuring epitope specific interferon-gamma production by T cells" , "b376" , "http://www.w3.org/1999/02/22-rdf-syntax-ns#first" , "http://purl.obolibrary.org/obo/OBI_0001414" ,
 "biological activity assay measuring epitope specific interferon-gamma production by T cells" , "http://purl.obolibrary.org/obo/OBI_1110172" , "http://www.w3.org/2000/01/rdf-schema#subClassOf" , "http://purl.obolibrary.org/obo/OBI_0001414" ,
 "biological activity assay measuring epitope specific interferon-gamma production by T cells" , "b377" , "http://www.w3.org/1999/02/22-rdf-syntax-ns#first" , "http://purl.obolibrary.org/obo/OBI_0001414" ,
 "biological activity assay measuring epitope specific tumor necrosis factor production by T cells" , "http://purl.obolibrary.org/obo/OBI_0001242" , "http://www.w3.org/2000/01/rdf-schema#subClassOf" , "http://purl.obolibrary.org/obo/OBI_0001416" ,
 "biological activity assay measuring epitope specific tumor necrosis factor production by T cells" , "b378" , "http://www.w3.org/1999/02/22-rdf-syntax-ns#first" , "http://purl.obolibrary.org/obo/OBI_0001416" ,
 "biological activity assay measuring epitope specific tumor necrosis factor production by T cells" , "http://purl.obolibrary.org/obo/OBI_0001353" , "http://www.w3.org/2000/01/rdf-schema#subClassOf" , "http://purl.obolibrary.org/obo/OBI_0001416" ,
 "biological activity assay measuring epitope specific tumor necrosis factor production by T cells" , "b379" , "http://www.w3.org/1999/02/22-rdf-syntax-ns#first" , "http://purl.obolibrary.org/obo/OBI_0001416" ,
 "biological activity assay measuring epitope specific tumor necrosis factor production by T cells" , "http://purl.obolibrary.org/obo/OBI_0001452" , "http://www.w3.org/2000/01/rdf-schema#subClassOf" , "http://purl.obolibrary.org/obo/OBI_0001416" ,
 "biological activity assay measuring epitope specific tumor necrosis factor production by T cells" , "b380" , "http://www.w3.org/1999/02/22-rdf-syntax-ns#first" , "http://purl.obolibrary.org/obo/OBI_0001416" ,
 "biological activity assay measuring epitope specific tumor necrosis factor production by T cells" , "http://purl.obolibrary.org/obo/OBI_1110155" , "http://www.w3.org/2000/01/rdf-schema#subClassOf" , "http://purl.obolibrary.org/obo/OBI_0001416" ,
 "biological activity assay measuring epitope specific tumor necrosis factor production by T cells" , "b381" , "http://www.w3.org/1999/02/22-rdf-syntax-ns#first" , "http://purl.obolibrary.org/obo/OBI_0001416" ,
 "biological activity assay measuring epitope specific tumor necrosis factor production by T cells" , "http://purl.obolibrary.org/obo/OBI_1110168" , "http://www.w3.org/2000/01/rdf-schema#subClassOf" , "http://purl.obolibrary.org/obo/OBI_0001416" ,
 "biological activity assay measuring epitope specific tumor necrosis factor production by T cells" , "b382" , "http://www.w3.org/1999/02/22-rdf-syntax-ns#first" , "http://purl.obolibrary.org/obo/OBI_0001416" ,
 "biological activity assay measuring epitope specific tumor necrosis factor production by T cells" , "http://purl.obolibrary.org/obo/OBI_1110174" , "http://www.w3.org/2000/01/rdf-schema#subClassOf" , "http://purl.obolibrary.org/obo/OBI_0001416" ,
 "biological activity assay measuring epitope specific tumor necrosis factor production by T cells" , "b383" , "http://www.w3.org/1999/02/22-rdf-syntax-ns#first" , "http://purl.obolibrary.org/obo/OBI_0001416" ,
 "biological activity assay measuring epitope specific granzyme B release by T cells" , "http://purl.obolibrary.org/obo/OBI_0001322" , "http://www.w3.org/2000/01/rdf-schema#subClassOf" , "http://purl.obolibrary.org/obo/OBI_0001436" ,
 "biological activity assay measuring epitope specific granzyme B release by T cells" , "b384" , "http://www.w3.org/1999/02/22-rdf-syntax-ns#first" , "http://purl.obolibrary.org/obo/OBI_0001436" ,
 "biological activity assay measuring epitope specific granzyme B release by T cells" , "http://purl.obolibrary.org/obo/OBI_0001423" , "http://www.w3.org/2000/01/rdf-schema#subClassOf" , "http://purl.obolibrary.org/obo/OBI_0001436" ,
 "biological activity assay measuring epitope specific granzyme B release by T cells" , "b385" , "http://www.w3.org/1999/02/22-rdf-syntax-ns#first" , "http://purl.obolibrary.org/obo/OBI_0001436" ,
 "biological activity assay measuring epitope specific granzyme B release by T cells" , "http://purl.obolibrary.org/obo/OBI_0001461" , "http://www.w3.org/2000/01/rdf-schema#subClassOf" , "http://purl.obolibrary.org/obo/OBI_0001436" ,
 "biological activity assay measuring epitope specific granzyme B release by T cells" , "b386" , "http://www.w3.org/1999/02/22-rdf-syntax-ns#first" , "http://purl.obolibrary.org/obo/OBI_0001436" ,
 "biological activity assay measuring epitope specific granzyme B release by T cells" , "http://purl.obolibrary.org/obo/OBI_0002065" , "http://www.w3.org/2000/01/rdf-schema#subClassOf" , "http://purl.obolibrary.org/obo/OBI_0001436" ,
 "biological activity assay measuring epitope specific granzyme B release by T cells" , "b387" , "http://www.w3.org/1999/02/22-rdf-syntax-ns#first" , "http://purl.obolibrary.org/obo/OBI_0001436" ,
 "biological activity assay measuring epitope specific granzyme B release by T cells" , "http://purl.obolibrary.org/obo/OBI_0002066" , "http://www.w3.org/2000/01/rdf-schema#subClassOf" , "http://purl.obolibrary.org/obo/OBI_0001436" ,
 "biological activity assay measuring epitope specific granzyme B release by T cells" , "b388" , "http://www.w3.org/1999/02/22-rdf-syntax-ns#first" , "http://purl.obolibrary.org/obo/OBI_0001436" ,
 "biological activity assay measuring epitope specific interleukin-2 production by T cells" , "http://purl.obolibrary.org/obo/OBI_0001216" , "http://www.w3.org/2000/01/rdf-schema#subClassOf" , "http://purl.obolibrary.org/obo/OBI_0001445" ,
 "biological activity assay measuring epitope specific interleukin-2 production by T cells" , "b389" , "http://www.w3.org/1999/02/22-rdf-syntax-ns#first" , "http://purl.obolibrary.org/obo/OBI_0001445" ,
 "biological activity assay measuring epitope specific interleukin-2 production by T cells" , "http://purl.obolibrary.org/obo/OBI_0001277" , "http://www.w3.org/2000/01/rdf-schema#subClassOf" , "http://purl.obolibrary.org/obo/OBI_0001445" ,
 "biological activity assay measuring epitope specific interleukin-2 production by T cells" , "b390" , "http://www.w3.org/1999/02/22-rdf-syntax-ns#first" , "http://purl.obolibrary.org/obo/OBI_0001445" ,
 "biological activity assay measuring epitope specific interleukin-2 production by T cells" , "http://purl.obolibrary.org/obo/OBI_0001300" , "http://www.w3.org/2000/01/rdf-schema#subClassOf" , "http://purl.obolibrary.org/obo/OBI_0001445" ,
 "biological activity assay measuring epitope specific interleukin-2 production by T cells" , "b391" , "http://www.w3.org/1999/02/22-rdf-syntax-ns#first" , "http://purl.obolibrary.org/obo/OBI_0001445" ,
 "biological activity assay measuring epitope specific interleukin-2 production by T cells" , "http://purl.obolibrary.org/obo/OBI_0001402" , "http://www.w3.org/2000/01/rdf-schema#subClassOf" , "http://purl.obolibrary.org/obo/OBI_0001445" ,
 "biological activity assay measuring epitope specific interleukin-2 production by T cells" , "b392" , "http://www.w3.org/1999/02/22-rdf-syntax-ns#first" , "http://purl.obolibrary.org/obo/OBI_0001445" ,
 "biological activity assay measuring epitope specific interleukin-2 production by T cells" , "http://purl.obolibrary.org/obo/OBI_1110013" , "http://www.w3.org/2000/01/rdf-schema#subClassOf" , "http://purl.obolibrary.org/obo/OBI_0001445" ,
 "biological activity assay measuring epitope specific interleukin-2 production by T cells" , "b393" , "http://www.w3.org/1999/02/22-rdf-syntax-ns#first" , "http://purl.obolibrary.org/obo/OBI_0001445" ,
 "biological activity assay measuring epitope specific interleukin-2 production by T cells" , "http://purl.obolibrary.org/obo/OBI_1110152" , "http://www.w3.org/2000/01/rdf-schema#subClassOf" , "http://purl.obolibrary.org/obo/OBI_0001445" ,
 "biological activity assay measuring epitope specific interleukin-2 production by T cells" , "b394" , "http://www.w3.org/1999/02/22-rdf-syntax-ns#first" , "http://purl.obolibrary.org/obo/OBI_0001445" ,
 "biological activity assay measuring epitope specific interleukin-2 production by T cells" , "http://purl.obolibrary.org/obo/OBI_1110173" , "http://www.w3.org/2000/01/rdf-schema#subClassOf" , "http://purl.obolibrary.org/obo/OBI_0001445" ,
 "biological activity assay measuring epitope specific interleukin-2 production by T cells" , "b395" , "http://www.w3.org/1999/02/22-rdf-syntax-ns#first" , "http://purl.obolibrary.org/obo/OBI_0001445" ,
 "biological activity assay measuring epitope specific interleukin-1 beta production by T cells" , "http://purl.obolibrary.org/obo/OBI_0001223" , "http://www.w3.org/2000/01/rdf-schema#subClassOf" , "http://purl.obolibrary.org/obo/OBI_0001449" ,
 "biological activity assay measuring epitope specific interleukin-1 beta production by T cells" , "b396" , "http://www.w3.org/1999/02/22-rdf-syntax-ns#first" , "http://purl.obolibrary.org/obo/OBI_0001449" ,
 "biological activity assay measuring epitope specific interleukin-1 beta production by T cells" , "http://purl.obolibrary.org/obo/OBI_0001743" , "http://www.w3.org/2000/01/rdf-schema#subClassOf" , "http://purl.obolibrary.org/obo/OBI_0001449" ,
 "biological activity assay measuring epitope specific interleukin-1 beta production by T cells" , "b397" , "http://www.w3.org/1999/02/22-rdf-syntax-ns#first" , "http://purl.obolibrary.org/obo/OBI_0001449" ,
 "biological activity assay measuring epitope specific interleukin-1 beta production by T cells" , "http://purl.obolibrary.org/obo/OBI_0001841" , "http://www.w3.org/2000/01/rdf-schema#subClassOf" , "http://purl.obolibrary.org/obo/OBI_0001449" ,
 "biological activity assay measuring epitope specific interleukin-1 beta production by T cells" , "b398" , "http://www.w3.org/1999/02/22-rdf-syntax-ns#first" , "http://purl.obolibrary.org/obo/OBI_0001449" ,
 "biological activity assay measuring epitope specific interleukin-1 beta production by T cells" , "http://purl.obolibrary.org/obo/OBI_0001842" , "http://www.w3.org/2000/01/rdf-schema#subClassOf" , "http://purl.obolibrary.org/obo/OBI_0001449" ,
 "biological activity assay measuring epitope specific interleukin-1 beta production by T cells" , "b399" , "http://www.w3.org/1999/02/22-rdf-syntax-ns#first" , "http://purl.obolibrary.org/obo/OBI_0001449" ,
 "biological activity assay measuring epitope specific interleukin-1 beta production by T cells" , "http://purl.obolibrary.org/obo/OBI_1110161" , "http://www.w3.org/2000/01/rdf-schema#subClassOf" , "http://purl.obolibrary.org/obo/OBI_0001449" ,
 "biological activity assay measuring epitope specific interleukin-1 beta production by T cells" , "b400" , "http://www.w3.org/1999/02/22-rdf-syntax-ns#first" , "http://purl.obolibrary.org/obo/OBI_0001449" ,
 "biological activity assay measuring epitope specific interleukin-4 production by T cells" , "http://purl.obolibrary.org/obo/OBI_0001241" , "http://www.w3.org/2000/01/rdf-schema#subClassOf" , "http://purl.obolibrary.org/obo/OBI_0001450" ,
 "biological activity assay measuring epitope specific interleukin-4 production by T cells" , "b401" , "http://www.w3.org/1999/02/22-rdf-syntax-ns#first" , "http://purl.obolibrary.org/obo/OBI_0001450" ,
 "biological activity assay measuring epitope specific interleukin-4 production by T cells" , "http://purl.obolibrary.org/obo/OBI_0001326" , "http://www.w3.org/2000/01/rdf-schema#subClassOf" , "http://purl.obolibrary.org/obo/OBI_0001450" ,
 "biological activity assay measuring epitope specific interleukin-4 production by T cells" , "b402" , "http://www.w3.org/1999/02/22-rdf-syntax-ns#first" , "http://purl.obolibrary.org/obo/OBI_0001450" ,
 "biological activity assay measuring epitope specific interleukin-4 production by T cells" , "http://purl.obolibrary.org/obo/OBI_0001339" , "http://www.w3.org/2000/01/rdf-schema#subClassOf" , "http://purl.obolibrary.org/obo/OBI_0001450" ,
 "biological activity assay measuring epitope specific interleukin-4 production by T cells" , "b403" , "http://www.w3.org/1999/02/22-rdf-syntax-ns#first" , "http://purl.obolibrary.org/obo/OBI_0001450" ,
 "biological activity assay measuring epitope specific interleukin-4 production by T cells" , "http://purl.obolibrary.org/obo/OBI_1110153" , "http://www.w3.org/2000/01/rdf-schema#subClassOf" , "http://purl.obolibrary.org/obo/OBI_0001450" ,
 "biological activity assay measuring epitope specific interleukin-4 production by T cells" , "b404" , "http://www.w3.org/1999/02/22-rdf-syntax-ns#first" , "http://purl.obolibrary.org/obo/OBI_0001450" ,
 "biological activity assay measuring epitope specific interleukin-4 production by T cells" , "http://purl.obolibrary.org/obo/OBI_1110167" , "http://www.w3.org/2000/01/rdf-schema#subClassOf" , "http://purl.obolibrary.org/obo/OBI_0001450" ,
 "biological activity assay measuring epitope specific interleukin-4 production by T cells" , "b405" , "http://www.w3.org/1999/02/22-rdf-syntax-ns#first" , "http://purl.obolibrary.org/obo/OBI_0001450" ,
 "biological activity assay measuring epitope specific interleukin-4 production by T cells" , "http://purl.obolibrary.org/obo/OBI_1110175" , "http://www.w3.org/2000/01/rdf-schema#subClassOf" , "http://purl.obolibrary.org/obo/OBI_0001450" ,
 "biological activity assay measuring epitope specific interleukin-4 production by T cells" , "b406" , "http://www.w3.org/1999/02/22-rdf-syntax-ns#first" , "http://purl.obolibrary.org/obo/OBI_0001450" ,
 "biological activity assay measuring epitope specific interleukin-6 production by T cells" , "http://purl.obolibrary.org/obo/OBI_0001227" , "http://www.w3.org/2000/01/rdf-schema#subClassOf" , "http://purl.obolibrary.org/obo/OBI_0001451" ,
 "biological activity assay measuring epitope specific interleukin-6 production by T cells" , "b407" , "http://www.w3.org/1999/02/22-rdf-syntax-ns#first" , "http://purl.obolibrary.org/obo/OBI_0001451" ,
 "biological activity assay measuring epitope specific interleukin-6 production by T cells" , "http://purl.obolibrary.org/obo/OBI_0001240" , "http://www.w3.org/2000/01/rdf-schema#subClassOf" , "http://purl.obolibrary.org/obo/OBI_0001451" ,
 "biological activity assay measuring epitope specific interleukin-6 production by T cells" , "b408" , "http://www.w3.org/1999/02/22-rdf-syntax-ns#first" , "http://purl.obolibrary.org/obo/OBI_0001451" ,
 "biological activity assay measuring epitope specific interleukin-6 production by T cells" , "http://purl.obolibrary.org/obo/OBI_0001360" , "http://www.w3.org/2000/01/rdf-schema#subClassOf" , "http://purl.obolibrary.org/obo/OBI_0001451" ,
 "biological activity assay measuring epitope specific interleukin-6 production by T cells" , "b409" , "http://www.w3.org/1999/02/22-rdf-syntax-ns#first" , "http://purl.obolibrary.org/obo/OBI_0001451" ,
 "biological activity assay measuring epitope specific interleukin-6 production by T cells" , "http://purl.obolibrary.org/obo/OBI_0001389" , "http://www.w3.org/2000/01/rdf-schema#subClassOf" , "http://purl.obolibrary.org/obo/OBI_0001451" ,
 "biological activity assay measuring epitope specific interleukin-6 production by T cells" , "b410" , "http://www.w3.org/1999/02/22-rdf-syntax-ns#first" , "http://purl.obolibrary.org/obo/OBI_0001451" ,
 "biological activity assay measuring epitope specific interleukin-6 production by T cells" , "http://purl.obolibrary.org/obo/OBI_0001413" , "http://www.w3.org/2000/01/rdf-schema#subClassOf" , "http://purl.obolibrary.org/obo/OBI_0001451" ,
 "biological activity assay measuring epitope specific interleukin-6 production by T cells" , "b411" , "http://www.w3.org/1999/02/22-rdf-syntax-ns#first" , "http://purl.obolibrary.org/obo/OBI_0001451" ,
 "biological activity assay measuring epitope specific interleukin-6 production by T cells" , "http://purl.obolibrary.org/obo/OBI_1110158" , "http://www.w3.org/2000/01/rdf-schema#subClassOf" , "http://purl.obolibrary.org/obo/OBI_0001451" ,
 "biological activity assay measuring epitope specific interleukin-6 production by T cells" , "b412" , "http://www.w3.org/1999/02/22-rdf-syntax-ns#first" , "http://purl.obolibrary.org/obo/OBI_0001451" ,
 "biological activity assay measuring epitope specific macrophage inflammatory protein-1 gamma production by T cells" , "http://purl.obolibrary.org/obo/OBI_0001438" , "http://www.w3.org/2000/01/rdf-schema#subClassOf" , "http://purl.obolibrary.org/obo/OBI_0001456" ,
 "biological activity assay measuring epitope specific macrophage inflammatory protein-1 gamma production by T cells" , "b413" , "http://www.w3.org/1999/02/22-rdf-syntax-ns#first" , "http://purl.obolibrary.org/obo/OBI_0001456" ,
 "biological activity assay measuring epitope specific macrophage inflammatory protein-1 gamma production by T cells" , "http://purl.obolibrary.org/obo/OBI_0001781" , "http://www.w3.org/2000/01/rdf-schema#subClassOf" , "http://purl.obolibrary.org/obo/OBI_0001456" ,
 "biological activity assay measuring epitope specific macrophage inflammatory protein-1 gamma production by T cells" , "b414" , "http://www.w3.org/1999/02/22-rdf-syntax-ns#first" , "http://purl.obolibrary.org/obo/OBI_0001456" ,
 "biological activity assay measuring epitope specific macrophage inflammatory protein-1 gamma production by T cells" , "http://purl.obolibrary.org/obo/OBI_0001782" , "http://www.w3.org/2000/01/rdf-schema#subClassOf" , "http://purl.obolibrary.org/obo/OBI_0001456" ,
 "biological activity assay measuring epitope specific macrophage inflammatory protein-1 gamma production by T cells" , "b415" , "http://www.w3.org/1999/02/22-rdf-syntax-ns#first" , "http://purl.obolibrary.org/obo/OBI_0001456" ,
 "biological activity assay measuring epitope specific macrophage inflammatory protein-1 gamma production by T cells" , "http://purl.obolibrary.org/obo/OBI_0001785" , "http://www.w3.org/2000/01/rdf-schema#subClassOf" , "http://purl.obolibrary.org/obo/OBI_0001456" ,
 "biological activity assay measuring epitope specific macrophage inflammatory protein-1 gamma production by T cells" , "b416" , "http://www.w3.org/1999/02/22-rdf-syntax-ns#first" , "http://purl.obolibrary.org/obo/OBI_0001456" ,
 "biological activity assay measuring epitope specific macrophage inflammatory protein-1 gamma production by T cells" , "http://purl.obolibrary.org/obo/OBI_0001786" , "http://www.w3.org/2000/01/rdf-schema#subClassOf" , "http://purl.obolibrary.org/obo/OBI_0001456" ,
 "biological activity assay measuring epitope specific macrophage inflammatory protein-1 gamma production by T cells" , "b417" , "http://www.w3.org/1999/02/22-rdf-syntax-ns#first" , "http://purl.obolibrary.org/obo/OBI_0001456" ,
 "biological activity assay measuring epitope specific chemokine (C-X-C motif) ligand 9 production by T cells" , "http://purl.obolibrary.org/obo/OBI_0001330" , "http://www.w3.org/2000/01/rdf-schema#subClassOf" , "http://purl.obolibrary.org/obo/OBI_0001459" ,
 "biological activity assay measuring epitope specific chemokine (C-X-C motif) ligand 9 production by T cells" , "b418" , "http://www.w3.org/1999/02/22-rdf-syntax-ns#first" , "http://purl.obolibrary.org/obo/OBI_0001459" ,
 "biological activity assay measuring epitope specific chemokine (C-X-C motif) ligand 9 production by T cells" , "http://purl.obolibrary.org/obo/OBI_0001437" , "http://www.w3.org/2000/01/rdf-schema#subClassOf" , "http://purl.obolibrary.org/obo/OBI_0001459" ,
 "biological activity assay measuring epitope specific chemokine (C-X-C motif) ligand 9 production by T cells" , "b419" , "http://www.w3.org/1999/02/22-rdf-syntax-ns#first" , "http://purl.obolibrary.org/obo/OBI_0001459" ,
 "biological activity assay measuring epitope specific chemokine (C-X-C motif) ligand 9 production by T cells" , "http://purl.obolibrary.org/obo/OBI_0001754" , "http://www.w3.org/2000/01/rdf-schema#subClassOf" , "http://purl.obolibrary.org/obo/OBI_0001459" ,
 "biological activity assay measuring epitope specific chemokine (C-X-C motif) ligand 9 production by T cells" , "b420" , "http://www.w3.org/1999/02/22-rdf-syntax-ns#first" , "http://purl.obolibrary.org/obo/OBI_0001459" ,
 "biological activity assay measuring epitope specific chemokine (C-X-C motif) ligand 9 production by T cells" , "http://purl.obolibrary.org/obo/OBI_0001756" , "http://www.w3.org/2000/01/rdf-schema#subClassOf" , "http://purl.obolibrary.org/obo/OBI_0001459" ,
 "biological activity assay measuring epitope specific chemokine (C-X-C motif) ligand 9 production by T cells" , "b421" , "http://www.w3.org/1999/02/22-rdf-syntax-ns#first" , "http://purl.obolibrary.org/obo/OBI_0001459" ,
 "biological activity assay measuring epitope specific chemokine (C-X-C motif) ligand 9 production by T cells" , "http://purl.obolibrary.org/obo/OBI_0001757" , "http://www.w3.org/2000/01/rdf-schema#subClassOf" , "http://purl.obolibrary.org/obo/OBI_0001459" ,
 "biological activity assay measuring epitope specific chemokine (C-X-C motif) ligand 9 production by T cells" , "b422" , "http://www.w3.org/1999/02/22-rdf-syntax-ns#first" , "http://purl.obolibrary.org/obo/OBI_0001459" ,
 "biological activity assay measuring epitope specific monocyte chemotactic protein-1 production by T cells" , "http://purl.obolibrary.org/obo/OBI_0001243" , "http://www.w3.org/2000/01/rdf-schema#subClassOf" , "http://purl.obolibrary.org/obo/OBI_0001465" ,
 "biological activity assay measuring epitope specific monocyte chemotactic protein-1 production by T cells" , "b423" , "http://www.w3.org/1999/02/22-rdf-syntax-ns#first" , "http://purl.obolibrary.org/obo/OBI_0001465" ,
 "biological activity assay measuring epitope specific monocyte chemotactic protein-1 production by T cells" , "http://purl.obolibrary.org/obo/OBI_0001343" , "http://www.w3.org/2000/01/rdf-schema#subClassOf" , "http://purl.obolibrary.org/obo/OBI_0001465" ,
 "biological activity assay measuring epitope specific monocyte chemotactic protein-1 production by T cells" , "b424" , "http://www.w3.org/1999/02/22-rdf-syntax-ns#first" , "http://purl.obolibrary.org/obo/OBI_0001465" ,
 "biological activity assay measuring epitope specific monocyte chemotactic protein-1 production by T cells" , "http://purl.obolibrary.org/obo/OBI_0001344" , "http://www.w3.org/2000/01/rdf-schema#subClassOf" , "http://purl.obolibrary.org/obo/OBI_0001465" ,
 "biological activity assay measuring epitope specific monocyte chemotactic protein-1 production by T cells" , "b425" , "http://www.w3.org/1999/02/22-rdf-syntax-ns#first" , "http://purl.obolibrary.org/obo/OBI_0001465" ,
 "biological activity assay measuring epitope specific monocyte chemotactic protein-1 production by T cells" , "http://purl.obolibrary.org/obo/OBI_0001783" , "http://www.w3.org/2000/01/rdf-schema#subClassOf" , "http://purl.obolibrary.org/obo/OBI_0001465" ,
 "biological activity assay measuring epitope specific monocyte chemotactic protein-1 production by T cells" , "b426" , "http://www.w3.org/1999/02/22-rdf-syntax-ns#first" , "http://purl.obolibrary.org/obo/OBI_0001465" ,
 "biological activity assay measuring epitope specific monocyte chemotactic protein-1 production by T cells" , "http://purl.obolibrary.org/obo/OBI_0001784" , "http://www.w3.org/2000/01/rdf-schema#subClassOf" , "http://purl.obolibrary.org/obo/OBI_0001465" ,
 "biological activity assay measuring epitope specific monocyte chemotactic protein-1 production by T cells" , "b427" , "http://www.w3.org/1999/02/22-rdf-syntax-ns#first" , "http://purl.obolibrary.org/obo/OBI_0001465" ,
 "biological activity assay measuring T cell epitope specific in vivo activity" , "http://purl.obolibrary.org/obo/OBI_0001324" , "http://www.w3.org/2000/01/rdf-schema#subClassOf" , "http://purl.obolibrary.org/obo/OBI_0001484" ,
 "biological activity assay measuring T cell epitope specific in vivo activity" , "b428" , "http://www.w3.org/1999/02/22-rdf-syntax-ns#first" , "http://purl.obolibrary.org/obo/OBI_0001484" ,
 "biological activity assay measuring T cell epitope specific in vivo activity" , "http://purl.obolibrary.org/obo/OBI_0001348" , "http://www.w3.org/2000/01/rdf-schema#subClassOf" , "http://purl.obolibrary.org/obo/OBI_0001484" ,
 "biological activity assay measuring T cell epitope specific in vivo activity" , "b429" , "http://www.w3.org/1999/02/22-rdf-syntax-ns#first" , "http://purl.obolibrary.org/obo/OBI_0001484" ,
 "biological activity assay measuring T cell epitope specific in vivo activity" , "http://purl.obolibrary.org/obo/OBI_0001467" , "http://www.w3.org/2000/01/rdf-schema#subClassOf" , "http://purl.obolibrary.org/obo/OBI_0001484" ,
 "biological activity assay measuring T cell epitope specific in vivo activity" , "b430" , "http://www.w3.org/1999/02/22-rdf-syntax-ns#first" , "http://purl.obolibrary.org/obo/OBI_0001484" ,
 "biological activity assay measuring T cell epitope specific in vivo activity" , "http://purl.obolibrary.org/obo/OBI_0002073" , "http://www.w3.org/2000/01/rdf-schema#subClassOf" , "http://purl.obolibrary.org/obo/OBI_0001484" ,
 "biological activity assay measuring T cell epitope specific in vivo activity" , "http://purl.obolibrary.org/obo/OBI_0001507" , "http://www.w3.org/2000/01/rdf-schema#subClassOf" , "http://purl.obolibrary.org/obo/OBI_0001484" ,
 "biological activity assay measuring T cell epitope specific in vivo activity" , "b431" , "http://www.w3.org/1999/02/22-rdf-syntax-ns#first" , "http://purl.obolibrary.org/obo/OBI_0001484" ,
 "biological activity assay measuring T cell epitope specific in vivo activity" , "b432" , "http://www.w3.org/1999/02/22-rdf-syntax-ns#first" , "http://purl.obolibrary.org/obo/OBI_0001484" ,
 "biological activity assay measuring epitope specific T cell helper activity" , "http://purl.obolibrary.org/obo/OBI_0001228" , "http://www.w3.org/2000/01/rdf-schema#subClassOf" , "http://purl.obolibrary.org/obo/OBI_0001495" ,
 "biological activity assay measuring epitope specific T cell helper activity" , "http://purl.obolibrary.org/obo/OBI_0001263" , "http://www.w3.org/2000/01/rdf-schema#subClassOf" , "http://purl.obolibrary.org/obo/OBI_0001495" ,
 "biological activity assay measuring epitope specific T cell helper activity" , "b433" , "http://www.w3.org/1999/02/22-rdf-syntax-ns#first" , "http://purl.obolibrary.org/obo/OBI_0001495" ,
 "biological activity assay measuring epitope specific perforin release by T cells" , "http://purl.obolibrary.org/obo/OBI_0001215" , "http://www.w3.org/2000/01/rdf-schema#subClassOf" , "http://purl.obolibrary.org/obo/OBI_0001497" ,
 "biological activity assay measuring epitope specific perforin release by T cells" , "b434" , "http://www.w3.org/1999/02/22-rdf-syntax-ns#first" , "http://purl.obolibrary.org/obo/OBI_0001497" ,
 "biological activity assay measuring epitope specific perforin release by T cells" , "http://purl.obolibrary.org/obo/OBI_0001245" , "http://www.w3.org/2000/01/rdf-schema#subClassOf" , "http://purl.obolibrary.org/obo/OBI_0001497" ,
 "biological activity assay measuring epitope specific perforin release by T cells" , "b435" , "http://www.w3.org/1999/02/22-rdf-syntax-ns#first" , "http://purl.obolibrary.org/obo/OBI_0001497" ,
 "biological activity assay measuring epitope specific perforin release by T cells" , "http://purl.obolibrary.org/obo/OBI_0002069" , "http://www.w3.org/2000/01/rdf-schema#subClassOf" , "http://purl.obolibrary.org/obo/OBI_0001497" ,
 "biological activity assay measuring epitope specific perforin release by T cells" , "b436" , "http://www.w3.org/1999/02/22-rdf-syntax-ns#first" , "http://purl.obolibrary.org/obo/OBI_0001497" ,
 "biological activity assay measuring epitope specific vascular endothelial growth factor production by T cells" , "http://purl.obolibrary.org/obo/OBI_0001578" , "http://www.w3.org/2000/01/rdf-schema#subClassOf" , "http://purl.obolibrary.org/obo/OBI_0001570" ,
 "biological activity assay measuring epitope specific vascular endothelial growth factor production by T cells" , "b437" , "http://www.w3.org/1999/02/22-rdf-syntax-ns#first" , "http://purl.obolibrary.org/obo/OBI_0001570" ,
 "biological activity assay measuring epitope specific vascular endothelial growth factor production by T cells" , "http://purl.obolibrary.org/obo/OBI_0001766" , "http://www.w3.org/2000/01/rdf-schema#subClassOf" , "http://purl.obolibrary.org/obo/OBI_0001570" ,
 "biological activity assay measuring epitope specific vascular endothelial growth factor production by T cells" , "b438" , "http://www.w3.org/1999/02/22-rdf-syntax-ns#first" , "http://purl.obolibrary.org/obo/OBI_0001570" ,
 "biological activity assay measuring epitope specific vascular endothelial growth factor production by T cells" , "http://purl.obolibrary.org/obo/OBI_0001770" , "http://www.w3.org/2000/01/rdf-schema#subClassOf" , "http://purl.obolibrary.org/obo/OBI_0001570" ,
 "biological activity assay measuring epitope specific vascular endothelial growth factor production by T cells" , "b439" , "http://www.w3.org/1999/02/22-rdf-syntax-ns#first" , "http://purl.obolibrary.org/obo/OBI_0001570" ,
 "biological activity assay measuring epitope specific vascular endothelial growth factor production by T cells" , "http://purl.obolibrary.org/obo/OBI_0001771" , "http://www.w3.org/2000/01/rdf-schema#subClassOf" , "http://purl.obolibrary.org/obo/OBI_0001570" ,
 "biological activity assay measuring epitope specific vascular endothelial growth factor production by T cells" , "b440" , "http://www.w3.org/1999/02/22-rdf-syntax-ns#first" , "http://purl.obolibrary.org/obo/OBI_0001570" ,
 "biological activity assay measuring epitope specific vascular endothelial growth factor production by T cells" , "http://purl.obolibrary.org/obo/OBI_0001787" , "http://www.w3.org/2000/01/rdf-schema#subClassOf" , "http://purl.obolibrary.org/obo/OBI_0001570" ,
 "biological activity assay measuring epitope specific vascular endothelial growth factor production by T cells" , "b441" , "http://www.w3.org/1999/02/22-rdf-syntax-ns#first" , "http://purl.obolibrary.org/obo/OBI_0001570" ,
 "biological activity assay measuring epitope specific interleukin-7 production by T cells" , "http://purl.obolibrary.org/obo/OBI_0001585" , "http://www.w3.org/2000/01/rdf-schema#subClassOf" , "http://purl.obolibrary.org/obo/OBI_0001587" ,
 "biological activity assay measuring epitope specific interleukin-7 production by T cells" , "b442" , "http://www.w3.org/1999/02/22-rdf-syntax-ns#first" , "http://purl.obolibrary.org/obo/OBI_0001587" ,
 "biological activity assay measuring epitope specific interleukin-7 production by T cells" , "http://purl.obolibrary.org/obo/OBI_0001676" , "http://www.w3.org/2000/01/rdf-schema#subClassOf" , "http://purl.obolibrary.org/obo/OBI_0001587" ,
 "biological activity assay measuring epitope specific interleukin-7 production by T cells" , "b443" , "http://www.w3.org/1999/02/22-rdf-syntax-ns#first" , "http://purl.obolibrary.org/obo/OBI_0001587" ,
 "biological activity assay measuring epitope specific interleukin-7 production by T cells" , "http://purl.obolibrary.org/obo/OBI_0001803" , "http://www.w3.org/2000/01/rdf-schema#subClassOf" , "http://purl.obolibrary.org/obo/OBI_0001587" ,
 "biological activity assay measuring epitope specific interleukin-7 production by T cells" , "b444" , "http://www.w3.org/1999/02/22-rdf-syntax-ns#first" , "http://purl.obolibrary.org/obo/OBI_0001587" ,
 "biological activity assay measuring epitope specific interleukin-7 production by T cells" , "http://purl.obolibrary.org/obo/OBI_0001804" , "http://www.w3.org/2000/01/rdf-schema#subClassOf" , "http://purl.obolibrary.org/obo/OBI_0001587" ,
 "biological activity assay measuring epitope specific interleukin-7 production by T cells" , "b445" , "http://www.w3.org/1999/02/22-rdf-syntax-ns#first" , "http://purl.obolibrary.org/obo/OBI_0001587" ,
 "biological activity assay measuring epitope specific interleukin-7 production by T cells" , "http://purl.obolibrary.org/obo/OBI_0001805" , "http://www.w3.org/2000/01/rdf-schema#subClassOf" , "http://purl.obolibrary.org/obo/OBI_0001587" ,
 "biological activity assay measuring epitope specific interleukin-7 production by T cells" , "b446" , "http://www.w3.org/1999/02/22-rdf-syntax-ns#first" , "http://purl.obolibrary.org/obo/OBI_0001587" ,
 "biological activity assay measuring epitope specific granulocyte colony stimulating factor production by T cells" , "http://purl.obolibrary.org/obo/OBI_0001397" , "http://www.w3.org/2000/01/rdf-schema#subClassOf" , "http://purl.obolibrary.org/obo/OBI_0001600" ,
 "biological activity assay measuring epitope specific granulocyte colony stimulating factor production by T cells" , "b447" , "http://www.w3.org/1999/02/22-rdf-syntax-ns#first" , "http://purl.obolibrary.org/obo/OBI_0001600" ,
 "biological activity assay measuring epitope specific granulocyte colony stimulating factor production by T cells" , "http://purl.obolibrary.org/obo/OBI_0001521" , "http://www.w3.org/2000/01/rdf-schema#subClassOf" , "http://purl.obolibrary.org/obo/OBI_0001600" ,
 "biological activity assay measuring epitope specific granulocyte colony stimulating factor production by T cells" , "b448" , "http://www.w3.org/1999/02/22-rdf-syntax-ns#first" , "http://purl.obolibrary.org/obo/OBI_0001600" ,
 "biological activity assay measuring epitope specific granulocyte colony stimulating factor production by T cells" , "http://purl.obolibrary.org/obo/OBI_0001750" , "http://www.w3.org/2000/01/rdf-schema#subClassOf" , "http://purl.obolibrary.org/obo/OBI_0001600" ,
 "biological activity assay measuring epitope specific granulocyte colony stimulating factor production by T cells" , "b449" , "http://www.w3.org/1999/02/22-rdf-syntax-ns#first" , "http://purl.obolibrary.org/obo/OBI_0001600" ,
 "biological activity assay measuring epitope specific granulocyte colony stimulating factor production by T cells" , "http://purl.obolibrary.org/obo/OBI_0001752" , "http://www.w3.org/2000/01/rdf-schema#subClassOf" , "http://purl.obolibrary.org/obo/OBI_0001600" ,
 "biological activity assay measuring epitope specific granulocyte colony stimulating factor production by T cells" , "b450" , "http://www.w3.org/1999/02/22-rdf-syntax-ns#first" , "http://purl.obolibrary.org/obo/OBI_0001600" ,
 "biological activity assay measuring epitope specific granulocyte colony stimulating factor production by T cells" , "http://purl.obolibrary.org/obo/OBI_0001753" , "http://www.w3.org/2000/01/rdf-schema#subClassOf" , "http://purl.obolibrary.org/obo/OBI_0001600" ,
 "biological activity assay measuring epitope specific granulocyte colony stimulating factor production by T cells" , "b451" , "http://www.w3.org/1999/02/22-rdf-syntax-ns#first" , "http://purl.obolibrary.org/obo/OBI_0001600" ,
 "biological activity assay measuring epitope specific tumor necrosis factor (ligand) superfamily member 11 production by T cells" , "http://purl.obolibrary.org/obo/OBI_0001552" , "http://www.w3.org/2000/01/rdf-schema#subClassOf" , "http://purl.obolibrary.org/obo/OBI_0001607" ,
 "biological activity assay measuring epitope specific tumor necrosis factor (ligand) superfamily member 11 production by T cells" , "b452" , "http://www.w3.org/1999/02/22-rdf-syntax-ns#first" , "http://purl.obolibrary.org/obo/OBI_0001607" ,
 "biological activity assay measuring B cell epitope specific in vivo activity" , "http://purl.obolibrary.org/obo/OBI_0001692" , "http://www.w3.org/2000/01/rdf-schema#subClassOf" , "http://purl.obolibrary.org/obo/OBI_0001698" ,
 "biological activity assay measuring B cell epitope specific in vivo activity" , "http://purl.obolibrary.org/obo/OBI_0001693" , "http://www.w3.org/2000/01/rdf-schema#subClassOf" , "http://purl.obolibrary.org/obo/OBI_0001698" ,
 "biological activity assay measuring B cell epitope specific in vivo activity" , "b453" , "http://www.w3.org/1999/02/22-rdf-syntax-ns#first" , "http://purl.obolibrary.org/obo/OBI_0001698" ,
 "biological activity assay measuring B cell epitope specific in vivo activity" , "http://purl.obolibrary.org/obo/OBI_0001694" , "http://www.w3.org/2000/01/rdf-schema#subClassOf" , "http://purl.obolibrary.org/obo/OBI_0001698" ,
 "biological activity assay measuring B cell epitope specific in vivo activity" , "b454" , "http://www.w3.org/1999/02/22-rdf-syntax-ns#first" , "http://purl.obolibrary.org/obo/OBI_0001698" ,
 "biological activity assay measuring B cell epitope specific in vivo activity" , "http://purl.obolibrary.org/obo/OBI_0001710" , "http://www.w3.org/2000/01/rdf-schema#subClassOf" , "http://purl.obolibrary.org/obo/OBI_0001698" ,
 "biological activity assay measuring B cell epitope specific in vivo activity" , "http://purl.obolibrary.org/obo/OBI_0001697" , "http://www.w3.org/2000/01/rdf-schema#subClassOf" , "http://purl.obolibrary.org/obo/OBI_0001698" ,
 "biological activity assay measuring B cell epitope specific in vivo activity" , "b455" , "http://www.w3.org/1999/02/22-rdf-syntax-ns#first" , "http://purl.obolibrary.org/obo/OBI_0001698" ,
 "biological activity assay measuring B cell epitope specific in vivo activity" , "b456" , "http://www.w3.org/1999/02/22-rdf-syntax-ns#first" , "http://purl.obolibrary.org/obo/OBI_0001698" ,
 "biological activity assay measuring B cell epitope specific in vivo activity" , "http://purl.obolibrary.org/obo/OBI_0001711" , "http://www.w3.org/2000/01/rdf-schema#subClassOf" , "http://purl.obolibrary.org/obo/OBI_0001698" ,
 "biological activity assay measuring B cell epitope specific in vivo activity" , "b457" , "http://www.w3.org/1999/02/22-rdf-syntax-ns#first" , "http://purl.obolibrary.org/obo/OBI_0001698" ,
 "biological activity assay measuring epitope specific activation of additional immune response in vitro" , "http://purl.obolibrary.org/obo/OBI_0001639" , "http://www.w3.org/2000/01/rdf-schema#subClassOf" , "http://purl.obolibrary.org/obo/OBI_0001704" ,
 "biological activity assay measuring epitope specific activation of additional immune response in vitro" , "b458" , "http://www.w3.org/1999/02/22-rdf-syntax-ns#first" , "http://purl.obolibrary.org/obo/OBI_0001704" ,
 "biological activity assay measuring epitope specific activation of additional immune response in vitro" , "http://purl.obolibrary.org/obo/OBI_0001641" , "http://www.w3.org/2000/01/rdf-schema#subClassOf" , "http://purl.obolibrary.org/obo/OBI_0001704" ,
 "biological activity assay measuring epitope specific activation of additional immune response in vitro" , "b459" , "http://www.w3.org/1999/02/22-rdf-syntax-ns#first" , "http://purl.obolibrary.org/obo/OBI_0001704" ,
 "biological activity assay measuring epitope specific activation of additional immune response in vitro" , "http://purl.obolibrary.org/obo/OBI_0001642" , "http://www.w3.org/2000/01/rdf-schema#subClassOf" , "http://purl.obolibrary.org/obo/OBI_0001704" ,
 "biological activity assay measuring epitope specific activation of additional immune response in vitro" , "b460" , "http://www.w3.org/1999/02/22-rdf-syntax-ns#first" , "http://purl.obolibrary.org/obo/OBI_0001704" ,
 "biological activity assay measuring epitope specific activation of additional immune response in vitro" , "http://purl.obolibrary.org/obo/OBI_0001644" , "http://www.w3.org/2000/01/rdf-schema#subClassOf" , "http://purl.obolibrary.org/obo/OBI_0001704" ,
 "biological activity assay measuring epitope specific activation of additional immune response in vitro" , "b461" , "http://www.w3.org/1999/02/22-rdf-syntax-ns#first" , "http://purl.obolibrary.org/obo/OBI_0001704" ,
 "biological activity assay measuring epitope specific activation of additional immune response in vitro" , "http://purl.obolibrary.org/obo/OBI_0001695" , "http://www.w3.org/2000/01/rdf-schema#subClassOf" , "http://purl.obolibrary.org/obo/OBI_0001704" ,
 "biological activity assay measuring epitope specific activation of additional immune response in vitro" , "b462" , "http://www.w3.org/1999/02/22-rdf-syntax-ns#first" , "http://purl.obolibrary.org/obo/OBI_0001704" ,
 "assay measuring B cell epitope specific biological activity" , "http://purl.obolibrary.org/obo/OBI_0001704" , "http://www.w3.org/2000/01/rdf-schema#subClassOf" , "http://purl.obolibrary.org/obo/OBI_0001706" ,
 "assay measuring B cell epitope specific biological activity" , "http://purl.obolibrary.org/obo/OBI_0001640" , "http://www.w3.org/2000/01/rdf-schema#subClassOf" , "http://purl.obolibrary.org/obo/OBI_0001706" ,
 "assay measuring B cell epitope specific biological activity" , "http://purl.obolibrary.org/obo/OBI_0001643" , "http://www.w3.org/2000/01/rdf-schema#subClassOf" , "http://purl.obolibrary.org/obo/OBI_0001706" ,
 "assay measuring B cell epitope specific biological activity" , "b463" , "http://www.w3.org/1999/02/22-rdf-syntax-ns#first" , "http://purl.obolibrary.org/obo/OBI_0001706" ,
 "assay measuring B cell epitope specific biological activity" , "http://purl.obolibrary.org/obo/OBI_0001698" , "http://www.w3.org/2000/01/rdf-schema#subClassOf" , "http://purl.obolibrary.org/obo/OBI_0001706" ,
 "assay measuring B cell epitope specific biological activity" , "b464" , "http://www.w3.org/1999/02/22-rdf-syntax-ns#first" , "http://purl.obolibrary.org/obo/OBI_0001706" ,
 "assay measuring B cell epitope specific biological activity" , "http://purl.obolibrary.org/obo/OBI_0001705" , "http://www.w3.org/2000/01/rdf-schema#subClassOf" , "http://purl.obolibrary.org/obo/OBI_0001706" ,
 "biological activity assay measuring epitope specific interleukin-17F production by T cells" , "http://purl.obolibrary.org/obo/OBI_0001523" , "http://www.w3.org/2000/01/rdf-schema#subClassOf" , "http://purl.obolibrary.org/obo/OBI_0001772" ,
 "biological activity assay measuring epitope specific interleukin-17F production by T cells" , "b465" , "http://www.w3.org/1999/02/22-rdf-syntax-ns#first" , "http://purl.obolibrary.org/obo/OBI_0001772" ,
 "biological activity assay measuring epitope specific interleukin-17F production by T cells" , "http://purl.obolibrary.org/obo/OBI_0001562" , "http://www.w3.org/2000/01/rdf-schema#subClassOf" , "http://purl.obolibrary.org/obo/OBI_0001772" ,
 "biological activity assay measuring epitope specific interleukin-17F production by T cells" , "b466" , "http://www.w3.org/1999/02/22-rdf-syntax-ns#first" , "http://purl.obolibrary.org/obo/OBI_0001772" ,
 "biological activity assay measuring epitope specific interleukin-17F production by T cells" , "http://purl.obolibrary.org/obo/OBI_0001830" , "http://www.w3.org/2000/01/rdf-schema#subClassOf" , "http://purl.obolibrary.org/obo/OBI_0001772" ,
 "biological activity assay measuring epitope specific interleukin-17F production by T cells" , "b467" , "http://www.w3.org/1999/02/22-rdf-syntax-ns#first" , "http://purl.obolibrary.org/obo/OBI_0001772" ,
 "biological activity assay measuring epitope specific interleukin-17F production by T cells" , "http://purl.obolibrary.org/obo/OBI_0001831" , "http://www.w3.org/2000/01/rdf-schema#subClassOf" , "http://purl.obolibrary.org/obo/OBI_0001772" ,
 "biological activity assay measuring epitope specific interleukin-17F production by T cells" , "b468" , "http://www.w3.org/1999/02/22-rdf-syntax-ns#first" , "http://purl.obolibrary.org/obo/OBI_0001772" ,
 "biological activity assay measuring epitope specific interleukin-17F production by T cells" , "http://purl.obolibrary.org/obo/OBI_0001832" , "http://www.w3.org/2000/01/rdf-schema#subClassOf" , "http://purl.obolibrary.org/obo/OBI_0001772" ,
 "biological activity assay measuring epitope specific interleukin-17F production by T cells" , "b469" , "http://www.w3.org/1999/02/22-rdf-syntax-ns#first" , "http://purl.obolibrary.org/obo/OBI_0001772" ,
 "biological activity assay measuring epitope specific interleukin-17A production by T cells" , "http://purl.obolibrary.org/obo/OBI_0001512" , "http://www.w3.org/2000/01/rdf-schema#subClassOf" , "http://purl.obolibrary.org/obo/OBI_0001773" ,
 "biological activity assay measuring epitope specific interleukin-17A production by T cells" , "b470" , "http://www.w3.org/1999/02/22-rdf-syntax-ns#first" , "http://purl.obolibrary.org/obo/OBI_0001773" ,
 "biological activity assay measuring epitope specific interleukin-17A production by T cells" , "http://purl.obolibrary.org/obo/OBI_0001589" , "http://www.w3.org/2000/01/rdf-schema#subClassOf" , "http://purl.obolibrary.org/obo/OBI_0001773" ,
 "biological activity assay measuring epitope specific interleukin-17A production by T cells" , "b471" , "http://www.w3.org/1999/02/22-rdf-syntax-ns#first" , "http://purl.obolibrary.org/obo/OBI_0001773" ,
 "biological activity assay measuring epitope specific interleukin-17A production by T cells" , "http://purl.obolibrary.org/obo/OBI_0001675" , "http://www.w3.org/2000/01/rdf-schema#subClassOf" , "http://purl.obolibrary.org/obo/OBI_0001773" ,
 "biological activity assay measuring epitope specific interleukin-17A production by T cells" , "b472" , "http://www.w3.org/1999/02/22-rdf-syntax-ns#first" , "http://purl.obolibrary.org/obo/OBI_0001773" ,
 "biological activity assay measuring epitope specific interleukin-17A production by T cells" , "http://purl.obolibrary.org/obo/OBI_0001833" , "http://www.w3.org/2000/01/rdf-schema#subClassOf" , "http://purl.obolibrary.org/obo/OBI_0001773" ,
 "biological activity assay measuring epitope specific interleukin-17A production by T cells" , "b473" , "http://www.w3.org/1999/02/22-rdf-syntax-ns#first" , "http://purl.obolibrary.org/obo/OBI_0001773" ,
 "biological activity assay measuring epitope specific interleukin-17A production by T cells" , "http://purl.obolibrary.org/obo/OBI_0001840" , "http://www.w3.org/2000/01/rdf-schema#subClassOf" , "http://purl.obolibrary.org/obo/OBI_0001773" ,
 "biological activity assay measuring epitope specific interleukin-17A production by T cells" , "b474" , "http://www.w3.org/1999/02/22-rdf-syntax-ns#first" , "http://purl.obolibrary.org/obo/OBI_0001773" ,
 "biological activity assay measuring epitope specific chemokine (C-C motif) ligand 21 production by T cells" , "http://purl.obolibrary.org/obo/OBI_0001762" , "http://www.w3.org/2000/01/rdf-schema#subClassOf" , "http://purl.obolibrary.org/obo/OBI_0001774" ,
 "biological activity assay measuring epitope specific chemokine (C-C motif) ligand 21 production by T cells" , "b475" , "http://www.w3.org/1999/02/22-rdf-syntax-ns#first" , "http://purl.obolibrary.org/obo/OBI_0001774" ,
 "biological activity assay measuring epitope specific chemokine (C-C motif) ligand 19 production by T cells" , "http://purl.obolibrary.org/obo/OBI_0001767" , "http://www.w3.org/2000/01/rdf-schema#subClassOf" , "http://purl.obolibrary.org/obo/OBI_0001775" ,
 "biological activity assay measuring epitope specific chemokine (C-C motif) ligand 19 production by T cells" , "b476" , "http://www.w3.org/1999/02/22-rdf-syntax-ns#first" , "http://purl.obolibrary.org/obo/OBI_0001775" ,
 "biological activity assay measuring epitope specific chemokine (C-X-C motif) ligand 12 production by T cells" , "http://purl.obolibrary.org/obo/OBI_0001759" , "http://www.w3.org/2000/01/rdf-schema#subClassOf" , "http://purl.obolibrary.org/obo/OBI_0001776" ,
 "biological activity assay measuring epitope specific chemokine (C-X-C motif) ligand 12 production by T cells" , "b477" , "http://www.w3.org/1999/02/22-rdf-syntax-ns#first" , "http://purl.obolibrary.org/obo/OBI_0001776" ,
 "biological activity assay measuring epitope specific chemokine (C-C motif) ligand 22 production by T cells" , "http://purl.obolibrary.org/obo/OBI_0001763" , "http://www.w3.org/2000/01/rdf-schema#subClassOf" , "http://purl.obolibrary.org/obo/OBI_0001777" ,
 "biological activity assay measuring epitope specific chemokine (C-C motif) ligand 22 production by T cells" , "b478" , "http://www.w3.org/1999/02/22-rdf-syntax-ns#first" , "http://purl.obolibrary.org/obo/OBI_0001777" ,
 "biological activity assay measuring epitope specific chemokine (C-C motif) ligand 22 production by T cells" , "http://purl.obolibrary.org/obo/OBI_0002061" , "http://www.w3.org/2000/01/rdf-schema#subClassOf" , "http://purl.obolibrary.org/obo/OBI_0001777" ,
 "biological activity assay measuring epitope specific chemokine (C-C motif) ligand 22 production by T cells" , "b479" , "http://www.w3.org/1999/02/22-rdf-syntax-ns#first" , "http://purl.obolibrary.org/obo/OBI_0001777" ,
 "biological activity assay measuring epitope specific chemokine (C-X-C motif) ligand 16 production by T cells" , "http://purl.obolibrary.org/obo/OBI_0001761" , "http://www.w3.org/2000/01/rdf-schema#subClassOf" , "http://purl.obolibrary.org/obo/OBI_0001778" ,
 "biological activity assay measuring epitope specific chemokine (C-X-C motif) ligand 16 production by T cells" , "b480" , "http://www.w3.org/1999/02/22-rdf-syntax-ns#first" , "http://purl.obolibrary.org/obo/OBI_0001778" ,
 "biological activity assay measuring epitope specific chemokine (C-X-C motif) ligand 13 production by T cells" , "http://purl.obolibrary.org/obo/OBI_0001760" , "http://www.w3.org/2000/01/rdf-schema#subClassOf" , "http://purl.obolibrary.org/obo/OBI_0001779" ,
 "biological activity assay measuring epitope specific chemokine (C-X-C motif) ligand 13 production by T cells" , "b481" , "http://www.w3.org/1999/02/22-rdf-syntax-ns#first" , "http://purl.obolibrary.org/obo/OBI_0001779" ,
 "biological activity assay measuring epitope specific granzyme A release by T cells" , "http://purl.obolibrary.org/obo/OBI_0001660" , "http://www.w3.org/2000/01/rdf-schema#subClassOf" , "http://purl.obolibrary.org/obo/OBI_0001809" ,
 "biological activity assay measuring epitope specific granzyme A release by T cells" , "b482" , "http://www.w3.org/1999/02/22-rdf-syntax-ns#first" , "http://purl.obolibrary.org/obo/OBI_0001809" ,
 "biological activity assay measuring epitope specific granzyme A release by T cells" , "http://purl.obolibrary.org/obo/OBI_0002063" , "http://www.w3.org/2000/01/rdf-schema#subClassOf" , "http://purl.obolibrary.org/obo/OBI_0001809" ,
 "biological activity assay measuring epitope specific granzyme A release by T cells" , "b483" , "http://www.w3.org/1999/02/22-rdf-syntax-ns#first" , "http://purl.obolibrary.org/obo/OBI_0001809" ,
 "biological activity assay measuring epitope specific granzyme A release by T cells" , "http://purl.obolibrary.org/obo/OBI_0002064" , "http://www.w3.org/2000/01/rdf-schema#subClassOf" , "http://purl.obolibrary.org/obo/OBI_0001809" ,
 "biological activity assay measuring epitope specific granzyme A release by T cells" , "b484" , "http://www.w3.org/1999/02/22-rdf-syntax-ns#first" , "http://purl.obolibrary.org/obo/OBI_0001809" ,
 "biological activity assay measuring epitope specific granulysin release by T cells" , "http://purl.obolibrary.org/obo/OBI_0001663" , "http://www.w3.org/2000/01/rdf-schema#subClassOf" , "http://purl.obolibrary.org/obo/OBI_0001810" ,
 "biological activity assay measuring epitope specific granulysin release by T cells" , "b485" , "http://www.w3.org/1999/02/22-rdf-syntax-ns#first" , "http://purl.obolibrary.org/obo/OBI_0001810" ,
 "biological activity assay measuring epitope specific granulysin release by T cells" , "http://purl.obolibrary.org/obo/OBI_0001664" , "http://www.w3.org/2000/01/rdf-schema#subClassOf" , "http://purl.obolibrary.org/obo/OBI_0001810" ,
 "biological activity assay measuring epitope specific granulysin release by T cells" , "b486" , "http://www.w3.org/1999/02/22-rdf-syntax-ns#first" , "http://purl.obolibrary.org/obo/OBI_0001810" ,
 "assay measuring T cell epitope specific biological activity" , "http://purl.obolibrary.org/obo/OBI_1110129" , "http://www.w3.org/2000/01/rdf-schema#subClassOf" , "http://purl.obolibrary.org/obo/OBI_0002055" ,
 "assay measuring T cell epitope specific biological activity" , "http://purl.obolibrary.org/obo/OBI_0001495" , "http://www.w3.org/2000/01/rdf-schema#subClassOf" , "http://purl.obolibrary.org/obo/OBI_0002055" ,
 "assay measuring T cell epitope specific biological activity" , "http://purl.obolibrary.org/obo/OBI_0001269" , "http://www.w3.org/2000/01/rdf-schema#subClassOf" , "http://purl.obolibrary.org/obo/OBI_0002055" ,
 "assay measuring T cell epitope specific biological activity" , "b487" , "http://www.w3.org/1999/02/22-rdf-syntax-ns#first" , "http://purl.obolibrary.org/obo/OBI_0002055" ,
 "assay measuring T cell epitope specific biological activity" , "http://purl.obolibrary.org/obo/OBI_0001484" , "http://www.w3.org/2000/01/rdf-schema#subClassOf" , "http://purl.obolibrary.org/obo/OBI_0002055" ,
 "assay measuring T cell epitope specific biological activity" , "http://purl.obolibrary.org/obo/OBI_1110130" , "http://www.w3.org/2000/01/rdf-schema#subClassOf" , "http://purl.obolibrary.org/obo/OBI_0002055" ,
 "assay measuring T cell epitope specific biological activity" , "http://purl.obolibrary.org/obo/OBI_0001407" , "http://www.w3.org/2000/01/rdf-schema#subClassOf" , "http://purl.obolibrary.org/obo/OBI_0002055" ,
 "assay measuring T cell epitope specific biological activity" , "b488" , "http://www.w3.org/1999/02/22-rdf-syntax-ns#first" , "http://purl.obolibrary.org/obo/OBI_0002055" ,
 "assay measuring T cell epitope specific biological activity" , "b489" , "http://www.w3.org/1999/02/22-rdf-syntax-ns#first" , "http://purl.obolibrary.org/obo/OBI_0002055" ,
 "assay measuring T cell epitope specific biological activity" , "http://purl.obolibrary.org/obo/OBI_1110131" , "http://www.w3.org/2000/01/rdf-schema#subClassOf" , "http://purl.obolibrary.org/obo/OBI_0002055" ,
 "assay measuring T cell epitope specific biological activity" , "http://purl.obolibrary.org/obo/OBI_0002074" , "http://www.w3.org/2000/01/rdf-schema#subClassOf" , "http://purl.obolibrary.org/obo/OBI_0002055" ,
 "assay measuring T cell epitope specific biological activity" , "b490" , "http://www.w3.org/1999/02/22-rdf-syntax-ns#first" , "http://purl.obolibrary.org/obo/OBI_0002055" ,
 "assay measuring T cell epitope specific biological activity" , "b491" , "http://www.w3.org/1999/02/22-rdf-syntax-ns#first" , "http://purl.obolibrary.org/obo/OBI_0002055" ,
 "biological activity assay measuring epitope specific chemokine (C-C motif) ligand 17 production by T cells" , "http://purl.obolibrary.org/obo/OBI_0002060" , "http://www.w3.org/2000/01/rdf-schema#subClassOf" , "http://purl.obolibrary.org/obo/OBI_0002056" ,
 "biological activity assay measuring epitope specific chemokine (C-C motif) ligand 17 production by T cells" , "b492" , "http://www.w3.org/1999/02/22-rdf-syntax-ns#first" , "http://purl.obolibrary.org/obo/OBI_0002056" ,
 "biological activity assay measuring epitope specific macrophage migration inhibitory factor (MIF) production by T cells" , "http://purl.obolibrary.org/obo/OBI_0002067" , "http://www.w3.org/2000/01/rdf-schema#subClassOf" , "http://purl.obolibrary.org/obo/OBI_0002057" ,
 "biological activity assay measuring epitope specific macrophage migration inhibitory factor (MIF) production by T cells" , "b493" , "http://www.w3.org/1999/02/22-rdf-syntax-ns#first" , "http://purl.obolibrary.org/obo/OBI_0002057" ,
 "biological activity assay measuring epitope specific oncostatin M production by T cells" , "http://purl.obolibrary.org/obo/OBI_0002068" , "http://www.w3.org/2000/01/rdf-schema#subClassOf" , "http://purl.obolibrary.org/obo/OBI_0002058" ,
 "biological activity assay measuring epitope specific oncostatin M production by T cells" , "b494" , "http://www.w3.org/1999/02/22-rdf-syntax-ns#first" , "http://purl.obolibrary.org/obo/OBI_0002058" ,
 "biological activity assay measuring epitope specific cytokine production by T cells" , "http://purl.obolibrary.org/obo/OBI_0001264" , "http://www.w3.org/2000/01/rdf-schema#subClassOf" , "http://purl.obolibrary.org/obo/OBI_1110129" ,
 "biological activity assay measuring epitope specific cytokine production by T cells" , "http://purl.obolibrary.org/obo/OBI_0001308" , "http://www.w3.org/2000/01/rdf-schema#subClassOf" , "http://purl.obolibrary.org/obo/OBI_1110129" ,
 "biological activity assay measuring epitope specific cytokine production by T cells" , "http://purl.obolibrary.org/obo/OBI_0001198" , "http://www.w3.org/2000/01/rdf-schema#subClassOf" , "http://purl.obolibrary.org/obo/OBI_1110129" ,
 "biological activity assay measuring epitope specific cytokine production by T cells" , "b495" , "http://www.w3.org/1999/02/22-rdf-syntax-ns#first" , "http://purl.obolibrary.org/obo/OBI_1110129" ,
 "biological activity assay measuring epitope specific cytokine production by T cells" , "http://purl.obolibrary.org/obo/OBI_0001233" , "http://www.w3.org/2000/01/rdf-schema#subClassOf" , "http://purl.obolibrary.org/obo/OBI_1110129" ,
 "biological activity assay measuring epitope specific cytokine production by T cells" , "http://purl.obolibrary.org/obo/OBI_0001209" , "http://www.w3.org/2000/01/rdf-schema#subClassOf" , "http://purl.obolibrary.org/obo/OBI_1110129" ,
 "biological activity assay measuring epitope specific cytokine production by T cells" , "b496" , "http://www.w3.org/1999/02/22-rdf-syntax-ns#first" , "http://purl.obolibrary.org/obo/OBI_1110129" ,
 "biological activity assay measuring epitope specific cytokine production by T cells" , "http://purl.obolibrary.org/obo/OBI_0001445" , "http://www.w3.org/2000/01/rdf-schema#subClassOf" , "http://purl.obolibrary.org/obo/OBI_1110129" ,
 "biological activity assay measuring epitope specific cytokine production by T cells" , "http://purl.obolibrary.org/obo/OBI_0001217" , "http://www.w3.org/2000/01/rdf-schema#subClassOf" , "http://purl.obolibrary.org/obo/OBI_1110129" ,
 "biological activity assay measuring epitope specific cytokine production by T cells" , "b497" , "http://www.w3.org/1999/02/22-rdf-syntax-ns#first" , "http://purl.obolibrary.org/obo/OBI_1110129" ,
 "biological activity assay measuring epitope specific cytokine production by T cells" , "http://purl.obolibrary.org/obo/OBI_0001218" , "http://www.w3.org/2000/01/rdf-schema#subClassOf" , "http://purl.obolibrary.org/obo/OBI_1110129" ,
 "biological activity assay measuring epitope specific cytokine production by T cells" , "b498" , "http://www.w3.org/1999/02/22-rdf-syntax-ns#first" , "http://purl.obolibrary.org/obo/OBI_1110129" ,
 "biological activity assay measuring epitope specific cytokine production by T cells" , "http://purl.obolibrary.org/obo/OBI_0001232" , "http://www.w3.org/2000/01/rdf-schema#subClassOf" , "http://purl.obolibrary.org/obo/OBI_1110129" ,
 "biological activity assay measuring epitope specific cytokine production by T cells" , "http://purl.obolibrary.org/obo/OBI_0001449" , "http://www.w3.org/2000/01/rdf-schema#subClassOf" , "http://purl.obolibrary.org/obo/OBI_1110129" ,
 "biological activity assay measuring epitope specific cytokine production by T cells" , "http://purl.obolibrary.org/obo/OBI_0001451" , "http://www.w3.org/2000/01/rdf-schema#subClassOf" , "http://purl.obolibrary.org/obo/OBI_1110129" ,
 "biological activity assay measuring epitope specific cytokine production by T cells" , "http://purl.obolibrary.org/obo/OBI_0001230" , "http://www.w3.org/2000/01/rdf-schema#subClassOf" , "http://purl.obolibrary.org/obo/OBI_1110129" ,
 "biological activity assay measuring epitope specific cytokine production by T cells" , "b499" , "http://www.w3.org/1999/02/22-rdf-syntax-ns#first" , "http://purl.obolibrary.org/obo/OBI_1110129" ,
 "biological activity assay measuring epitope specific cytokine production by T cells" , "b500" , "http://www.w3.org/1999/02/22-rdf-syntax-ns#first" , "http://purl.obolibrary.org/obo/OBI_1110129" ,
 "biological activity assay measuring epitope specific cytokine production by T cells" , "b501" , "http://www.w3.org/1999/02/22-rdf-syntax-ns#first" , "http://purl.obolibrary.org/obo/OBI_1110129" ,
 "biological activity assay measuring epitope specific cytokine production by T cells" , "http://purl.obolibrary.org/obo/OBI_0001237" , "http://www.w3.org/2000/01/rdf-schema#subClassOf" , "http://purl.obolibrary.org/obo/OBI_1110129" ,
 "biological activity assay measuring epitope specific cytokine production by T cells" , "b502" , "http://www.w3.org/1999/02/22-rdf-syntax-ns#first" , "http://purl.obolibrary.org/obo/OBI_1110129" ,
 "biological activity assay measuring epitope specific cytokine production by T cells" , "http://purl.obolibrary.org/obo/OBI_0001253" , "http://www.w3.org/2000/01/rdf-schema#subClassOf" , "http://purl.obolibrary.org/obo/OBI_1110129" ,
 "biological activity assay measuring epitope specific cytokine production by T cells" , "http://purl.obolibrary.org/obo/OBI_0001450" , "http://www.w3.org/2000/01/rdf-schema#subClassOf" , "http://purl.obolibrary.org/obo/OBI_1110129" ,
 "biological activity assay measuring epitope specific cytokine production by T cells" , "http://purl.obolibrary.org/obo/OBI_0001465" , "http://www.w3.org/2000/01/rdf-schema#subClassOf" , "http://purl.obolibrary.org/obo/OBI_1110129" ,
 "biological activity assay measuring epitope specific cytokine production by T cells" , "http://purl.obolibrary.org/obo/OBI_0001363" , "http://www.w3.org/2000/01/rdf-schema#subClassOf" , "http://purl.obolibrary.org/obo/OBI_1110129" ,
 "biological activity assay measuring epitope specific cytokine production by T cells" , "http://purl.obolibrary.org/obo/OBI_0001400" , "http://www.w3.org/2000/01/rdf-schema#subClassOf" , "http://purl.obolibrary.org/obo/OBI_1110129" ,
 "biological activity assay measuring epitope specific cytokine production by T cells" , "http://purl.obolibrary.org/obo/OBI_0001251" , "http://www.w3.org/2000/01/rdf-schema#subClassOf" , "http://purl.obolibrary.org/obo/OBI_1110129" ,
 "biological activity assay measuring epitope specific cytokine production by T cells" , "b503" , "http://www.w3.org/1999/02/22-rdf-syntax-ns#first" , "http://purl.obolibrary.org/obo/OBI_1110129" ,
 "biological activity assay measuring epitope specific cytokine production by T cells" , "b504" , "http://www.w3.org/1999/02/22-rdf-syntax-ns#first" , "http://purl.obolibrary.org/obo/OBI_1110129" ,
 "biological activity assay measuring epitope specific cytokine production by T cells" , "http://purl.obolibrary.org/obo/OBI_0001406" , "http://www.w3.org/2000/01/rdf-schema#subClassOf" , "http://purl.obolibrary.org/obo/OBI_1110129" ,
 "biological activity assay measuring epitope specific cytokine production by T cells" , "http://purl.obolibrary.org/obo/OBI_0001388" , "http://www.w3.org/2000/01/rdf-schema#subClassOf" , "http://purl.obolibrary.org/obo/OBI_1110129" ,
 "biological activity assay measuring epitope specific cytokine production by T cells" , "b505" , "http://www.w3.org/1999/02/22-rdf-syntax-ns#first" , "http://purl.obolibrary.org/obo/OBI_1110129" ,
 "biological activity assay measuring epitope specific cytokine production by T cells" , "http://purl.obolibrary.org/obo/OBI_0001391" , "http://www.w3.org/2000/01/rdf-schema#subClassOf" , "http://purl.obolibrary.org/obo/OBI_1110129" ,
 "biological activity assay measuring epitope specific cytokine production by T cells" , "http://purl.obolibrary.org/obo/OBI_0001276" , "http://www.w3.org/2000/01/rdf-schema#subClassOf" , "http://purl.obolibrary.org/obo/OBI_1110129" ,
 "biological activity assay measuring epitope specific cytokine production by T cells" , "b506" , "http://www.w3.org/1999/02/22-rdf-syntax-ns#first" , "http://purl.obolibrary.org/obo/OBI_1110129" ,
 "biological activity assay measuring epitope specific cytokine production by T cells" , "http://purl.obolibrary.org/obo/OBI_0001280" , "http://www.w3.org/2000/01/rdf-schema#subClassOf" , "http://purl.obolibrary.org/obo/OBI_1110129" ,
 "biological activity assay measuring epitope specific cytokine production by T cells" , "b507" , "http://www.w3.org/1999/02/22-rdf-syntax-ns#first" , "http://purl.obolibrary.org/obo/OBI_1110129" ,
 "biological activity assay measuring epitope specific cytokine production by T cells" , "http://purl.obolibrary.org/obo/OBI_0001292" , "http://www.w3.org/2000/01/rdf-schema#subClassOf" , "http://purl.obolibrary.org/obo/OBI_1110129" ,
 "biological activity assay measuring epitope specific cytokine production by T cells" , "http://purl.obolibrary.org/obo/OBI_0001295" , "http://www.w3.org/2000/01/rdf-schema#subClassOf" , "http://purl.obolibrary.org/obo/OBI_1110129" ,
 "biological activity assay measuring epitope specific cytokine production by T cells" , "b508" , "http://www.w3.org/1999/02/22-rdf-syntax-ns#first" , "http://purl.obolibrary.org/obo/OBI_1110129" ,
 "biological activity assay measuring epitope specific cytokine production by T cells" , "b509" , "http://www.w3.org/1999/02/22-rdf-syntax-ns#first" , "http://purl.obolibrary.org/obo/OBI_1110129" ,
 "biological activity assay measuring epitope specific cytokine production by T cells" , "http://purl.obolibrary.org/obo/OBI_0001333" , "http://www.w3.org/2000/01/rdf-schema#subClassOf" , "http://purl.obolibrary.org/obo/OBI_1110129" ,
 "biological activity assay measuring epitope specific cytokine production by T cells" , "b510" , "http://www.w3.org/1999/02/22-rdf-syntax-ns#first" , "http://purl.obolibrary.org/obo/OBI_1110129" ,
 "biological activity assay measuring epitope specific cytokine production by T cells" , "http://purl.obolibrary.org/obo/OBI_0001414" , "http://www.w3.org/2000/01/rdf-schema#subClassOf" , "http://purl.obolibrary.org/obo/OBI_1110129" ,
 "biological activity assay measuring epitope specific cytokine production by T cells" , "http://purl.obolibrary.org/obo/OBI_0001459" , "http://www.w3.org/2000/01/rdf-schema#subClassOf" , "http://purl.obolibrary.org/obo/OBI_1110129" ,
 "biological activity assay measuring epitope specific cytokine production by T cells" , "b511" , "http://www.w3.org/1999/02/22-rdf-syntax-ns#first" , "http://purl.obolibrary.org/obo/OBI_1110129" ,
 "biological activity assay measuring epitope specific cytokine production by T cells" , "http://purl.obolibrary.org/obo/OBI_0001345" , "http://www.w3.org/2000/01/rdf-schema#subClassOf" , "http://purl.obolibrary.org/obo/OBI_1110129" ,
 "biological activity assay measuring epitope specific cytokine production by T cells" , "b512" , "http://www.w3.org/1999/02/22-rdf-syntax-ns#first" , "http://purl.obolibrary.org/obo/OBI_1110129" ,
 "biological activity assay measuring epitope specific cytokine production by T cells" , "http://purl.obolibrary.org/obo/OBI_0001390" , "http://www.w3.org/2000/01/rdf-schema#subClassOf" , "http://purl.obolibrary.org/obo/OBI_1110129" ,
 "biological activity assay measuring epitope specific cytokine production by T cells" , "b513" , "http://www.w3.org/1999/02/22-rdf-syntax-ns#first" , "http://purl.obolibrary.org/obo/OBI_1110129" ,
 "biological activity assay measuring epitope specific cytokine production by T cells" , "http://purl.obolibrary.org/obo/OBI_0001380" , "http://www.w3.org/2000/01/rdf-schema#subClassOf" , "http://purl.obolibrary.org/obo/OBI_1110129" ,
 "biological activity assay measuring epitope specific cytokine production by T cells" , "b514" , "http://www.w3.org/1999/02/22-rdf-syntax-ns#first" , "http://purl.obolibrary.org/obo/OBI_1110129" ,
 "biological activity assay measuring epitope specific cytokine production by T cells" , "b515" , "http://www.w3.org/1999/02/22-rdf-syntax-ns#first" , "http://purl.obolibrary.org/obo/OBI_1110129" ,
 "biological activity assay measuring epitope specific cytokine production by T cells" , "b516" , "http://www.w3.org/1999/02/22-rdf-syntax-ns#first" , "http://purl.obolibrary.org/obo/OBI_1110129" ,
 "biological activity assay measuring epitope specific cytokine production by T cells" , "b517" , "http://www.w3.org/1999/02/22-rdf-syntax-ns#first" , "http://purl.obolibrary.org/obo/OBI_1110129" ,
 "biological activity assay measuring epitope specific cytokine production by T cells" , "http://purl.obolibrary.org/obo/OBI_0001600" , "http://www.w3.org/2000/01/rdf-schema#subClassOf" , "http://purl.obolibrary.org/obo/OBI_1110129" ,
 "biological activity assay measuring epitope specific cytokine production by T cells" , "b518" , "http://www.w3.org/1999/02/22-rdf-syntax-ns#first" , "http://purl.obolibrary.org/obo/OBI_1110129" ,
 "biological activity assay measuring epitope specific cytokine production by T cells" , "b519" , "http://www.w3.org/1999/02/22-rdf-syntax-ns#first" , "http://purl.obolibrary.org/obo/OBI_1110129" ,
 "biological activity assay measuring epitope specific cytokine production by T cells" , "b520" , "http://www.w3.org/1999/02/22-rdf-syntax-ns#first" , "http://purl.obolibrary.org/obo/OBI_1110129" ,
 "biological activity assay measuring epitope specific cytokine production by T cells" , "http://purl.obolibrary.org/obo/OBI_0001456" , "http://www.w3.org/2000/01/rdf-schema#subClassOf" , "http://purl.obolibrary.org/obo/OBI_1110129" ,
 "biological activity assay measuring epitope specific cytokine production by T cells" , "b521" , "http://www.w3.org/1999/02/22-rdf-syntax-ns#first" , "http://purl.obolibrary.org/obo/OBI_1110129" ,
 "biological activity assay measuring epitope specific cytokine production by T cells" , "b522" , "http://www.w3.org/1999/02/22-rdf-syntax-ns#first" , "http://purl.obolibrary.org/obo/OBI_1110129" ,
 "biological activity assay measuring epitope specific cytokine production by T cells" , "b523" , "http://www.w3.org/1999/02/22-rdf-syntax-ns#first" , "http://purl.obolibrary.org/obo/OBI_1110129" ,
 "biological activity assay measuring epitope specific cytokine production by T cells" , "b524" , "http://www.w3.org/1999/02/22-rdf-syntax-ns#first" , "http://purl.obolibrary.org/obo/OBI_1110129" ,
 "biological activity assay measuring epitope specific cytokine production by T cells" , "b525" , "http://www.w3.org/1999/02/22-rdf-syntax-ns#first" , "http://purl.obolibrary.org/obo/OBI_1110129" ,
 "biological activity assay measuring epitope specific cytokine production by T cells" , "b526" , "http://www.w3.org/1999/02/22-rdf-syntax-ns#first" , "http://purl.obolibrary.org/obo/OBI_1110129" ,
 "biological activity assay measuring epitope specific cytokine production by T cells" , "http://purl.obolibrary.org/obo/OBI_0001570" , "http://www.w3.org/2000/01/rdf-schema#subClassOf" , "http://purl.obolibrary.org/obo/OBI_1110129" ,
 "biological activity assay measuring epitope specific cytokine production by T cells" , "b527" , "http://www.w3.org/1999/02/22-rdf-syntax-ns#first" , "http://purl.obolibrary.org/obo/OBI_1110129" ,
 "biological activity assay measuring epitope specific cytokine production by T cells" , "http://purl.obolibrary.org/obo/OBI_0001587" , "http://www.w3.org/2000/01/rdf-schema#subClassOf" , "http://purl.obolibrary.org/obo/OBI_1110129" ,
 "biological activity assay measuring epitope specific cytokine production by T cells" , "b528" , "http://www.w3.org/1999/02/22-rdf-syntax-ns#first" , "http://purl.obolibrary.org/obo/OBI_1110129" ,
 "biological activity assay measuring epitope specific cytokine production by T cells" , "b529" , "http://www.w3.org/1999/02/22-rdf-syntax-ns#first" , "http://purl.obolibrary.org/obo/OBI_1110129" ,
 "biological activity assay measuring epitope specific cytokine production by T cells" , "http://purl.obolibrary.org/obo/OBI_0001776" , "http://www.w3.org/2000/01/rdf-schema#subClassOf" , "http://purl.obolibrary.org/obo/OBI_1110129" ,
 "biological activity assay measuring epitope specific cytokine production by T cells" , "http://purl.obolibrary.org/obo/OBI_0001779" , "http://www.w3.org/2000/01/rdf-schema#subClassOf" , "http://purl.obolibrary.org/obo/OBI_1110129" ,
 "biological activity assay measuring epitope specific cytokine production by T cells" , "http://purl.obolibrary.org/obo/OBI_0001778" , "http://www.w3.org/2000/01/rdf-schema#subClassOf" , "http://purl.obolibrary.org/obo/OBI_1110129" ,
 "biological activity assay measuring epitope specific cytokine production by T cells" , "http://purl.obolibrary.org/obo/OBI_0001774" , "http://www.w3.org/2000/01/rdf-schema#subClassOf" , "http://purl.obolibrary.org/obo/OBI_1110129" ,
 "biological activity assay measuring epitope specific cytokine production by T cells" , "http://purl.obolibrary.org/obo/OBI_0001777" , "http://www.w3.org/2000/01/rdf-schema#subClassOf" , "http://purl.obolibrary.org/obo/OBI_1110129" ,
 "biological activity assay measuring epitope specific cytokine production by T cells" , "http://purl.obolibrary.org/obo/OBI_0001775" , "http://www.w3.org/2000/01/rdf-schema#subClassOf" , "http://purl.obolibrary.org/obo/OBI_1110129" ,
 "biological activity assay measuring epitope specific cytokine production by T cells" , "b530" , "http://www.w3.org/1999/02/22-rdf-syntax-ns#first" , "http://purl.obolibrary.org/obo/OBI_1110129" ,
 "biological activity assay measuring epitope specific cytokine production by T cells" , "b531" , "http://www.w3.org/1999/02/22-rdf-syntax-ns#first" , "http://purl.obolibrary.org/obo/OBI_1110129" ,
 "biological activity assay measuring epitope specific cytokine production by T cells" , "b532" , "http://www.w3.org/1999/02/22-rdf-syntax-ns#first" , "http://purl.obolibrary.org/obo/OBI_1110129" ,
 "biological activity assay measuring epitope specific cytokine production by T cells" , "b533" , "http://www.w3.org/1999/02/22-rdf-syntax-ns#first" , "http://purl.obolibrary.org/obo/OBI_1110129" ,
 "biological activity assay measuring epitope specific cytokine production by T cells" , "b534" , "http://www.w3.org/1999/02/22-rdf-syntax-ns#first" , "http://purl.obolibrary.org/obo/OBI_1110129" ,
 "biological activity assay measuring epitope specific cytokine production by T cells" , "b535" , "http://www.w3.org/1999/02/22-rdf-syntax-ns#first" , "http://purl.obolibrary.org/obo/OBI_1110129" ,
 "biological activity assay measuring epitope specific cytokine production by T cells" , "http://purl.obolibrary.org/obo/OBI_0002056" , "http://www.w3.org/2000/01/rdf-schema#subClassOf" , "http://purl.obolibrary.org/obo/OBI_1110129" ,
 "biological activity assay measuring epitope specific cytokine production by T cells" , "b536" , "http://www.w3.org/1999/02/22-rdf-syntax-ns#first" , "http://purl.obolibrary.org/obo/OBI_1110129" ,
 "biological activity assay measuring epitope specific cytokine production by T cells" , "http://purl.obolibrary.org/obo/OBI_0002057" , "http://www.w3.org/2000/01/rdf-schema#subClassOf" , "http://purl.obolibrary.org/obo/OBI_1110129" ,
 "biological activity assay measuring epitope specific cytokine production by T cells" , "b537" , "http://www.w3.org/1999/02/22-rdf-syntax-ns#first" , "http://purl.obolibrary.org/obo/OBI_1110129" ,
 "biological activity assay measuring epitope specific cytokine production by T cells" , "http://purl.obolibrary.org/obo/OBI_0002058" , "http://www.w3.org/2000/01/rdf-schema#subClassOf" , "http://purl.obolibrary.org/obo/OBI_1110129" ,
 "biological activity assay measuring epitope specific cytokine production by T cells" , "b538" , "http://www.w3.org/1999/02/22-rdf-syntax-ns#first" , "http://purl.obolibrary.org/obo/OBI_1110129" ,
 "biological activity assay measuring epitope specific T cell killing" , "http://purl.obolibrary.org/obo/OBI_0001392" , "http://www.w3.org/2000/01/rdf-schema#subClassOf" , "http://purl.obolibrary.org/obo/OBI_1110130" ,
 "biological activity assay measuring epitope specific T cell killing" , "b539" , "http://www.w3.org/1999/02/22-rdf-syntax-ns#first" , "http://purl.obolibrary.org/obo/OBI_1110130" ,
 "biological activity assay measuring epitope specific T cell killing" , "http://purl.obolibrary.org/obo/OBI_0002062" , "http://www.w3.org/2000/01/rdf-schema#subClassOf" , "http://purl.obolibrary.org/obo/OBI_1110130" ,
 "biological activity assay measuring epitope specific T cell killing" , "b540" , "http://www.w3.org/1999/02/22-rdf-syntax-ns#first" , "http://purl.obolibrary.org/obo/OBI_1110130" ,
 "biological activity assay measuring epitope specific proliferation of T cells" , "http://purl.obolibrary.org/obo/OBI_0002070" , "http://www.w3.org/2000/01/rdf-schema#subClassOf" , "http://purl.obolibrary.org/obo/OBI_1110131" ,
 "biological activity assay measuring epitope specific proliferation of T cells" , "http://purl.obolibrary.org/obo/OBI_0002071" , "http://www.w3.org/2000/01/rdf-schema#subClassOf" , "http://purl.obolibrary.org/obo/OBI_1110131" ,
 "biological sex" , "b541" , "http://www.w3.org/2002/07/owl#someValuesFrom" , "http://purl.obolibrary.org/obo/PATO_0000047" ,
 "biological sex" , "b542" , "http://www.w3.org/2002/07/owl#someValuesFrom" , "http://purl.obolibrary.org/obo/PATO_0000047" ,
 "biological sex" , "http://purl.obolibrary.org/obo/PATO_0000383" , "http://www.w3.org/2000/01/rdf-schema#subClassOf" , "http://purl.obolibrary.org/obo/PATO_0000047" ,
 "biological sex" , "http://purl.obolibrary.org/obo/PATO_0000384" , "http://www.w3.org/2000/01/rdf-schema#subClassOf" , "http://purl.obolibrary.org/obo/PATO_0000047" ,
 "biological sex" , "http://purl.obolibrary.org/obo/PATO_0001340" , "http://www.w3.org/2000/01/rdf-schema#subClassOf" , "http://purl.obolibrary.org/obo/PATO_0000047" ,
 "biological sex" , "http://purl.obolibrary.org/obo/PATO_0001341" , "http://www.w3.org/2000/01/rdf-schema#subClassOf" , "http://purl.obolibrary.org/obo/PATO_0000047" ,
 "biological sex" , "http://purl.obolibrary.org/obo/PATO_0001344" , "http://www.w3.org/2000/01/rdf-schema#subClassOf" , "http://purl.obolibrary.org/obo/PATO_0000047" ,
 "biological sex" , "http://purl.obolibrary.org/obo/PATO_0001345" , "http://www.w3.org/2000/01/rdf-schema#subClassOf" , "http://purl.obolibrary.org/obo/PATO_0000047" ,
 "biological sex" , "http://purl.obolibrary.org/obo/PATO_0001346" , "http://www.w3.org/2000/01/rdf-schema#subClassOf" , "http://purl.obolibrary.org/obo/PATO_0000047" ,
 "biological sex" , "http://purl.obolibrary.org/obo/PATO_0001347" , "http://www.w3.org/2000/01/rdf-schema#subClassOf" , "http://purl.obolibrary.org/obo/PATO_0000047" ,
 "biological sex" , "http://purl.obolibrary.org/obo/PATO_0001348" , "http://www.w3.org/2000/01/rdf-schema#subClassOf" , "http://purl.obolibrary.org/obo/PATO_0000047" ,
 "ice mass" , "http://purl.obolibrary.org/obo/ENVO_00000133" , "http://www.w3.org/2000/01/rdf-schema#subClassOf" , "http://purl.obolibrary.org/obo/ENVO_01000293" ,
 "ice mass" , "http://purl.obolibrary.org/obo/ENVO_00000145" , "http://www.w3.org/2000/01/rdf-schema#subClassOf" , "http://purl.obolibrary.org/obo/ENVO_01000293" ,
 "ice mass" , "http://purl.obolibrary.org/obo/ENVO_00000298" , "http://www.w3.org/2000/01/rdf-schema#subClassOf" , "http://purl.obolibrary.org/obo/ENVO_01000293" ,
 "ice mass" , "http://purl.obolibrary.org/obo/ENVO_00000299" , "http://www.w3.org/2000/01/rdf-schema#subClassOf" , "http://purl.obolibrary.org/obo/ENVO_01000293" ,
 "ice mass" , "http://purl.obolibrary.org/obo/ENVO_00000307" , "http://www.w3.org/2000/01/rdf-schema#subClassOf" , "http://purl.obolibrary.org/obo/ENVO_01000293" ,
 "ice mass" , "http://purl.obolibrary.org/obo/ENVO_00000380" , "http://www.w3.org/2000/01/rdf-schema#subClassOf" , "http://purl.obolibrary.org/obo/ENVO_01000293" ,
 "ice mass" , "http://purl.obolibrary.org/obo/ENVO_00000392" , "http://www.w3.org/2000/01/rdf-schema#subClassOf" , "http://purl.obolibrary.org/obo/ENVO_01000293" ,
 "ice mass" , "b543" , "http://www.w3.org/2002/07/owl#someValuesFrom" , "http://purl.obolibrary.org/obo/ENVO_01000293" ,
 "ice mass" , "b544" , "http://www.w3.org/2002/07/owl#someValuesFrom" , "http://purl.obolibrary.org/obo/ENVO_01000293" ,
 "ice mass" , "b545" , "http://www.w3.org/2002/07/owl#someValuesFrom" , "http://purl.obolibrary.org/obo/ENVO_01000293" ,
 "ice mass" , "http://purl.obolibrary.org/obo/ENVO_01000279" , "http://www.w3.org/2000/01/rdf-schema#subClassOf" , "http://purl.obolibrary.org/obo/ENVO_01000293" ,
 "ice mass" , "http://purl.obolibrary.org/obo/ENVO_01000818" , "http://www.w3.org/2000/01/rdf-schema#subClassOf" , "http://purl.obolibrary.org/obo/ENVO_01000293" ,
 "ice mass" , "b546" , "http://www.w3.org/2002/07/owl#someValuesFrom" , "http://purl.obolibrary.org/obo/ENVO_01000293" ,
 "ice mass" , "http://purl.obolibrary.org/obo/ENVO_01000547" , "http://www.w3.org/2000/01/rdf-schema#subClassOf" , "http://purl.obolibrary.org/obo/ENVO_01000293" ,
 "ice mass" , "http://purl.obolibrary.org/obo/ENVO_01000754" , "http://www.w3.org/2000/01/rdf-schema#subClassOf" , "http://purl.obolibrary.org/obo/ENVO_01000293" ,
 "massif" , "b547" , "http://www.w3.org/2002/07/owl#annotatedSource" , "http://purl.obolibrary.org/obo/ENVO_00000381" ,
 "salt mass" , "http://purl.obolibrary.org/obo/ENVO_01000450" , "http://www.w3.org/2000/01/rdf-schema#subClassOf" , "http://purl.obolibrary.org/obo/ENVO_01000443" ,
 "salt mass" , "http://purl.obolibrary.org/obo/ENVO_01000505" , "http://www.w3.org/2000/01/rdf-schema#subClassOf" , "http://purl.obolibrary.org/obo/ENVO_01000443" ,
 "mass of biological material" , "http://purl.obolibrary.org/obo/ENVO_00002034" , "http://www.w3.org/2000/01/rdf-schema#subClassOf" , "http://purl.obolibrary.org/obo/ENVO_01000549" ,
 "mass of biological material" , "http://purl.obolibrary.org/obo/ENVO_01000008" , "http://www.w3.org/2000/01/rdf-schema#subClassOf" , "http://purl.obolibrary.org/obo/ENVO_01000549" ,
 "mass of biological material" , "http://purl.obolibrary.org/obo/ENVO_01000137" , "http://www.w3.org/2000/01/rdf-schema#subClassOf" , "http://purl.obolibrary.org/obo/ENVO_01000549" ,
 "water mass" , "http://purl.obolibrary.org/obo/ENVO_01000686" , "http://www.w3.org/2000/01/rdf-schema#subClassOf" , "http://purl.obolibrary.org/obo/ENVO_01000685" ,
 "marine water mass" , "http://purl.obolibrary.org/obo/ENVO_01000065" , "http://www.w3.org/2000/01/rdf-schema#subClassOf" , "http://purl.obolibrary.org/obo/ENVO_01000686" ,
 "marine water mass" , "http://purl.obolibrary.org/obo/ENVO_01000108" , "http://www.w3.org/2000/01/rdf-schema#subClassOf" , "http://purl.obolibrary.org/obo/ENVO_01000686" ,
 "marine water mass" , "http://purl.obolibrary.org/obo/ENVO_01000109" , "http://www.w3.org/2000/01/rdf-schema#subClassOf" , "http://purl.obolibrary.org/obo/ENVO_01000686" ,
 "mass wasting" , "http://purl.obolibrary.org/obo/ENVO_01000692" , "http://www.w3.org/2000/01/rdf-schema#subClassOf" , "http://purl.obolibrary.org/obo/ENVO_01000690" ,
 "mass wasting" , "b548" , "http://www.w3.org/2002/07/owl#annotatedSource" , "http://purl.obolibrary.org/obo/ENVO_01000690" ,
 "mass wasting" , "http://purl.obolibrary.org/obo/ENVO_01000696" , "http://www.w3.org/2000/01/rdf-schema#subClassOf" , "http://purl.obolibrary.org/obo/ENVO_01000690" ,
 "mass wasting" , "http://purl.obolibrary.org/obo/ENVO_01000693" , "http://www.w3.org/2000/01/rdf-schema#subClassOf" , "http://purl.obolibrary.org/obo/ENVO_01000690" ,
 "mass wasting" , "http://purl.obolibrary.org/obo/ENVO_01000695" , "http://www.w3.org/2000/01/rdf-schema#subClassOf" , "http://purl.obolibrary.org/obo/ENVO_01000690" ,
 "mass wasting flow" , "http://purl.obolibrary.org/obo/ENVO_01000691" , "http://www.w3.org/2000/01/rdf-schema#subClassOf" , "http://purl.obolibrary.org/obo/ENVO_01000696" ,
 "mass wasting flow" , "b549" , "http://www.w3.org/2002/07/owl#annotatedSource" , "http://purl.obolibrary.org/obo/ENVO_01000696" ,
 "mass wasting flow" , "http://purl.obolibrary.org/obo/ENVO_01000697" , "http://www.w3.org/2000/01/rdf-schema#subClassOf" , "http://purl.obolibrary.org/obo/ENVO_01000696" ,
 "mass wasting flow" , "http://purl.obolibrary.org/obo/ENVO_01000698" , "http://www.w3.org/2000/01/rdf-schema#subClassOf" , "http://purl.obolibrary.org/obo/ENVO_01000696" ,
 "mass gaseous flow" , "b550" , "http://www.w3.org/2002/07/owl#annotatedSource" , "http://purl.obolibrary.org/obo/ENVO_01000792" ,
 "mass gaseous flow" , "http://purl.obolibrary.org/obo/ENVO_01000793" , "http://www.w3.org/2000/01/rdf-schema#subClassOf" , "http://purl.obolibrary.org/obo/ENVO_01000792" ,
 "mass gaseous flow" , "http://purl.obolibrary.org/obo/ENVO_01000795" , "http://www.w3.org/2000/01/rdf-schema#subClassOf" , "http://purl.obolibrary.org/obo/ENVO_01000792" ,
 "mass plasma flow" , "http://purl.obolibrary.org/obo/ENVO_01000794" , "http://www.w3.org/2000/01/rdf-schema#subClassOf" , "http://purl.obolibrary.org/obo/ENVO_01000796" ,
 "mass measurement datum" , "b119" , "http://www.w3.org/2002/07/owl#someValuesFrom" , "http://purl.obolibrary.org/obo/IAO_0000414" ,
 "mass spectrometer" , "b112" , "http://www.w3.org/2002/07/owl#someValuesFrom" , "http://purl.obolibrary.org/obo/OBI_0000049" ,
 "mass spectrometer" , "b551" , "http://www.w3.org/2002/07/owl#someValuesFrom" , "http://purl.obolibrary.org/obo/OBI_0000049" ,
 "mass spectrometer" , "b552" , "http://www.w3.org/2002/07/owl#someValuesFrom" , "http://purl.obolibrary.org/obo/OBI_0000049" ,
 "mass spectrometer" , "http://purl.obolibrary.org/obo/OBI_0001088" , "http://www.w3.org/2000/01/rdf-schema#subClassOf" , "http://purl.obolibrary.org/obo/OBI_0000049" ,
 "mass analyzer" , "b553" , "http://www.w3.org/2002/07/owl#someValuesFrom" , "http://purl.obolibrary.org/obo/OBI_0000345" ,
 "mass spectrometry assay" , "b554" , "http://www.w3.org/2002/07/owl#someValuesFrom" , "http://purl.obolibrary.org/obo/OBI_0000470" ,
 "mass spectrometry assay" , "b123" , "http://www.w3.org/2002/07/owl#someValuesFrom" , "http://purl.obolibrary.org/obo/OBI_0000470" ,
 "mass spectrometry assay" , "b124" , "http://www.w3.org/2002/07/owl#someValuesFrom" , "http://purl.obolibrary.org/obo/OBI_0000470" ,
 "mass spectrometry assay" , "b555" , "http://www.w3.org/2002/07/owl#someValuesFrom" , "http://purl.obolibrary.org/obo/OBI_0000470" ,
 "mass spectrometry assay" , "http://purl.obolibrary.org/obo/OBI_0002035" , "http://www.w3.org/2000/01/rdf-schema#subClassOf" , "http://purl.obolibrary.org/obo/OBI_0000470" ,
 "mass spectrometry assay" , "b556" , "http://www.w3.org/2002/07/owl#someValuesFrom" , "http://purl.obolibrary.org/obo/OBI_0000470" ,
 "tandem mass spectrometer" , "b129" , "http://www.w3.org/2002/07/owl#someValuesFrom" , "http://purl.obolibrary.org/obo/OBI_0001088" ,
 "mass spectrometry assay measuring MHC ligand processing and presentation" , "http://purl.obolibrary.org/obo/OBI_0001489" , "http://www.w3.org/2000/01/rdf-schema#subClassOf" , "http://purl.obolibrary.org/obo/OBI_0001478" ,
 "mass spectrometry assay measuring MHC ligand processing and presentation" , "http://purl.obolibrary.org/obo/OBI_0001510" , "http://www.w3.org/2000/01/rdf-schema#subClassOf" , "http://purl.obolibrary.org/obo/OBI_0001478" ,
 "mass value specification" , "b557" , "http://www.w3.org/2002/07/owl#someValuesFrom" , "http://purl.obolibrary.org/obo/OBI_0001929" ,
 "mass spectrometry analysis" , "http://purl.obolibrary.org/obo/OBI_0200062" , "http://www.w3.org/2000/01/rdf-schema#subClassOf" , "http://purl.obolibrary.org/obo/OBI_0200085" ,
 "mass spectrometry analysis" , "http://purl.obolibrary.org/obo/OBI_0200063" , "http://www.w3.org/2000/01/rdf-schema#subClassOf" , "http://purl.obolibrary.org/obo/OBI_0200085" ,
 "mass spectrometry analysis" , "http://purl.obolibrary.org/obo/OBI_0200064" , "http://www.w3.org/2000/01/rdf-schema#subClassOf" , "http://purl.obolibrary.org/obo/OBI_0200085" ,
 "mass spectrometry analysis" , "http://purl.obolibrary.org/obo/OBI_0200198" , "http://www.w3.org/2000/01/rdf-schema#subClassOf" , "http://purl.obolibrary.org/obo/OBI_0200085" ,
 "mass spectrometry analysis" , "http://purl.obolibrary.org/obo/OBI_0200199" , "http://www.w3.org/2000/01/rdf-schema#subClassOf" , "http://purl.obolibrary.org/obo/OBI_0200085" ,
 "mass" , "b558" , "http://www.w3.org/2002/07/owl#allValuesFrom" , "http://purl.obolibrary.org/obo/PATO_0000125" ,
 "mass" , "b130" , "http://www.w3.org/2002/07/owl#someValuesFrom" , "http://purl.obolibrary.org/obo/PATO_0000125" ,
 "mass" , "http://purl.obolibrary.org/obo/PATO_0001562" , "http://www.w3.org/2000/01/rdf-schema#subClassOf" , "http://purl.obolibrary.org/obo/PATO_0000125" ,
 "mass" , "http://purl.obolibrary.org/obo/PATO_0001563" , "http://www.w3.org/2000/01/rdf-schema#subClassOf" , "http://purl.obolibrary.org/obo/PATO_0000125" ,
 "mass unit" , "b559" , "http://www.w3.org/2002/07/owl#allValuesFrom" , "http://purl.obolibrary.org/obo/UO_0000002" ,
 "mass unit" , "b131" , "http://www.w3.org/2002/07/owl#allValuesFrom" , "http://purl.obolibrary.org/obo/UO_0000002" ,
 "mass unit" , "http://purl.obolibrary.org/obo/UO_0000009" , "http://www.w3.org/1999/02/22-rdf-syntax-ns#type" , "http://purl.obolibrary.org/obo/UO_0000002" ,
 "mass unit" , "http://purl.obolibrary.org/obo/UO_0000021" , "http://www.w3.org/1999/02/22-rdf-syntax-ns#type" , "http://purl.obolibrary.org/obo/UO_0000002" ,
 "mass unit" , "http://purl.obolibrary.org/obo/UO_0000022" , "http://www.w3.org/1999/02/22-rdf-syntax-ns#type" , "http://purl.obolibrary.org/obo/UO_0000002" ,
 "mass unit" , "http://purl.obolibrary.org/obo/UO_0000023" , "http://www.w3.org/1999/02/22-rdf-syntax-ns#type" , "http://purl.obolibrary.org/obo/UO_0000002" ,
 "mass unit" , "http://purl.obolibrary.org/obo/UO_0000024" , "http://www.w3.org/1999/02/22-rdf-syntax-ns#type" , "http://purl.obolibrary.org/obo/UO_0000002" ,
 "mass unit" , "http://purl.obolibrary.org/obo/UO_0000025" , "http://www.w3.org/1999/02/22-rdf-syntax-ns#type" , "http://purl.obolibrary.org/obo/UO_0000002" ,
 "multispectral imaging flow cytometer" , "http://purl.obolibrary.org/obo/OBI_0400054" , "http://www.w3.org/2000/01/rdf-schema#subClassOf" , "http://purl.obolibrary.org/obo/OBI_0400146" ,
 "lipid" , "http://purl.obolibrary.org/obo/CHEBI_35341" , "http://www.w3.org/2000/01/rdf-schema#subClassOf" , "http://purl.obolibrary.org/obo/CHEBI_18059" ,
 "lipid" , "http://purl.obolibrary.org/obo/CHEBI_35366" , "http://www.w3.org/2000/01/rdf-schema#subClassOf" , "http://purl.obolibrary.org/obo/CHEBI_18059" ,
 "lipid" , "http://purl.obolibrary.org/obo/CHEBI_28868" , "http://www.w3.org/2000/01/rdf-schema#subClassOf" , "http://purl.obolibrary.org/obo/CHEBI_18059" ,
 "noble gas molecular entity" , "http://purl.obolibrary.org/obo/CHEBI_33679" , "http://www.w3.org/2000/01/rdf-schema#subClassOf" , "http://purl.obolibrary.org/obo/CHEBI_33583" ,
 "noble gas molecular entity" , "http://purl.obolibrary.org/obo/CHEBI_36907" , "http://www.w3.org/2000/01/rdf-schema#subClassOf" , "http://purl.obolibrary.org/obo/CHEBI_33583" ,
 "noble gas molecular entity" , "http://purl.obolibrary.org/obo/CHEBI_36908" , "http://www.w3.org/2000/01/rdf-schema#subClassOf" , "http://purl.obolibrary.org/obo/CHEBI_33583" ,
 "noble gas molecular entity" , "http://purl.obolibrary.org/obo/CHEBI_36909" , "http://www.w3.org/2000/01/rdf-schema#subClassOf" , "http://purl.obolibrary.org/obo/CHEBI_33583" ,
 "greenhouse gas" , "b560" , "http://www.w3.org/2002/07/owl#someValuesFrom" , "http://purl.obolibrary.org/obo/CHEBI_76413" ,
 "bagasse" , "b561" , "http://www.w3.org/2002/07/owl#annotatedSource" , "http://purl.obolibrary.org/obo/ENVO_00002872" ,
 "natural gas" , "b562" , "http://www.w3.org/2002/07/owl#annotatedSource" , "http://purl.obolibrary.org/obo/ENVO_01000552" ,
 "natural gas" , "http://purl.obolibrary.org/obo/ENVO_01000555" , "http://www.w3.org/2000/01/rdf-schema#subClassOf" , "http://purl.obolibrary.org/obo/ENVO_01000552" ,
 "liquefied petroleum gas" , "b563" , "http://www.w3.org/2002/07/owl#annotatedSource" , "http://purl.obolibrary.org/obo/ENVO_01000553" ,
 "hydrocarbon gas" , "http://purl.obolibrary.org/obo/ENVO_01000552" , "http://www.w3.org/2000/01/rdf-schema#subClassOf" , "http://purl.obolibrary.org/obo/ENVO_01000554" ,
 "hydrocarbon gas" , "http://purl.obolibrary.org/obo/ENVO_01000556" , "http://www.w3.org/2000/01/rdf-schema#subClassOf" , "http://purl.obolibrary.org/obo/ENVO_01000554" ,
 "compressed natural gas" , "b564" , "http://www.w3.org/2002/07/owl#annotatedSource" , "http://purl.obolibrary.org/obo/ENVO_01000555" ,
 "biogas" , "b565" , "http://www.w3.org/2002/07/owl#annotatedSource" , "http://purl.obolibrary.org/obo/ENVO_01000556" ,
 "biogas" , "http://purl.obolibrary.org/obo/ENVO_01000559" , "http://www.w3.org/2000/01/rdf-schema#subClassOf" , "http://purl.obolibrary.org/obo/ENVO_01000556" ,
 "liquefied natural gas" , "b566" , "http://www.w3.org/2002/07/owl#annotatedSource" , "http://purl.obolibrary.org/obo/ENVO_01000557" ,
 "liquefied hydrocarbon gas" , "http://purl.obolibrary.org/obo/ENVO_01000553" , "http://www.w3.org/2000/01/rdf-schema#subClassOf" , "http://purl.obolibrary.org/obo/ENVO_01000558" ,
 "liquefied hydrocarbon gas" , "http://purl.obolibrary.org/obo/ENVO_01000557" , "http://www.w3.org/2000/01/rdf-schema#subClassOf" , "http://purl.obolibrary.org/obo/ENVO_01000558" ,
 "carbon-bearing gas emission process" , "http://purl.obolibrary.org/obo/ENVO_01000769" , "http://www.w3.org/2000/01/rdf-schema#subClassOf" , "http://purl.obolibrary.org/obo/ENVO_01000742" ,
 "mass gaseous flow" , "b550" , "http://www.w3.org/2002/07/owl#annotatedSource" , "http://purl.obolibrary.org/obo/ENVO_01000792" ,
 "mass gaseous flow" , "http://purl.obolibrary.org/obo/ENVO_01000793" , "http://www.w3.org/2000/01/rdf-schema#subClassOf" , "http://purl.obolibrary.org/obo/ENVO_01000792" ,
 "mass gaseous flow" , "http://purl.obolibrary.org/obo/ENVO_01000795" , "http://www.w3.org/2000/01/rdf-schema#subClassOf" , "http://purl.obolibrary.org/obo/ENVO_01000792" ,
 "gaseous environmental material" , "http://purl.obolibrary.org/obo/ENVO_00002005" , "http://www.w3.org/2000/01/rdf-schema#subClassOf" , "http://purl.obolibrary.org/obo/ENVO_01000797" ,
 "gaseous environmental material" , "http://purl.obolibrary.org/obo/ENVO_01000266" , "http://www.w3.org/2000/01/rdf-schema#subClassOf" , "http://purl.obolibrary.org/obo/ENVO_01000797" ,
 "gaseous environmental material" , "b567" , "http://www.w3.org/1999/02/22-rdf-syntax-ns#first" , "http://purl.obolibrary.org/obo/ENVO_01000797" ,
 "gaseous environmental material" , "http://purl.obolibrary.org/obo/ENVO_01000451" , "http://www.w3.org/2000/01/rdf-schema#subClassOf" , "http://purl.obolibrary.org/obo/ENVO_01000797" ,
 "gaseous environmental material" , "http://purl.obolibrary.org/obo/ENVO_01000537" , "http://www.w3.org/2000/01/rdf-schema#subClassOf" , "http://purl.obolibrary.org/obo/ENVO_01000797" ,
 "gaseous environmental material" , "http://purl.obolibrary.org/obo/ENVO_01000554" , "http://www.w3.org/2000/01/rdf-schema#subClassOf" , "http://purl.obolibrary.org/obo/ENVO_01000797" ,
 "gaseous environmental material" , "http://purl.obolibrary.org/obo/ENVO_01000770" , "http://www.w3.org/2000/01/rdf-schema#subClassOf" , "http://purl.obolibrary.org/obo/ENVO_01000797" ,
 "gaseous environmental material" , "http://purl.obolibrary.org/obo/ENVO_01000789" , "http://www.w3.org/2000/01/rdf-schema#subClassOf" , "http://purl.obolibrary.org/obo/ENVO_01000797" ,
 "gaseous environmental material" , "b102" , "http://www.w3.org/2002/07/owl#someValuesFrom" , "http://purl.obolibrary.org/obo/ENVO_01000797" ,
 "gaseous environmental material" , "http://purl.obolibrary.org/obo/ENVO_01000798" , "http://www.w3.org/2000/01/rdf-schema#subClassOf" , "http://purl.obolibrary.org/obo/ENVO_01000797" ,
 "gaseous environmental material" , "b568" , "http://www.w3.org/2002/07/owl#annotatedSource" , "http://purl.obolibrary.org/obo/ENVO_01000797" ,
 "gaseous environmental material" , "b569" , "http://www.w3.org/2002/07/owl#someValuesFrom" , "http://purl.obolibrary.org/obo/ENVO_01000797" ,
 "gas generator" , "http://purl.obolibrary.org/obo/OBI_0000550" , "http://www.w3.org/2000/01/rdf-schema#subClassOf" , "http://purl.obolibrary.org/obo/OBI_0000507" ,
 "gas generator" , "http://purl.obolibrary.org/obo/OBI_0000608" , "http://www.w3.org/2000/01/rdf-schema#subClassOf" , "http://purl.obolibrary.org/obo/OBI_0000507" ,
 "gas chromatography equipment" , "http://purl.obolibrary.org/obo/OBI_0000507" , "http://www.w3.org/2000/01/rdf-schema#subClassOf" , "http://purl.obolibrary.org/obo/OBI_0000542" ,
 "gas chromatography equipment" , "http://purl.obolibrary.org/obo/OBI_0000554" , "http://www.w3.org/2000/01/rdf-schema#subClassOf" , "http://purl.obolibrary.org/obo/OBI_0000542" ,
 "gas chromatography equipment" , "http://purl.obolibrary.org/obo/OBI_0000638" , "http://www.w3.org/2000/01/rdf-schema#subClassOf" , "http://purl.obolibrary.org/obo/OBI_0000542" ,
 "gas chromatography detector" , "http://purl.obolibrary.org/obo/OBI_0000466" , "http://www.w3.org/2000/01/rdf-schema#subClassOf" , "http://purl.obolibrary.org/obo/OBI_0000637" ,
 "gas chromatography detector" , "http://purl.obolibrary.org/obo/OBI_0000489" , "http://www.w3.org/2000/01/rdf-schema#subClassOf" , "http://purl.obolibrary.org/obo/OBI_0000637" ,
 "gas chromatography detector" , "http://purl.obolibrary.org/obo/OBI_0000506" , "http://www.w3.org/2000/01/rdf-schema#subClassOf" , "http://purl.obolibrary.org/obo/OBI_0000637" ,
 "gas chromatography detector" , "http://purl.obolibrary.org/obo/OBI_0000509" , "http://www.w3.org/2000/01/rdf-schema#subClassOf" , "http://purl.obolibrary.org/obo/OBI_0000637" ,
 "gas chromatography detector" , "http://purl.obolibrary.org/obo/OBI_0000521" , "http://www.w3.org/2000/01/rdf-schema#subClassOf" , "http://purl.obolibrary.org/obo/OBI_0000637" ,
 "gas chromatography detector" , "http://purl.obolibrary.org/obo/OBI_0000569" , "http://www.w3.org/2000/01/rdf-schema#subClassOf" , "http://purl.obolibrary.org/obo/OBI_0000637" ,
 "gas chromatography detector" , "http://purl.obolibrary.org/obo/OBI_0000588" , "http://www.w3.org/2000/01/rdf-schema#subClassOf" , "http://purl.obolibrary.org/obo/OBI_0000637" ,
 "gas chromatography detector" , "http://purl.obolibrary.org/obo/OBI_0000598" , "http://www.w3.org/2000/01/rdf-schema#subClassOf" , "http://purl.obolibrary.org/obo/OBI_0000637" ,
 "gas chromatography detector" , "http://purl.obolibrary.org/obo/OBI_0000617" , "http://www.w3.org/2000/01/rdf-schema#subClassOf" , "http://purl.obolibrary.org/obo/OBI_0000637" ,
 "gas chromatography detector" , "http://purl.obolibrary.org/obo/OBI_0000642" , "http://www.w3.org/2000/01/rdf-schema#subClassOf" , "http://purl.obolibrary.org/obo/OBI_0000637" ,
 "gas laser" , "http://purl.obolibrary.org/obo/OBI_0400060" , "http://www.w3.org/2000/01/rdf-schema#subClassOf" , "http://purl.obolibrary.org/obo/OBI_0400047" ,
 "gas laser" , "http://purl.obolibrary.org/obo/OBI_0400073" , "http://www.w3.org/2000/01/rdf-schema#subClassOf" , "http://purl.obolibrary.org/obo/OBI_0400047" ,
 "quality of a gas" , "b570" , "http://www.w3.org/2002/07/owl#someValuesFrom" , "http://purl.obolibrary.org/obo/PATO_0001547" ,
 "quality of a gas" , "b571" , "http://www.w3.org/2002/07/owl#someValuesFrom" , "http://purl.obolibrary.org/obo/PATO_0001547" ,
 "quality of a gas" , "b572" , "http://www.w3.org/2002/07/owl#someValuesFrom" , "http://purl.obolibrary.org/obo/PATO_0001547" ,
 "quality of a gas" , "b573" , "http://www.w3.org/2002/07/owl#someValuesFrom" , "http://purl.obolibrary.org/obo/PATO_0001547" ,
 "quality of a gas" , "b574" , "http://www.w3.org/2002/07/owl#someValuesFrom" , "http://purl.obolibrary.org/obo/PATO_0001547" ,
 "quality of a gas" , "b146" , "http://www.w3.org/2002/07/owl#someValuesFrom" , "http://purl.obolibrary.org/obo/PATO_0001547" ,
 "quality of a gas" , "b575" , "http://www.w3.org/2002/07/owl#someValuesFrom" , "http://purl.obolibrary.org/obo/PATO_0001547" ,
 "quality of a gas" , "b576" , "http://www.w3.org/2002/07/owl#someValuesFrom" , "http://purl.obolibrary.org/obo/PATO_0001547" ,
 "quality of a gas" , "b577" , "http://www.w3.org/2002/07/owl#someValuesFrom" , "http://purl.obolibrary.org/obo/PATO_0001547" ,
 "quality of a gas" , "b578" , "http://www.w3.org/2002/07/owl#someValuesFrom" , "http://purl.obolibrary.org/obo/PATO_0001547" ,
 "quality of a gas" , "b579" , "http://www.w3.org/2002/07/owl#someValuesFrom" , "http://purl.obolibrary.org/obo/PATO_0001547" ,
 "quality of a gas" , "b580" , "http://www.w3.org/2002/07/owl#someValuesFrom" , "http://purl.obolibrary.org/obo/PATO_0001547" ,
 "quality of a gas" , "b581" , "http://www.w3.org/2002/07/owl#someValuesFrom" , "http://purl.obolibrary.org/obo/PATO_0001547" ,
 "quality of a gas" , "b582" , "http://www.w3.org/2002/07/owl#someValuesFrom" , "http://purl.obolibrary.org/obo/PATO_0001547" ,
 "quality of a gas" , "b583" , "http://www.w3.org/2002/07/owl#someValuesFrom" , "http://purl.obolibrary.org/obo/PATO_0001547" ,
 "quality of a gas" , "b584" , "http://www.w3.org/2002/07/owl#someValuesFrom" , "http://purl.obolibrary.org/obo/PATO_0001547" ,
 "quality of a gas" , "b156" , "http://www.w3.org/2002/07/owl#someValuesFrom" , "http://purl.obolibrary.org/obo/PATO_0001547" ,
 "quality of a gas" , "b585" , "http://www.w3.org/2002/07/owl#someValuesFrom" , "http://purl.obolibrary.org/obo/PATO_0001547" ,
 "DNA ligase" , "b586" , "http://www.w3.org/2002/07/owl#someValuesFrom" , "http://purl.obolibrary.org/obo/PR_000023089" ,
 "DNA ligase" , "b587" , "http://www.w3.org/2002/07/owl#someValuesFrom" , "http://purl.obolibrary.org/obo/PR_000023089" ,
 "gastric gland" , "http://purl.obolibrary.org/obo/UBERON_0008859" , "http://www.w3.org/2000/01/rdf-schema#subClassOf" , "http://purl.obolibrary.org/obo/UBERON_0000325" ,
 "gastric gland" , "http://purl.obolibrary.org/obo/UBERON_0008861" , "http://www.w3.org/2000/01/rdf-schema#subClassOf" , "http://purl.obolibrary.org/obo/UBERON_0000325" ,
 "gastric gland" , "http://purl.obolibrary.org/obo/UBERON_0009971" , "http://www.w3.org/2000/01/rdf-schema#subClassOf" , "http://purl.obolibrary.org/obo/UBERON_0000325" ,
 "gastric gland" , "http://purl.obolibrary.org/obo/UBERON_0010038" , "http://www.w3.org/2000/01/rdf-schema#subClassOf" , "http://purl.obolibrary.org/obo/UBERON_0000325" ,
 "gastrointestinal system smooth muscle" , "http://purl.obolibrary.org/obo/UBERON_0004221" , "http://www.w3.org/2000/01/rdf-schema#subClassOf" , "http://purl.obolibrary.org/obo/UBERON_0004226" ,
 "gastrointestinal system smooth muscle" , "http://purl.obolibrary.org/obo/UBERON_0004222" , "http://www.w3.org/2000/01/rdf-schema#subClassOf" , "http://purl.obolibrary.org/obo/UBERON_0004226" ,
 "gastrointestinal system lamina propria" , "http://purl.obolibrary.org/obo/UBERON_0001238" , "http://www.w3.org/2000/01/rdf-schema#subClassOf" , "http://purl.obolibrary.org/obo/UBERON_0004780" ,
 "gastrointestinal system lamina propria" , "http://purl.obolibrary.org/obo/UBERON_0011189" , "http://www.w3.org/2000/01/rdf-schema#subClassOf" , "http://purl.obolibrary.org/obo/UBERON_0004780" ,
 "gastrointestinal system lamina propria" , "http://purl.obolibrary.org/obo/UBERON_0016511" , "http://www.w3.org/2000/01/rdf-schema#subClassOf" , "http://purl.obolibrary.org/obo/UBERON_0004780" ,
 "gastrointestinal system serosa" , "http://purl.obolibrary.org/obo/UBERON_0004854" , "http://www.w3.org/2000/01/rdf-schema#subClassOf" , "http://purl.obolibrary.org/obo/UBERON_0004782" ,
 "gastrointestinal system serosa" , "http://purl.obolibrary.org/obo/UBERON_0001201" , "http://www.w3.org/2000/01/rdf-schema#subClassOf" , "http://purl.obolibrary.org/obo/UBERON_0004782" ,
 "gastrointestinal system serosa" , "http://purl.obolibrary.org/obo/UBERON_0001243" , "http://www.w3.org/2000/01/rdf-schema#subClassOf" , "http://purl.obolibrary.org/obo/UBERON_0004782" ,
 "gastrointestinal system mucosa" , "http://purl.obolibrary.org/obo/UBERON_0001199" , "http://www.w3.org/2000/01/rdf-schema#subClassOf" , "http://purl.obolibrary.org/obo/UBERON_0004786" ,
 "gastrointestinal system mucosa" , "http://purl.obolibrary.org/obo/UBERON_0001242" , "http://www.w3.org/2000/01/rdf-schema#subClassOf" , "http://purl.obolibrary.org/obo/UBERON_0004786" ,
 "gastrointestinal system epithelium" , "http://purl.obolibrary.org/obo/UBERON_0001276" , "http://www.w3.org/2000/01/rdf-schema#subClassOf" , "http://purl.obolibrary.org/obo/UBERON_0004808" ,
 "gastrointestinal system epithelium" , "http://purl.obolibrary.org/obo/UBERON_0001277" , "http://www.w3.org/2000/01/rdf-schema#subClassOf" , "http://purl.obolibrary.org/obo/UBERON_0004808" ,
 "gastrointestinal system mesentery" , "http://purl.obolibrary.org/obo/UBERON_0001170" , "http://www.w3.org/2000/01/rdf-schema#subClassOf" , "http://purl.obolibrary.org/obo/UBERON_0004854" ,
 "gastrointestinal system mesentery" , "http://purl.obolibrary.org/obo/UBERON_0003281" , "http://www.w3.org/2000/01/rdf-schema#subClassOf" , "http://purl.obolibrary.org/obo/UBERON_0004854" ,
 "gastrointestinal system mesentery" , "http://purl.obolibrary.org/obo/UBERON_0003395" , "http://www.w3.org/2000/01/rdf-schema#subClassOf" , "http://purl.obolibrary.org/obo/UBERON_0004854" ,
 "gastrointestinal system mesentery" , "http://purl.obolibrary.org/obo/UBERON_0003396" , "http://www.w3.org/2000/01/rdf-schema#subClassOf" , "http://purl.obolibrary.org/obo/UBERON_0004854" ,
 "gastrointestinal sphincter" , "http://purl.obolibrary.org/obo/UBERON_0001202" , "http://www.w3.org/2000/01/rdf-schema#subClassOf" , "http://purl.obolibrary.org/obo/UBERON_0011185" ,
 "gastrointestinal sphincter" , "http://purl.obolibrary.org/obo/UBERON_0004550" , "http://www.w3.org/2000/01/rdf-schema#subClassOf" , "http://purl.obolibrary.org/obo/UBERON_0011185" ,
 "chromatography column" , "http://purl.obolibrary.org/obo/OBI_0000448" , "http://www.w3.org/2000/01/rdf-schema#subClassOf" , "http://purl.obolibrary.org/obo/OBI_0000038" ,
 "chromatography column" , "http://purl.obolibrary.org/obo/OBI_0000465" , "http://www.w3.org/2000/01/rdf-schema#subClassOf" , "http://purl.obolibrary.org/obo/OBI_0000038" ,
 "chromatography column" , "http://purl.obolibrary.org/obo/OBI_0000468" , "http://www.w3.org/2000/01/rdf-schema#subClassOf" , "http://purl.obolibrary.org/obo/OBI_0000038" ,
 "chromatography column" , "http://purl.obolibrary.org/obo/OBI_0000482" , "http://www.w3.org/2000/01/rdf-schema#subClassOf" , "http://purl.obolibrary.org/obo/OBI_0000038" ,
 "chromatography column" , "http://purl.obolibrary.org/obo/OBI_0000560" , "http://www.w3.org/2000/01/rdf-schema#subClassOf" , "http://purl.obolibrary.org/obo/OBI_0000038" ,
 "chromatography column" , "http://purl.obolibrary.org/obo/OBI_0000496" , "http://www.w3.org/2000/01/rdf-schema#subClassOf" , "http://purl.obolibrary.org/obo/OBI_0000038" ,
 "chromatography column" , "http://purl.obolibrary.org/obo/OBI_0000510" , "http://www.w3.org/2000/01/rdf-schema#subClassOf" , "http://purl.obolibrary.org/obo/OBI_0000038" ,
 "chromatography column" , "http://purl.obolibrary.org/obo/OBI_0000515" , "http://www.w3.org/2000/01/rdf-schema#subClassOf" , "http://purl.obolibrary.org/obo/OBI_0000038" ,
 "chromatography column" , "http://purl.obolibrary.org/obo/OBI_0000518" , "http://www.w3.org/2000/01/rdf-schema#subClassOf" , "http://purl.obolibrary.org/obo/OBI_0000038" ,
 "chromatography column" , "http://purl.obolibrary.org/obo/OBI_0000533" , "http://www.w3.org/2000/01/rdf-schema#subClassOf" , "http://purl.obolibrary.org/obo/OBI_0000038" ,
 "chromatography column" , "http://purl.obolibrary.org/obo/OBI_0000618" , "http://www.w3.org/2000/01/rdf-schema#subClassOf" , "http://purl.obolibrary.org/obo/OBI_0000038" ,
 "chromatography column" , "http://purl.obolibrary.org/obo/OBI_0000570" , "http://www.w3.org/2000/01/rdf-schema#subClassOf" , "http://purl.obolibrary.org/obo/OBI_0000038" ,
 "chromatography column" , "http://purl.obolibrary.org/obo/OBI_0000574" , "http://www.w3.org/2000/01/rdf-schema#subClassOf" , "http://purl.obolibrary.org/obo/OBI_0000038" ,
 "chromatography column" , "http://purl.obolibrary.org/obo/OBI_0000586" , "http://www.w3.org/2000/01/rdf-schema#subClassOf" , "http://purl.obolibrary.org/obo/OBI_0000038" ,
 "chromatography column" , "http://purl.obolibrary.org/obo/OBI_0000603" , "http://www.w3.org/2000/01/rdf-schema#subClassOf" , "http://purl.obolibrary.org/obo/OBI_0000038" ,
 "chromatography column" , "http://purl.obolibrary.org/obo/OBI_0000606" , "http://www.w3.org/2000/01/rdf-schema#subClassOf" , "http://purl.obolibrary.org/obo/OBI_0000038" ,
 "chromatography column" , "http://purl.obolibrary.org/obo/OBI_0000609" , "http://www.w3.org/2000/01/rdf-schema#subClassOf" , "http://purl.obolibrary.org/obo/OBI_0000038" ,
 "chromatography column" , "http://purl.obolibrary.org/obo/OBI_0000621" , "http://www.w3.org/2000/01/rdf-schema#subClassOf" , "http://purl.obolibrary.org/obo/OBI_0000038" ,
 "chromatography column" , "http://purl.obolibrary.org/obo/OBI_0000622" , "http://www.w3.org/2000/01/rdf-schema#subClassOf" , "http://purl.obolibrary.org/obo/OBI_0000038" ,
 "chromatography column" , "http://purl.obolibrary.org/obo/OBI_0000628" , "http://www.w3.org/2000/01/rdf-schema#subClassOf" , "http://purl.obolibrary.org/obo/OBI_0000038" ,
 "chromatography column" , "b588" , "http://www.w3.org/2002/07/owl#someValuesFrom" , "http://purl.obolibrary.org/obo/OBI_0000038" ,
 "chromatography column" , "b589" , "http://www.w3.org/2002/07/owl#someValuesFrom" , "http://purl.obolibrary.org/obo/OBI_0000038" ,
 "chromatography column" , "b590" , "http://www.w3.org/2002/07/owl#someValuesFrom" , "http://purl.obolibrary.org/obo/OBI_0000038" ,
 "chromatography column" , "b174" , "http://www.w3.org/2002/07/owl#someValuesFrom" , "http://purl.obolibrary.org/obo/OBI_0000038" ,
 "chromatography device" , "b111" , "http://www.w3.org/2002/07/owl#someValuesFrom" , "http://purl.obolibrary.org/obo/OBI_0000048" ,
 "chromatography device" , "http://purl.obolibrary.org/obo/OBI_0000504" , "http://www.w3.org/2000/01/rdf-schema#subClassOf" , "http://purl.obolibrary.org/obo/OBI_0000048" ,
 "chromatography device" , "http://purl.obolibrary.org/obo/OBI_0000478" , "http://www.w3.org/2000/01/rdf-schema#subClassOf" , "http://purl.obolibrary.org/obo/OBI_0000048" ,
 "chromatography device" , "http://purl.obolibrary.org/obo/OBI_0000497" , "http://www.w3.org/2000/01/rdf-schema#subClassOf" , "http://purl.obolibrary.org/obo/OBI_0000048" ,
 "chromatography device" , "http://purl.obolibrary.org/obo/OBI_0000542" , "http://www.w3.org/2000/01/rdf-schema#subClassOf" , "http://purl.obolibrary.org/obo/OBI_0000048" ,
 "chromatography device" , "http://purl.obolibrary.org/obo/OBI_0000508" , "http://www.w3.org/2000/01/rdf-schema#subClassOf" , "http://purl.obolibrary.org/obo/OBI_0000048" ,
 "chromatography device" , "http://purl.obolibrary.org/obo/OBI_0000601" , "http://www.w3.org/2000/01/rdf-schema#subClassOf" , "http://purl.obolibrary.org/obo/OBI_0000048" ,
 "chromatography device" , "http://purl.obolibrary.org/obo/OBI_0000528" , "http://www.w3.org/2000/01/rdf-schema#subClassOf" , "http://purl.obolibrary.org/obo/OBI_0000048" ,
 "chromatography device" , "http://purl.obolibrary.org/obo/OBI_0000532" , "http://www.w3.org/2000/01/rdf-schema#subClassOf" , "http://purl.obolibrary.org/obo/OBI_0000048" ,
 "chromatography device" , "http://purl.obolibrary.org/obo/OBI_0000545" , "http://www.w3.org/2000/01/rdf-schema#subClassOf" , "http://purl.obolibrary.org/obo/OBI_0000048" ,
 "chromatography device" , "http://purl.obolibrary.org/obo/OBI_0000551" , "http://www.w3.org/2000/01/rdf-schema#subClassOf" , "http://purl.obolibrary.org/obo/OBI_0000048" ,
 "chromatography device" , "http://purl.obolibrary.org/obo/OBI_0000572" , "http://www.w3.org/2000/01/rdf-schema#subClassOf" , "http://purl.obolibrary.org/obo/OBI_0000048" ,
 "chromatography device" , "http://purl.obolibrary.org/obo/OBI_0000594" , "http://www.w3.org/2000/01/rdf-schema#subClassOf" , "http://purl.obolibrary.org/obo/OBI_0000048" ,
 "chromatography device" , "http://purl.obolibrary.org/obo/OBI_0000602" , "http://www.w3.org/2000/01/rdf-schema#subClassOf" , "http://purl.obolibrary.org/obo/OBI_0000048" ,
 "chromatography device" , "http://purl.obolibrary.org/obo/OBI_0000605" , "http://www.w3.org/2000/01/rdf-schema#subClassOf" , "http://purl.obolibrary.org/obo/OBI_0000048" ,
 "chromatography device" , "http://purl.obolibrary.org/obo/OBI_0000614" , "http://www.w3.org/2000/01/rdf-schema#subClassOf" , "http://purl.obolibrary.org/obo/OBI_0000048" ,
 "chromatography device" , "http://purl.obolibrary.org/obo/OBI_0000619" , "http://www.w3.org/2000/01/rdf-schema#subClassOf" , "http://purl.obolibrary.org/obo/OBI_0000048" ,
 "chromatography device" , "http://purl.obolibrary.org/obo/OBI_0001139" , "http://www.w3.org/2000/01/rdf-schema#subClassOf" , "http://purl.obolibrary.org/obo/OBI_0000048" ,
 "chromatography device" , "b591" , "http://www.w3.org/1999/02/22-rdf-syntax-ns#first" , "http://purl.obolibrary.org/obo/OBI_0000048" ,
 "chromatography device" , "b175" , "http://www.w3.org/2002/07/owl#someValuesFrom" , "http://purl.obolibrary.org/obo/OBI_0000048" ,
 "chromatography instrument" , "http://purl.obolibrary.org/obo/OBI_0000469" , "http://www.w3.org/2000/01/rdf-schema#subClassOf" , "http://purl.obolibrary.org/obo/OBI_0000485" ,
 "chromatography instrument" , "http://purl.obolibrary.org/obo/OBI_0000589" , "http://www.w3.org/2000/01/rdf-schema#subClassOf" , "http://purl.obolibrary.org/obo/OBI_0000485" ,
 "chromatography instrument" , "http://purl.obolibrary.org/obo/OBI_0000481" , "http://www.w3.org/2000/01/rdf-schema#subClassOf" , "http://purl.obolibrary.org/obo/OBI_0000485" ,
 "chromatography instrument" , "http://purl.obolibrary.org/obo/OBI_0000494" , "http://www.w3.org/2000/01/rdf-schema#subClassOf" , "http://purl.obolibrary.org/obo/OBI_0000485" ,
 "chromatography instrument" , "http://purl.obolibrary.org/obo/OBI_0000536" , "http://www.w3.org/2000/01/rdf-schema#subClassOf" , "http://purl.obolibrary.org/obo/OBI_0000485" ,
 "chromatography instrument" , "http://purl.obolibrary.org/obo/OBI_0000549" , "http://www.w3.org/2000/01/rdf-schema#subClassOf" , "http://purl.obolibrary.org/obo/OBI_0000485" ,
 "chromatography instrument" , "http://purl.obolibrary.org/obo/OBI_0000633" , "http://www.w3.org/2000/01/rdf-schema#subClassOf" , "http://purl.obolibrary.org/obo/OBI_0000485" ,
 "chromatography detector" , "http://purl.obolibrary.org/obo/OBI_0000637" , "http://www.w3.org/2000/01/rdf-schema#subClassOf" , "http://purl.obolibrary.org/obo/OBI_0000481" ,
 "liquid chromatography autosampler" , "http://purl.obolibrary.org/obo/OBI_0000500" , "http://www.w3.org/2000/01/rdf-schema#subClassOf" , "http://purl.obolibrary.org/obo/OBI_0000494" ,
 "liquid chromatography autosampler" , "http://purl.obolibrary.org/obo/OBI_0000526" , "http://www.w3.org/2000/01/rdf-schema#subClassOf" , "http://purl.obolibrary.org/obo/OBI_0000494" ,
 "gas chromatography equipment" , "http://purl.obolibrary.org/obo/OBI_0000507" , "http://www.w3.org/2000/01/rdf-schema#subClassOf" , "http://purl.obolibrary.org/obo/OBI_0000542" ,
 "gas chromatography equipment" , "http://purl.obolibrary.org/obo/OBI_0000554" , "http://www.w3.org/2000/01/rdf-schema#subClassOf" , "http://purl.obolibrary.org/obo/OBI_0000542" ,
 "gas chromatography equipment" , "http://purl.obolibrary.org/obo/OBI_0000638" , "http://www.w3.org/2000/01/rdf-schema#subClassOf" , "http://purl.obolibrary.org/obo/OBI_0000542" ,
 "chromatography pump system" , "http://purl.obolibrary.org/obo/OBI_0000474" , "http://www.w3.org/2000/01/rdf-schema#subClassOf" , "http://purl.obolibrary.org/obo/OBI_0000589" ,
 "chromatography pump system" , "http://purl.obolibrary.org/obo/OBI_0000495" , "http://www.w3.org/2000/01/rdf-schema#subClassOf" , "http://purl.obolibrary.org/obo/OBI_0000589" ,
 "chromatography pump system" , "http://purl.obolibrary.org/obo/OBI_0000546" , "http://www.w3.org/2000/01/rdf-schema#subClassOf" , "http://purl.obolibrary.org/obo/OBI_0000589" ,
 "chromatography pump system" , "http://purl.obolibrary.org/obo/OBI_0000556" , "http://www.w3.org/2000/01/rdf-schema#subClassOf" , "http://purl.obolibrary.org/obo/OBI_0000589" ,
 "chromatography pump system" , "http://purl.obolibrary.org/obo/OBI_0000557" , "http://www.w3.org/2000/01/rdf-schema#subClassOf" , "http://purl.obolibrary.org/obo/OBI_0000589" ,
 "chromatography pump system" , "http://purl.obolibrary.org/obo/OBI_0000573" , "http://www.w3.org/2000/01/rdf-schema#subClassOf" , "http://purl.obolibrary.org/obo/OBI_0000589" ,
 "chromatography pump system" , "http://purl.obolibrary.org/obo/OBI_0000627" , "http://www.w3.org/2000/01/rdf-schema#subClassOf" , "http://purl.obolibrary.org/obo/OBI_0000589" ,
 "chromatography detector filter" , "http://purl.obolibrary.org/obo/OBI_0000538" , "http://www.w3.org/2000/01/rdf-schema#subClassOf" , "http://purl.obolibrary.org/obo/OBI_0000592" ,
 "chromatography detector filter" , "http://purl.obolibrary.org/obo/OBI_0000543" , "http://www.w3.org/2000/01/rdf-schema#subClassOf" , "http://purl.obolibrary.org/obo/OBI_0000592" ,
 "chromatography consumable" , "http://purl.obolibrary.org/obo/OBI_0000511" , "http://www.w3.org/2000/01/rdf-schema#subClassOf" , "http://purl.obolibrary.org/obo/OBI_0000601" ,
 "chromatography consumable" , "http://purl.obolibrary.org/obo/OBI_0000522" , "http://www.w3.org/2000/01/rdf-schema#subClassOf" , "http://purl.obolibrary.org/obo/OBI_0000601" ,
 "chromatography consumable" , "http://purl.obolibrary.org/obo/OBI_0000592" , "http://www.w3.org/2000/01/rdf-schema#subClassOf" , "http://purl.obolibrary.org/obo/OBI_0000601" ,
 "chromatography consumable" , "http://purl.obolibrary.org/obo/OBI_0000568" , "http://www.w3.org/2000/01/rdf-schema#subClassOf" , "http://purl.obolibrary.org/obo/OBI_0000601" ,
 "chromatography consumable" , "http://purl.obolibrary.org/obo/OBI_0000604" , "http://www.w3.org/2000/01/rdf-schema#subClassOf" , "http://purl.obolibrary.org/obo/OBI_0000601" ,
 "chromatography consumable" , "b592" , "http://www.w3.org/2002/07/owl#someValuesFrom" , "http://purl.obolibrary.org/obo/OBI_0000601" ,
 "chromatography consumable" , "b593" , "http://www.w3.org/2002/07/owl#someValuesFrom" , "http://purl.obolibrary.org/obo/OBI_0000601" ,
 "gas chromatography detector" , "http://purl.obolibrary.org/obo/OBI_0000466" , "http://www.w3.org/2000/01/rdf-schema#subClassOf" , "http://purl.obolibrary.org/obo/OBI_0000637" ,
 "gas chromatography detector" , "http://purl.obolibrary.org/obo/OBI_0000489" , "http://www.w3.org/2000/01/rdf-schema#subClassOf" , "http://purl.obolibrary.org/obo/OBI_0000637" ,
 "gas chromatography detector" , "http://purl.obolibrary.org/obo/OBI_0000506" , "http://www.w3.org/2000/01/rdf-schema#subClassOf" , "http://purl.obolibrary.org/obo/OBI_0000637" ,
 "gas chromatography detector" , "http://purl.obolibrary.org/obo/OBI_0000509" , "http://www.w3.org/2000/01/rdf-schema#subClassOf" , "http://purl.obolibrary.org/obo/OBI_0000637" ,
 "gas chromatography detector" , "http://purl.obolibrary.org/obo/OBI_0000521" , "http://www.w3.org/2000/01/rdf-schema#subClassOf" , "http://purl.obolibrary.org/obo/OBI_0000637" ,
 "gas chromatography detector" , "http://purl.obolibrary.org/obo/OBI_0000569" , "http://www.w3.org/2000/01/rdf-schema#subClassOf" , "http://purl.obolibrary.org/obo/OBI_0000637" ,
 "gas chromatography detector" , "http://purl.obolibrary.org/obo/OBI_0000588" , "http://www.w3.org/2000/01/rdf-schema#subClassOf" , "http://purl.obolibrary.org/obo/OBI_0000637" ,
 "gas chromatography detector" , "http://purl.obolibrary.org/obo/OBI_0000598" , "http://www.w3.org/2000/01/rdf-schema#subClassOf" , "http://purl.obolibrary.org/obo/OBI_0000637" ,
 "gas chromatography detector" , "http://purl.obolibrary.org/obo/OBI_0000617" , "http://www.w3.org/2000/01/rdf-schema#subClassOf" , "http://purl.obolibrary.org/obo/OBI_0000637" ,
 "gas chromatography detector" , "http://purl.obolibrary.org/obo/OBI_0000642" , "http://www.w3.org/2000/01/rdf-schema#subClassOf" , "http://purl.obolibrary.org/obo/OBI_0000637" ,
 "high performance liquid chromatography instrument" , "b594" , "http://www.w3.org/2002/07/owl#someValuesFrom" , "http://purl.obolibrary.org/obo/OBI_0001057" ,
 "high performance liquid chromatography instrument" , "b595" , "http://www.w3.org/2002/07/owl#someValuesFrom" , "http://purl.obolibrary.org/obo/OBI_0001057" ,
 "liquid chromatography instrument" , "http://purl.obolibrary.org/obo/OBI_0001057" , "http://www.w3.org/2000/01/rdf-schema#subClassOf" , "http://purl.obolibrary.org/obo/OBI_0001139" ,
 "analytical chromatography" , "b596" , "http://www.w3.org/2002/07/owl#someValuesFrom" , "http://purl.obolibrary.org/obo/OBI_0001630" ,
 "analytical chromatography" , "b597" , "http://www.w3.org/2002/07/owl#someValuesFrom" , "http://purl.obolibrary.org/obo/OBI_0001630" ,
 "analytical chromatography" , "b598" , "http://www.w3.org/2002/07/owl#someValuesFrom" , "http://purl.obolibrary.org/obo/OBI_0001630" ,
 "analytical chromatography" , "http://purl.obolibrary.org/obo/OBI_0002116" , "http://www.w3.org/2000/01/rdf-schema#subClassOf" , "http://purl.obolibrary.org/obo/OBI_0001630" ,
 "analytical chromatography" , "b599" , "http://www.w3.org/1999/02/22-rdf-syntax-ns#first" , "http://purl.obolibrary.org/obo/OBI_0001630" ,
 "preparative chromatography" , "b600" , "http://www.w3.org/2002/07/owl#allValuesFrom" , "http://purl.obolibrary.org/obo/OBI_0600046" ,
 "chromatography column" , "http://purl.obolibrary.org/obo/OBI_0000448" , "http://www.w3.org/2000/01/rdf-schema#subClassOf" , "http://purl.obolibrary.org/obo/OBI_0000038" ,
 "chromatography column" , "http://purl.obolibrary.org/obo/OBI_0000465" , "http://www.w3.org/2000/01/rdf-schema#subClassOf" , "http://purl.obolibrary.org/obo/OBI_0000038" ,
 "chromatography column" , "http://purl.obolibrary.org/obo/OBI_0000468" , "http://www.w3.org/2000/01/rdf-schema#subClassOf" , "http://purl.obolibrary.org/obo/OBI_0000038" ,
 "chromatography column" , "http://purl.obolibrary.org/obo/OBI_0000482" , "http://www.w3.org/2000/01/rdf-schema#subClassOf" , "http://purl.obolibrary.org/obo/OBI_0000038" ,
 "chromatography column" , "http://purl.obolibrary.org/obo/OBI_0000560" , "http://www.w3.org/2000/01/rdf-schema#subClassOf" , "http://purl.obolibrary.org/obo/OBI_0000038" ,
 "chromatography column" , "http://purl.obolibrary.org/obo/OBI_0000496" , "http://www.w3.org/2000/01/rdf-schema#subClassOf" , "http://purl.obolibrary.org/obo/OBI_0000038" ,
 "chromatography column" , "http://purl.obolibrary.org/obo/OBI_0000510" , "http://www.w3.org/2000/01/rdf-schema#subClassOf" , "http://purl.obolibrary.org/obo/OBI_0000038" ,
 "chromatography column" , "http://purl.obolibrary.org/obo/OBI_0000515" , "http://www.w3.org/2000/01/rdf-schema#subClassOf" , "http://purl.obolibrary.org/obo/OBI_0000038" ,
 "chromatography column" , "http://purl.obolibrary.org/obo/OBI_0000518" , "http://www.w3.org/2000/01/rdf-schema#subClassOf" , "http://purl.obolibrary.org/obo/OBI_0000038" ,
 "chromatography column" , "http://purl.obolibrary.org/obo/OBI_0000533" , "http://www.w3.org/2000/01/rdf-schema#subClassOf" , "http://purl.obolibrary.org/obo/OBI_0000038" ,
 "chromatography column" , "http://purl.obolibrary.org/obo/OBI_0000618" , "http://www.w3.org/2000/01/rdf-schema#subClassOf" , "http://purl.obolibrary.org/obo/OBI_0000038" ,
 "chromatography column" , "http://purl.obolibrary.org/obo/OBI_0000570" , "http://www.w3.org/2000/01/rdf-schema#subClassOf" , "http://purl.obolibrary.org/obo/OBI_0000038" ,
 "chromatography column" , "http://purl.obolibrary.org/obo/OBI_0000574" , "http://www.w3.org/2000/01/rdf-schema#subClassOf" , "http://purl.obolibrary.org/obo/OBI_0000038" ,
 "chromatography column" , "http://purl.obolibrary.org/obo/OBI_0000586" , "http://www.w3.org/2000/01/rdf-schema#subClassOf" , "http://purl.obolibrary.org/obo/OBI_0000038" ,
 "chromatography column" , "http://purl.obolibrary.org/obo/OBI_0000603" , "http://www.w3.org/2000/01/rdf-schema#subClassOf" , "http://purl.obolibrary.org/obo/OBI_0000038" ,
 "chromatography column" , "http://purl.obolibrary.org/obo/OBI_0000606" , "http://www.w3.org/2000/01/rdf-schema#subClassOf" , "http://purl.obolibrary.org/obo/OBI_0000038" ,
 "chromatography column" , "http://purl.obolibrary.org/obo/OBI_0000609" , "http://www.w3.org/2000/01/rdf-schema#subClassOf" , "http://purl.obolibrary.org/obo/OBI_0000038" ,
 "chromatography column" , "http://purl.obolibrary.org/obo/OBI_0000621" , "http://www.w3.org/2000/01/rdf-schema#subClassOf" , "http://purl.obolibrary.org/obo/OBI_0000038" ,
 "chromatography column" , "http://purl.obolibrary.org/obo/OBI_0000622" , "http://www.w3.org/2000/01/rdf-schema#subClassOf" , "http://purl.obolibrary.org/obo/OBI_0000038" ,
 "chromatography column" , "http://purl.obolibrary.org/obo/OBI_0000628" , "http://www.w3.org/2000/01/rdf-schema#subClassOf" , "http://purl.obolibrary.org/obo/OBI_0000038" ,
 "chromatography column" , "b588" , "http://www.w3.org/2002/07/owl#someValuesFrom" , "http://purl.obolibrary.org/obo/OBI_0000038" ,
 "chromatography column" , "b589" , "http://www.w3.org/2002/07/owl#someValuesFrom" , "http://purl.obolibrary.org/obo/OBI_0000038" ,
 "chromatography column" , "b590" , "http://www.w3.org/2002/07/owl#someValuesFrom" , "http://purl.obolibrary.org/obo/OBI_0000038" ,
 "chromatography column" , "b174" , "http://www.w3.org/2002/07/owl#someValuesFrom" , "http://purl.obolibrary.org/obo/OBI_0000038" ,
 "chromatography device" , "b111" , "http://www.w3.org/2002/07/owl#someValuesFrom" , "http://purl.obolibrary.org/obo/OBI_0000048" ,
 "chromatography device" , "http://purl.obolibrary.org/obo/OBI_0000504" , "http://www.w3.org/2000/01/rdf-schema#subClassOf" , "http://purl.obolibrary.org/obo/OBI_0000048" ,
 "chromatography device" , "http://purl.obolibrary.org/obo/OBI_0000478" , "http://www.w3.org/2000/01/rdf-schema#subClassOf" , "http://purl.obolibrary.org/obo/OBI_0000048" ,
 "chromatography device" , "http://purl.obolibrary.org/obo/OBI_0000497" , "http://www.w3.org/2000/01/rdf-schema#subClassOf" , "http://purl.obolibrary.org/obo/OBI_0000048" ,
 "chromatography device" , "http://purl.obolibrary.org/obo/OBI_0000542" , "http://www.w3.org/2000/01/rdf-schema#subClassOf" , "http://purl.obolibrary.org/obo/OBI_0000048" ,
 "chromatography device" , "http://purl.obolibrary.org/obo/OBI_0000508" , "http://www.w3.org/2000/01/rdf-schema#subClassOf" , "http://purl.obolibrary.org/obo/OBI_0000048" ,
 "chromatography device" , "http://purl.obolibrary.org/obo/OBI_0000601" , "http://www.w3.org/2000/01/rdf-schema#subClassOf" , "http://purl.obolibrary.org/obo/OBI_0000048" ,
 "chromatography device" , "http://purl.obolibrary.org/obo/OBI_0000528" , "http://www.w3.org/2000/01/rdf-schema#subClassOf" , "http://purl.obolibrary.org/obo/OBI_0000048" ,
 "chromatography device" , "http://purl.obolibrary.org/obo/OBI_0000532" , "http://www.w3.org/2000/01/rdf-schema#subClassOf" , "http://purl.obolibrary.org/obo/OBI_0000048" ,
 "chromatography device" , "http://purl.obolibrary.org/obo/OBI_0000545" , "http://www.w3.org/2000/01/rdf-schema#subClassOf" , "http://purl.obolibrary.org/obo/OBI_0000048" ,
 "chromatography device" , "http://purl.obolibrary.org/obo/OBI_0000551" , "http://www.w3.org/2000/01/rdf-schema#subClassOf" , "http://purl.obolibrary.org/obo/OBI_0000048" ,
 "chromatography device" , "http://purl.obolibrary.org/obo/OBI_0000572" , "http://www.w3.org/2000/01/rdf-schema#subClassOf" , "http://purl.obolibrary.org/obo/OBI_0000048" ,
 "chromatography device" , "http://purl.obolibrary.org/obo/OBI_0000594" , "http://www.w3.org/2000/01/rdf-schema#subClassOf" , "http://purl.obolibrary.org/obo/OBI_0000048" ,
 "chromatography device" , "http://purl.obolibrary.org/obo/OBI_0000602" , "http://www.w3.org/2000/01/rdf-schema#subClassOf" , "http://purl.obolibrary.org/obo/OBI_0000048" ,
 "chromatography device" , "http://purl.obolibrary.org/obo/OBI_0000605" , "http://www.w3.org/2000/01/rdf-schema#subClassOf" , "http://purl.obolibrary.org/obo/OBI_0000048" ,
 "chromatography device" , "http://purl.obolibrary.org/obo/OBI_0000614" , "http://www.w3.org/2000/01/rdf-schema#subClassOf" , "http://purl.obolibrary.org/obo/OBI_0000048" ,
 "chromatography device" , "http://purl.obolibrary.org/obo/OBI_0000619" , "http://www.w3.org/2000/01/rdf-schema#subClassOf" , "http://purl.obolibrary.org/obo/OBI_0000048" ,
 "chromatography device" , "http://purl.obolibrary.org/obo/OBI_0001139" , "http://www.w3.org/2000/01/rdf-schema#subClassOf" , "http://purl.obolibrary.org/obo/OBI_0000048" ,
 "chromatography device" , "b591" , "http://www.w3.org/1999/02/22-rdf-syntax-ns#first" , "http://purl.obolibrary.org/obo/OBI_0000048" ,
 "chromatography device" , "b175" , "http://www.w3.org/2002/07/owl#someValuesFrom" , "http://purl.obolibrary.org/obo/OBI_0000048" ,
 "chromatography instrument" , "http://purl.obolibrary.org/obo/OBI_0000469" , "http://www.w3.org/2000/01/rdf-schema#subClassOf" , "http://purl.obolibrary.org/obo/OBI_0000485" ,
 "chromatography instrument" , "http://purl.obolibrary.org/obo/OBI_0000589" , "http://www.w3.org/2000/01/rdf-schema#subClassOf" , "http://purl.obolibrary.org/obo/OBI_0000485" ,
 "chromatography instrument" , "http://purl.obolibrary.org/obo/OBI_0000481" , "http://www.w3.org/2000/01/rdf-schema#subClassOf" , "http://purl.obolibrary.org/obo/OBI_0000485" ,
 "chromatography instrument" , "http://purl.obolibrary.org/obo/OBI_0000494" , "http://www.w3.org/2000/01/rdf-schema#subClassOf" , "http://purl.obolibrary.org/obo/OBI_0000485" ,
 "chromatography instrument" , "http://purl.obolibrary.org/obo/OBI_0000536" , "http://www.w3.org/2000/01/rdf-schema#subClassOf" , "http://purl.obolibrary.org/obo/OBI_0000485" ,
 "chromatography instrument" , "http://purl.obolibrary.org/obo/OBI_0000549" , "http://www.w3.org/2000/01/rdf-schema#subClassOf" , "http://purl.obolibrary.org/obo/OBI_0000485" ,
 "chromatography instrument" , "http://purl.obolibrary.org/obo/OBI_0000633" , "http://www.w3.org/2000/01/rdf-schema#subClassOf" , "http://purl.obolibrary.org/obo/OBI_0000485" ,
 "chromatography detector" , "http://purl.obolibrary.org/obo/OBI_0000637" , "http://www.w3.org/2000/01/rdf-schema#subClassOf" , "http://purl.obolibrary.org/obo/OBI_0000481" ,
 "liquid chromatography autosampler" , "http://purl.obolibrary.org/obo/OBI_0000500" , "http://www.w3.org/2000/01/rdf-schema#subClassOf" , "http://purl.obolibrary.org/obo/OBI_0000494" ,
 "liquid chromatography autosampler" , "http://purl.obolibrary.org/obo/OBI_0000526" , "http://www.w3.org/2000/01/rdf-schema#subClassOf" , "http://purl.obolibrary.org/obo/OBI_0000494" ,
 "gas chromatography equipment" , "http://purl.obolibrary.org/obo/OBI_0000507" , "http://www.w3.org/2000/01/rdf-schema#subClassOf" , "http://purl.obolibrary.org/obo/OBI_0000542" ,
 "gas chromatography equipment" , "http://purl.obolibrary.org/obo/OBI_0000554" , "http://www.w3.org/2000/01/rdf-schema#subClassOf" , "http://purl.obolibrary.org/obo/OBI_0000542" ,
 "gas chromatography equipment" , "http://purl.obolibrary.org/obo/OBI_0000638" , "http://www.w3.org/2000/01/rdf-schema#subClassOf" , "http://purl.obolibrary.org/obo/OBI_0000542" ,
 "chromatography pump system" , "http://purl.obolibrary.org/obo/OBI_0000474" , "http://www.w3.org/2000/01/rdf-schema#subClassOf" , "http://purl.obolibrary.org/obo/OBI_0000589" ,
 "chromatography pump system" , "http://purl.obolibrary.org/obo/OBI_0000495" , "http://www.w3.org/2000/01/rdf-schema#subClassOf" , "http://purl.obolibrary.org/obo/OBI_0000589" ,
 "chromatography pump system" , "http://purl.obolibrary.org/obo/OBI_0000546" , "http://www.w3.org/2000/01/rdf-schema#subClassOf" , "http://purl.obolibrary.org/obo/OBI_0000589" ,
 "chromatography pump system" , "http://purl.obolibrary.org/obo/OBI_0000556" , "http://www.w3.org/2000/01/rdf-schema#subClassOf" , "http://purl.obolibrary.org/obo/OBI_0000589" ,
 "chromatography pump system" , "http://purl.obolibrary.org/obo/OBI_0000557" , "http://www.w3.org/2000/01/rdf-schema#subClassOf" , "http://purl.obolibrary.org/obo/OBI_0000589" ,
 "chromatography pump system" , "http://purl.obolibrary.org/obo/OBI_0000573" , "http://www.w3.org/2000/01/rdf-schema#subClassOf" , "http://purl.obolibrary.org/obo/OBI_0000589" ,
 "chromatography pump system" , "http://purl.obolibrary.org/obo/OBI_0000627" , "http://www.w3.org/2000/01/rdf-schema#subClassOf" , "http://purl.obolibrary.org/obo/OBI_0000589" ,
 "chromatography detector filter" , "http://purl.obolibrary.org/obo/OBI_0000538" , "http://www.w3.org/2000/01/rdf-schema#subClassOf" , "http://purl.obolibrary.org/obo/OBI_0000592" ,
 "chromatography detector filter" , "http://purl.obolibrary.org/obo/OBI_0000543" , "http://www.w3.org/2000/01/rdf-schema#subClassOf" , "http://purl.obolibrary.org/obo/OBI_0000592" ,
 "chromatography consumable" , "http://purl.obolibrary.org/obo/OBI_0000511" , "http://www.w3.org/2000/01/rdf-schema#subClassOf" , "http://purl.obolibrary.org/obo/OBI_0000601" ,
 "chromatography consumable" , "http://purl.obolibrary.org/obo/OBI_0000522" , "http://www.w3.org/2000/01/rdf-schema#subClassOf" , "http://purl.obolibrary.org/obo/OBI_0000601" ,
 "chromatography consumable" , "http://purl.obolibrary.org/obo/OBI_0000592" , "http://www.w3.org/2000/01/rdf-schema#subClassOf" , "http://purl.obolibrary.org/obo/OBI_0000601" ,
 "chromatography consumable" , "http://purl.obolibrary.org/obo/OBI_0000568" , "http://www.w3.org/2000/01/rdf-schema#subClassOf" , "http://purl.obolibrary.org/obo/OBI_0000601" ,
 "chromatography consumable" , "http://purl.obolibrary.org/obo/OBI_0000604" , "http://www.w3.org/2000/01/rdf-schema#subClassOf" , "http://purl.obolibrary.org/obo/OBI_0000601" ,
 "chromatography consumable" , "b592" , "http://www.w3.org/2002/07/owl#someValuesFrom" , "http://purl.obolibrary.org/obo/OBI_0000601" ,
 "chromatography consumable" , "b593" , "http://www.w3.org/2002/07/owl#someValuesFrom" , "http://purl.obolibrary.org/obo/OBI_0000601" ,
 "gas chromatography detector" , "http://purl.obolibrary.org/obo/OBI_0000466" , "http://www.w3.org/2000/01/rdf-schema#subClassOf" , "http://purl.obolibrary.org/obo/OBI_0000637" ,
 "gas chromatography detector" , "http://purl.obolibrary.org/obo/OBI_0000489" , "http://www.w3.org/2000/01/rdf-schema#subClassOf" , "http://purl.obolibrary.org/obo/OBI_0000637" ,
 "gas chromatography detector" , "http://purl.obolibrary.org/obo/OBI_0000506" , "http://www.w3.org/2000/01/rdf-schema#subClassOf" , "http://purl.obolibrary.org/obo/OBI_0000637" ,
 "gas chromatography detector" , "http://purl.obolibrary.org/obo/OBI_0000509" , "http://www.w3.org/2000/01/rdf-schema#subClassOf" , "http://purl.obolibrary.org/obo/OBI_0000637" ,
 "gas chromatography detector" , "http://purl.obolibrary.org/obo/OBI_0000521" , "http://www.w3.org/2000/01/rdf-schema#subClassOf" , "http://purl.obolibrary.org/obo/OBI_0000637" ,
 "gas chromatography detector" , "http://purl.obolibrary.org/obo/OBI_0000569" , "http://www.w3.org/2000/01/rdf-schema#subClassOf" , "http://purl.obolibrary.org/obo/OBI_0000637" ,
 "gas chromatography detector" , "http://purl.obolibrary.org/obo/OBI_0000588" , "http://www.w3.org/2000/01/rdf-schema#subClassOf" , "http://purl.obolibrary.org/obo/OBI_0000637" ,
 "gas chromatography detector" , "http://purl.obolibrary.org/obo/OBI_0000598" , "http://www.w3.org/2000/01/rdf-schema#subClassOf" , "http://purl.obolibrary.org/obo/OBI_0000637" ,
 "gas chromatography detector" , "http://purl.obolibrary.org/obo/OBI_0000617" , "http://www.w3.org/2000/01/rdf-schema#subClassOf" , "http://purl.obolibrary.org/obo/OBI_0000637" ,
 "gas chromatography detector" , "http://purl.obolibrary.org/obo/OBI_0000642" , "http://www.w3.org/2000/01/rdf-schema#subClassOf" , "http://purl.obolibrary.org/obo/OBI_0000637" ,
 "high performance liquid chromatography instrument" , "b594" , "http://www.w3.org/2002/07/owl#someValuesFrom" , "http://purl.obolibrary.org/obo/OBI_0001057" ,
 "high performance liquid chromatography instrument" , "b595" , "http://www.w3.org/2002/07/owl#someValuesFrom" , "http://purl.obolibrary.org/obo/OBI_0001057" ,
 "liquid chromatography instrument" , "http://purl.obolibrary.org/obo/OBI_0001057" , "http://www.w3.org/2000/01/rdf-schema#subClassOf" , "http://purl.obolibrary.org/obo/OBI_0001139" ,
 "analytical chromatography" , "b596" , "http://www.w3.org/2002/07/owl#someValuesFrom" , "http://purl.obolibrary.org/obo/OBI_0001630" ,
 "analytical chromatography" , "b597" , "http://www.w3.org/2002/07/owl#someValuesFrom" , "http://purl.obolibrary.org/obo/OBI_0001630" ,
 "analytical chromatography" , "b598" , "http://www.w3.org/2002/07/owl#someValuesFrom" , "http://purl.obolibrary.org/obo/OBI_0001630" ,
 "analytical chromatography" , "http://purl.obolibrary.org/obo/OBI_0002116" , "http://www.w3.org/2000/01/rdf-schema#subClassOf" , "http://purl.obolibrary.org/obo/OBI_0001630" ,
 "analytical chromatography" , "b599" , "http://www.w3.org/1999/02/22-rdf-syntax-ns#first" , "http://purl.obolibrary.org/obo/OBI_0001630" ,
 "preparative chromatography" , "b600" , "http://www.w3.org/2002/07/owl#allValuesFrom" , "http://purl.obolibrary.org/obo/OBI_0600046" ,
 "There should be  relation here to ENVO:sand, but it's more than "primarily composed of" and must call upon the idea of "ground surface" or layer." , "http://purl.obolibrary.org/obo/ENVO_00000172" , "http://www.w3.org/1999/02/22-rdf-syntax-ns#type" , "http://www.w3.org/2002/07/owl#Class" ,
 "There should be  relation here to ENVO:sand, but it's more than "primarily composed of" and must call upon the idea of "ground surface" or layer." , "http://purl.obolibrary.org/obo/ENVO_00000172" , "http://www.w3.org/2000/01/rdf-schema#comment" , "There should be  relation here to ENVO:sand, but it's more than "primarily composed of" and must call upon the idea of "ground surface" or layer." ,
 "There should be  relation here to ENVO:sand, but it's more than "primarily composed of" and must call upon the idea of "ground surface" or layer." , "http://purl.obolibrary.org/obo/ENVO_00000172" , "http://purl.obolibrary.org/obo/IAO_0000115" , "A desert plain characterized by a surface veneer of sand." ,
 "There should be  relation here to ENVO:sand, but it's more than "primarily composed of" and must call upon the idea of "ground surface" or layer." , "http://purl.obolibrary.org/obo/ENVO_00000172" , "http://www.w3.org/2000/01/rdf-schema#label" , "sandy desert" ,
 "There should be  relation here to ENVO:sand, but it's more than "primarily composed of" and must call upon the idea of "ground surface" or layer." , "http://purl.obolibrary.org/obo/ENVO_00000172" , "http://www.geneontology.org/formats/oboInOwl#hasExactSynonym" , "sand desert" ,
 "There should be  relation here to ENVO:sand, but it's more than "primarily composed of" and must call upon the idea of "ground surface" or layer." , "http://purl.obolibrary.org/obo/ENVO_00000172" , "http://www.geneontology.org/formats/oboInOwl#hasExactSynonym" , "sandy desert" ,
 "There should be  relation here to ENVO:sand, but it's more than "primarily composed of" and must call upon the idea of "ground surface" or layer." , "http://purl.obolibrary.org/obo/ENVO_00000172" , "http://www.geneontology.org/formats/oboInOwl#hasOBONamespace" , "ENVO" ,
 "There should be  relation here to ENVO:sand, but it's more than "primarily composed of" and must call upon the idea of "ground surface" or layer." , "http://purl.obolibrary.org/obo/ENVO_00000172" , "http://www.geneontology.org/formats/oboInOwl#id" , "ENVO:00000172" ,
 "There should be  relation here to ENVO:sand, but it's more than "primarily composed of" and must call upon the idea of "ground surface" or layer." , "http://purl.obolibrary.org/obo/ENVO_00000172" , "http://www.geneontology.org/formats/oboInOwl#hasDbXref" , "FTT:188" ,
 "There should be  relation here to ENVO:sand, but it's more than "primarily composed of" and must call upon the idea of "ground surface" or layer." , "http://purl.obolibrary.org/obo/ENVO_00000172" , "http://www.geneontology.org/formats/oboInOwl#hasDbXref" , "FTT:238" ,
 "There should be  relation here to ENVO:sand, but it's more than "primarily composed of" and must call upon the idea of "ground surface" or layer." , "http://purl.obolibrary.org/obo/ENVO_00000172" , "http://www.geneontology.org/formats/oboInOwl#hasDbXref" , "EcoLexicon:sandy_area" ,
 "There should be  relation here to ENVO:sand, but it's more than "primarily composed of" and must call upon the idea of "ground surface" or layer." , "http://purl.obolibrary.org/obo/ENVO_00000172" , "http://www.geneontology.org/formats/oboInOwl#hasDbXref" , "FTT:616" ,
 "There should be  relation here to ENVO:sand, but it's more than "primarily composed of" and must call upon the idea of "ground surface" or layer." , "http://purl.obolibrary.org/obo/ENVO_00000172" , "http://www.geneontology.org/formats/oboInOwl#hasDbXref" , "Geonames:T.ERG" ,
 "There should be  relation here to ENVO:sand, but it's more than "primarily composed of" and must call upon the idea of "ground surface" or layer." , "http://purl.obolibrary.org/obo/ENVO_00000172" , "http://www.geneontology.org/formats/oboInOwl#hasDbXref" , "Geonames:T.SAND" ,
 "There should be  relation here to ENVO:sand, but it's more than "primarily composed of" and must call upon the idea of "ground surface" or layer." , "http://purl.obolibrary.org/obo/ENVO_00000172" , "http://www.geneontology.org/formats/oboInOwl#hasDbXref" , "TGN:21203" ,
 "There should be  relation here to ENVO:sand, but it's more than "primarily composed of" and must call upon the idea of "ground surface" or layer." , "http://purl.obolibrary.org/obo/ENVO_00000172" , "http://www.geneontology.org/formats/oboInOwl#hasBroadSynonym" , "desert" ,
 "There should be  relation here to ENVO:sand, but it's more than "primarily composed of" and must call upon the idea of "ground surface" or layer." , "http://purl.obolibrary.org/obo/ENVO_00000172" , "http://www.geneontology.org/formats/oboInOwl#hasBroadSynonym" , "sandy area" ,
 "There should be  relation here to ENVO:sand, but it's more than "primarily composed of" and must call upon the idea of "ground surface" or layer." , "http://purl.obolibrary.org/obo/ENVO_00000172" , "http://www.w3.org/2000/01/rdf-schema#subClassOf" , "http://purl.obolibrary.org/obo/ENVO_00000097" ,
 "There should be  relation here to ENVO:rock, but it's more than "primarily composed of" and must call upon the idea of "ground surface" or layer." , "http://purl.obolibrary.org/obo/ENVO_00000173" , "http://www.w3.org/1999/02/22-rdf-syntax-ns#type" , "http://www.w3.org/2002/07/owl#Class" ,
 "There should be  relation here to ENVO:rock, but it's more than "primarily composed of" and must call upon the idea of "ground surface" or layer." , "http://purl.obolibrary.org/obo/ENVO_00000173" , "http://www.w3.org/2000/01/rdf-schema#comment" , "There should be  relation here to ENVO:rock, but it's more than "primarily composed of" and must call upon the idea of "ground surface" or layer." ,
 "There should be  relation here to ENVO:rock, but it's more than "primarily composed of" and must call upon the idea of "ground surface" or layer." , "http://purl.obolibrary.org/obo/ENVO_00000173" , "http://purl.obolibrary.org/obo/IAO_0000115" , "A desert plain characterized by a surface veneer of rock." ,
 "There should be  relation here to ENVO:rock, but it's more than "primarily composed of" and must call upon the idea of "ground surface" or layer." , "http://purl.obolibrary.org/obo/ENVO_00000173" , "http://www.w3.org/2000/01/rdf-schema#label" , "rocky desert" ,
 "There should be  relation here to ENVO:rock, but it's more than "primarily composed of" and must call upon the idea of "ground surface" or layer." , "http://purl.obolibrary.org/obo/ENVO_00000173" , "http://www.geneontology.org/formats/oboInOwl#hasExactSynonym" , "rock desert" ,
 "There should be  relation here to ENVO:rock, but it's more than "primarily composed of" and must call upon the idea of "ground surface" or layer." , "http://purl.obolibrary.org/obo/ENVO_00000173" , "http://www.geneontology.org/formats/oboInOwl#hasOBONamespace" , "ENVO" ,
 "There should be  relation here to ENVO:rock, but it's more than "primarily composed of" and must call upon the idea of "ground surface" or layer." , "http://purl.obolibrary.org/obo/ENVO_00000173" , "http://www.geneontology.org/formats/oboInOwl#id" , "ENVO:00000173" ,
 "There should be  relation here to ENVO:rock, but it's more than "primarily composed of" and must call upon the idea of "ground surface" or layer." , "http://purl.obolibrary.org/obo/ENVO_00000173" , "http://www.geneontology.org/formats/oboInOwl#hasDbXref" , "FTT:188" ,
 "There should be  relation here to ENVO:rock, but it's more than "primarily composed of" and must call upon the idea of "ground surface" or layer." , "http://purl.obolibrary.org/obo/ENVO_00000173" , "http://www.geneontology.org/formats/oboInOwl#hasDbXref" , "FTT:615" ,
 "There should be  relation here to ENVO:rock, but it's more than "primarily composed of" and must call upon the idea of "ground surface" or layer." , "http://purl.obolibrary.org/obo/ENVO_00000173" , "http://www.geneontology.org/formats/oboInOwl#hasDbXref" , "Geonames:T.HMDA" ,
 "There should be  relation here to ENVO:rock, but it's more than "primarily composed of" and must call upon the idea of "ground surface" or layer." , "http://purl.obolibrary.org/obo/ENVO_00000173" , "http://www.geneontology.org/formats/oboInOwl#hasDbXref" , "TGN:21204" ,
 "There should be  relation here to ENVO:rock, but it's more than "primarily composed of" and must call upon the idea of "ground surface" or layer." , "http://purl.obolibrary.org/obo/ENVO_00000173" , "http://www.geneontology.org/formats/oboInOwl#hasBroadSynonym" , "desert" ,
 "There should be  relation here to ENVO:rock, but it's more than "primarily composed of" and must call upon the idea of "ground surface" or layer." , "http://purl.obolibrary.org/obo/ENVO_00000173" , "http://www.w3.org/2000/01/rdf-schema#subClassOf" , "http://purl.obolibrary.org/obo/ENVO_00000097" ,
 "There should be  relation here to ENVO:rock and ENVO:gravel, but it's more than "primarily composed of" and must call upon the idea of "ground surface" or layer." , "http://purl.obolibrary.org/obo/ENVO_00000183" , "http://www.w3.org/1999/02/22-rdf-syntax-ns#type" , "http://www.w3.org/2002/07/owl#Class" ,
 "There should be  relation here to ENVO:rock and ENVO:gravel, but it's more than "primarily composed of" and must call upon the idea of "ground surface" or layer." , "http://purl.obolibrary.org/obo/ENVO_00000183" , "http://www.w3.org/2000/01/rdf-schema#comment" , "There should be  relation here to ENVO:rock and ENVO:gravel, but it's more than "primarily composed of" and must call upon the idea of "ground surface" or layer." ,
 "There should be  relation here to ENVO:rock and ENVO:gravel, but it's more than "primarily composed of" and must call upon the idea of "ground surface" or layer." , "http://purl.obolibrary.org/obo/ENVO_00000183" , "http://purl.obolibrary.org/obo/IAO_0000115" , "A desert plain characterized by a surface veneer of gravel or stones." ,
 "There should be  relation here to ENVO:rock and ENVO:gravel, but it's more than "primarily composed of" and must call upon the idea of "ground surface" or layer." , "http://purl.obolibrary.org/obo/ENVO_00000183" , "http://www.w3.org/2000/01/rdf-schema#label" , "stony desert" ,
 "There should be  relation here to ENVO:rock and ENVO:gravel, but it's more than "primarily composed of" and must call upon the idea of "ground surface" or layer." , "http://purl.obolibrary.org/obo/ENVO_00000183" , "http://www.geneontology.org/formats/oboInOwl#hasExactSynonym" , "stony desert" ,
 "There should be  relation here to ENVO:rock and ENVO:gravel, but it's more than "primarily composed of" and must call upon the idea of "ground surface" or layer." , "http://purl.obolibrary.org/obo/ENVO_00000183" , "http://www.geneontology.org/formats/oboInOwl#hasOBONamespace" , "ENVO" ,
 "There should be  relation here to ENVO:rock and ENVO:gravel, but it's more than "primarily composed of" and must call upon the idea of "ground surface" or layer." , "http://purl.obolibrary.org/obo/ENVO_00000183" , "http://www.geneontology.org/formats/oboInOwl#id" , "ENVO:00000183" ,
 "There should be  relation here to ENVO:rock and ENVO:gravel, but it's more than "primarily composed of" and must call upon the idea of "ground surface" or layer." , "http://purl.obolibrary.org/obo/ENVO_00000183" , "http://www.geneontology.org/formats/oboInOwl#hasDbXref" , "FTT:188" ,
 "There should be  relation here to ENVO:rock and ENVO:gravel, but it's more than "primarily composed of" and must call upon the idea of "ground surface" or layer." , "http://purl.obolibrary.org/obo/ENVO_00000183" , "http://www.geneontology.org/formats/oboInOwl#hasDbXref" , "FTT:617" ,
 "There should be  relation here to ENVO:rock and ENVO:gravel, but it's more than "primarily composed of" and must call upon the idea of "ground surface" or layer." , "http://purl.obolibrary.org/obo/ENVO_00000183" , "http://www.geneontology.org/formats/oboInOwl#hasDbXref" , "Geonames:T.REG" ,
 "There should be  relation here to ENVO:rock and ENVO:gravel, but it's more than "primarily composed of" and must call upon the idea of "ground surface" or layer." , "http://purl.obolibrary.org/obo/ENVO_00000183" , "http://www.geneontology.org/formats/oboInOwl#hasBroadSynonym" , "desert" ,
 "There should be  relation here to ENVO:rock and ENVO:gravel, but it's more than "primarily composed of" and must call upon the idea of "ground surface" or layer." , "http://purl.obolibrary.org/obo/ENVO_00000183" , "http://www.w3.org/2000/01/rdf-schema#subClassOf" , "http://purl.obolibrary.org/obo/ENVO_00000097" ,
 "'In engineering terms, soil is referred to as regolith, or loose rock material that lies above the 'solid geology'. Soil is commonly referred to as "earth" or "dirt"; technically, the term "dirt" should be restricted to displaced soil.' https://en.wikipedia.org/wiki/Soil

" The upper limit of soil is the boundary between soil and air, shallow water, live plants, or plant materials that have not begun to decompose. Areas are not considered to have soil if the surface is permanently covered by water too deep (typically more than 2.5 meters) for the growth of rooted plants.

The lower boundary that separates soil from the nonsoil underneath is most difficult to define. Soil consists of horizons near the Earth's surface that, in contrast to the underlying parent material, have been altered by the interactions of climate, relief, and living organisms over time. Commonly, soil grades at its lower boundary to hard rock or to earthy materials virtually devoid of animals, roots, or other marks of biological activity. For purposes of classification, the lower boundary of soil is arbitrarily set at 200 cm."  Soil taxonomy, 2nd Ed., quoted in http://www.nrcs.usda.gov/wps/portal/nrcs/detail/soils/edu/?cid=nrcs142p2_054280" , "http://purl.obolibrary.org/obo/ENVO_00001998" , "http://www.w3.org/1999/02/22-rdf-syntax-ns#type" , "http://www.w3.org/2002/07/owl#Class" ,
 "'In engineering terms, soil is referred to as regolith, or loose rock material that lies above the 'solid geology'. Soil is commonly referred to as "earth" or "dirt"; technically, the term "dirt" should be restricted to displaced soil.' https://en.wikipedia.org/wiki/Soil

" The upper limit of soil is the boundary between soil and air, shallow water, live plants, or plant materials that have not begun to decompose. Areas are not considered to have soil if the surface is permanently covered by water too deep (typically more than 2.5 meters) for the growth of rooted plants.

The lower boundary that separates soil from the nonsoil underneath is most difficult to define. Soil consists of horizons near the Earth's surface that, in contrast to the underlying parent material, have been altered by the interactions of climate, relief, and living organisms over time. Commonly, soil grades at its lower boundary to hard rock or to earthy materials virtually devoid of animals, roots, or other marks of biological activity. For purposes of classification, the lower boundary of soil is arbitrarily set at 200 cm."  Soil taxonomy, 2nd Ed., quoted in http://www.nrcs.usda.gov/wps/portal/nrcs/detail/soils/edu/?cid=nrcs142p2_054280" , "http://purl.obolibrary.org/obo/ENVO_00001998" , "http://www.w3.org/2000/01/rdf-schema#comment" , "'In engineering terms, soil is referred to as regolith, or loose rock material that lies above the 'solid geology'. Soil is commonly referred to as "earth" or "dirt"; technically, the term "dirt" should be restricted to displaced soil.' https://en.wikipedia.org/wiki/Soil

" The upper limit of soil is the boundary between soil and air, shallow water, live plants, or plant materials that have not begun to decompose. Areas are not considered to have soil if the surface is permanently covered by water too deep (typically more than 2.5 meters) for the growth of rooted plants.

The lower boundary that separates soil from the nonsoil underneath is most difficult to define. Soil consists of horizons near the Earth's surface that, in contrast to the underlying parent material, have been altered by the interactions of climate, relief, and living organisms over time. Commonly, soil grades at its lower boundary to hard rock or to earthy materials virtually devoid of animals, roots, or other marks of biological activity. For purposes of classification, the lower boundary of soil is arbitrarily set at 200 cm."  Soil taxonomy, 2nd Ed., quoted in http://www.nrcs.usda.gov/wps/portal/nrcs/detail/soils/edu/?cid=nrcs142p2_054280" ,
 "'In engineering terms, soil is referred to as regolith, or loose rock material that lies above the 'solid geology'. Soil is commonly referred to as "earth" or "dirt"; technically, the term "dirt" should be restricted to displaced soil.' https://en.wikipedia.org/wiki/Soil

" The upper limit of soil is the boundary between soil and air, shallow water, live plants, or plant materials that have not begun to decompose. Areas are not considered to have soil if the surface is permanently covered by water too deep (typically more than 2.5 meters) for the growth of rooted plants.

The lower boundary that separates soil from the nonsoil underneath is most difficult to define. Soil consists of horizons near the Earth's surface that, in contrast to the underlying parent material, have been altered by the interactions of climate, relief, and living organisms over time. Commonly, soil grades at its lower boundary to hard rock or to earthy materials virtually devoid of animals, roots, or other marks of biological activity. For purposes of classification, the lower boundary of soil is arbitrarily set at 200 cm."  Soil taxonomy, 2nd Ed., quoted in http://www.nrcs.usda.gov/wps/portal/nrcs/detail/soils/edu/?cid=nrcs142p2_054280" , "http://purl.obolibrary.org/obo/ENVO_00001998" , "http://purl.obolibrary.org/obo/IAO_0000111" , "soil" ,
 "'In engineering terms, soil is referred to as regolith, or loose rock material that lies above the 'solid geology'. Soil is commonly referred to as "earth" or "dirt"; technically, the term "dirt" should be restricted to displaced soil.' https://en.wikipedia.org/wiki/Soil

" The upper limit of soil is the boundary between soil and air, shallow water, live plants, or plant materials that have not begun to decompose. Areas are not considered to have soil if the surface is permanently covered by water too deep (typically more than 2.5 meters) for the growth of rooted plants.

The lower boundary that separates soil from the nonsoil underneath is most difficult to define. Soil consists of horizons near the Earth's surface that, in contrast to the underlying parent material, have been altered by the interactions of climate, relief, and living organisms over time. Commonly, soil grades at its lower boundary to hard rock or to earthy materials virtually devoid of animals, roots, or other marks of biological activity. For purposes of classification, the lower boundary of soil is arbitrarily set at 200 cm."  Soil taxonomy, 2nd Ed., quoted in http://www.nrcs.usda.gov/wps/portal/nrcs/detail/soils/edu/?cid=nrcs142p2_054280" , "http://purl.obolibrary.org/obo/ENVO_00001998" , "http://purl.obolibrary.org/obo/IAO_0000115" , "Soil is an environmental material which is primarily composed of minerals, varying proportions of sand, silt, and clay, organic material such as humus, gases, liquids, and a broad range of resident micro- and macroorganisms." ,
 "'In engineering terms, soil is referred to as regolith, or loose rock material that lies above the 'solid geology'. Soil is commonly referred to as "earth" or "dirt"; technically, the term "dirt" should be restricted to displaced soil.' https://en.wikipedia.org/wiki/Soil

" The upper limit of soil is the boundary between soil and air, shallow water, live plants, or plant materials that have not begun to decompose. Areas are not considered to have soil if the surface is permanently covered by water too deep (typically more than 2.5 meters) for the growth of rooted plants.

The lower boundary that separates soil from the nonsoil underneath is most difficult to define. Soil consists of horizons near the Earth's surface that, in contrast to the underlying parent material, have been altered by the interactions of climate, relief, and living organisms over time. Commonly, soil grades at its lower boundary to hard rock or to earthy materials virtually devoid of animals, roots, or other marks of biological activity. For purposes of classification, the lower boundary of soil is arbitrarily set at 200 cm."  Soil taxonomy, 2nd Ed., quoted in http://www.nrcs.usda.gov/wps/portal/nrcs/detail/soils/edu/?cid=nrcs142p2_054280" , "http://purl.obolibrary.org/obo/ENVO_00001998" , "http://www.w3.org/2000/01/rdf-schema#label" , "soil" ,
 "'In engineering terms, soil is referred to as regolith, or loose rock material that lies above the 'solid geology'. Soil is commonly referred to as "earth" or "dirt"; technically, the term "dirt" should be restricted to displaced soil.' https://en.wikipedia.org/wiki/Soil

" The upper limit of soil is the boundary between soil and air, shallow water, live plants, or plant materials that have not begun to decompose. Areas are not considered to have soil if the surface is permanently covered by water too deep (typically more than 2.5 meters) for the growth of rooted plants.

The lower boundary that separates soil from the nonsoil underneath is most difficult to define. Soil consists of horizons near the Earth's surface that, in contrast to the underlying parent material, have been altered by the interactions of climate, relief, and living organisms over time. Commonly, soil grades at its lower boundary to hard rock or to earthy materials virtually devoid of animals, roots, or other marks of biological activity. For purposes of classification, the lower boundary of soil is arbitrarily set at 200 cm."  Soil taxonomy, 2nd Ed., quoted in http://www.nrcs.usda.gov/wps/portal/nrcs/detail/soils/edu/?cid=nrcs142p2_054280" , "http://purl.obolibrary.org/obo/ENVO_00001998" , "http://purl.obolibrary.org/obo/IAO_0000116" , "The various 'has part' and 'has quality' relations may not hold true for all soils; however, I have yet to find counter examples. Require input from a pedologist or similar. [pbuttigieg]" ,
 "'In engineering terms, soil is referred to as regolith, or loose rock material that lies above the 'solid geology'. Soil is commonly referred to as "earth" or "dirt"; technically, the term "dirt" should be restricted to displaced soil.' https://en.wikipedia.org/wiki/Soil

" The upper limit of soil is the boundary between soil and air, shallow water, live plants, or plant materials that have not begun to decompose. Areas are not considered to have soil if the surface is permanently covered by water too deep (typically more than 2.5 meters) for the growth of rooted plants.

The lower boundary that separates soil from the nonsoil underneath is most difficult to define. Soil consists of horizons near the Earth's surface that, in contrast to the underlying parent material, have been altered by the interactions of climate, relief, and living organisms over time. Commonly, soil grades at its lower boundary to hard rock or to earthy materials virtually devoid of animals, roots, or other marks of biological activity. For purposes of classification, the lower boundary of soil is arbitrarily set at 200 cm."  Soil taxonomy, 2nd Ed., quoted in http://www.nrcs.usda.gov/wps/portal/nrcs/detail/soils/edu/?cid=nrcs142p2_054280" , "http://purl.obolibrary.org/obo/ENVO_00001998" , "http://purl.obolibrary.org/obo/IAO_0000412" , "http://purl.obolibrary.org/obo/envo.owl" ,
 "'In engineering terms, soil is referred to as regolith, or loose rock material that lies above the 'solid geology'. Soil is commonly referred to as "earth" or "dirt"; technically, the term "dirt" should be restricted to displaced soil.' https://en.wikipedia.org/wiki/Soil

" The upper limit of soil is the boundary between soil and air, shallow water, live plants, or plant materials that have not begun to decompose. Areas are not considered to have soil if the surface is permanently covered by water too deep (typically more than 2.5 meters) for the growth of rooted plants.

The lower boundary that separates soil from the nonsoil underneath is most difficult to define. Soil consists of horizons near the Earth's surface that, in contrast to the underlying parent material, have been altered by the interactions of climate, relief, and living organisms over time. Commonly, soil grades at its lower boundary to hard rock or to earthy materials virtually devoid of animals, roots, or other marks of biological activity. For purposes of classification, the lower boundary of soil is arbitrarily set at 200 cm."  Soil taxonomy, 2nd Ed., quoted in http://www.nrcs.usda.gov/wps/portal/nrcs/detail/soils/edu/?cid=nrcs142p2_054280" , "http://purl.obolibrary.org/obo/ENVO_00001998" , "http://www.geneontology.org/formats/oboInOwl#hasOBONamespace" , "ENVO" ,
 "'In engineering terms, soil is referred to as regolith, or loose rock material that lies above the 'solid geology'. Soil is commonly referred to as "earth" or "dirt"; technically, the term "dirt" should be restricted to displaced soil.' https://en.wikipedia.org/wiki/Soil

" The upper limit of soil is the boundary between soil and air, shallow water, live plants, or plant materials that have not begun to decompose. Areas are not considered to have soil if the surface is permanently covered by water too deep (typically more than 2.5 meters) for the growth of rooted plants.

The lower boundary that separates soil from the nonsoil underneath is most difficult to define. Soil consists of horizons near the Earth's surface that, in contrast to the underlying parent material, have been altered by the interactions of climate, relief, and living organisms over time. Commonly, soil grades at its lower boundary to hard rock or to earthy materials virtually devoid of animals, roots, or other marks of biological activity. For purposes of classification, the lower boundary of soil is arbitrarily set at 200 cm."  Soil taxonomy, 2nd Ed., quoted in http://www.nrcs.usda.gov/wps/portal/nrcs/detail/soils/edu/?cid=nrcs142p2_054280" , "http://purl.obolibrary.org/obo/ENVO_00001998" , "http://www.geneontology.org/formats/oboInOwl#id" , "ENVO:00001998" ,
 "'In engineering terms, soil is referred to as regolith, or loose rock material that lies above the 'solid geology'. Soil is commonly referred to as "earth" or "dirt"; technically, the term "dirt" should be restricted to displaced soil.' https://en.wikipedia.org/wiki/Soil

" The upper limit of soil is the boundary between soil and air, shallow water, live plants, or plant materials that have not begun to decompose. Areas are not considered to have soil if the surface is permanently covered by water too deep (typically more than 2.5 meters) for the growth of rooted plants.

The lower boundary that separates soil from the nonsoil underneath is most difficult to define. Soil consists of horizons near the Earth's surface that, in contrast to the underlying parent material, have been altered by the interactions of climate, relief, and living organisms over time. Commonly, soil grades at its lower boundary to hard rock or to earthy materials virtually devoid of animals, roots, or other marks of biological activity. For purposes of classification, the lower boundary of soil is arbitrarily set at 200 cm."  Soil taxonomy, 2nd Ed., quoted in http://www.nrcs.usda.gov/wps/portal/nrcs/detail/soils/edu/?cid=nrcs142p2_054280" , "http://purl.obolibrary.org/obo/ENVO_00001998" , "http://www.geneontology.org/formats/oboInOwl#hasDbXref" , "LTER:535" ,
 "'In engineering terms, soil is referred to as regolith, or loose rock material that lies above the 'solid geology'. Soil is commonly referred to as "earth" or "dirt"; technically, the term "dirt" should be restricted to displaced soil.' https://en.wikipedia.org/wiki/Soil

" The upper limit of soil is the boundary between soil and air, shallow water, live plants, or plant materials that have not begun to decompose. Areas are not considered to have soil if the surface is permanently covered by water too deep (typically more than 2.5 meters) for the growth of rooted plants.

The lower boundary that separates soil from the nonsoil underneath is most difficult to define. Soil consists of horizons near the Earth's surface that, in contrast to the underlying parent material, have been altered by the interactions of climate, relief, and living organisms over time. Commonly, soil grades at its lower boundary to hard rock or to earthy materials virtually devoid of animals, roots, or other marks of biological activity. For purposes of classification, the lower boundary of soil is arbitrarily set at 200 cm."  Soil taxonomy, 2nd Ed., quoted in http://www.nrcs.usda.gov/wps/portal/nrcs/detail/soils/edu/?cid=nrcs142p2_054280" , "http://purl.obolibrary.org/obo/ENVO_00001998" , "http://www.geneontology.org/formats/oboInOwl#hasDbXref" , "SPIRE:Soil" ,
 "'In engineering terms, soil is referred to as regolith, or loose rock material that lies above the 'solid geology'. Soil is commonly referred to as "earth" or "dirt"; technically, the term "dirt" should be restricted to displaced soil.' https://en.wikipedia.org/wiki/Soil

" The upper limit of soil is the boundary between soil and air, shallow water, live plants, or plant materials that have not begun to decompose. Areas are not considered to have soil if the surface is permanently covered by water too deep (typically more than 2.5 meters) for the growth of rooted plants.

The lower boundary that separates soil from the nonsoil underneath is most difficult to define. Soil consists of horizons near the Earth's surface that, in contrast to the underlying parent material, have been altered by the interactions of climate, relief, and living organisms over time. Commonly, soil grades at its lower boundary to hard rock or to earthy materials virtually devoid of animals, roots, or other marks of biological activity. For purposes of classification, the lower boundary of soil is arbitrarily set at 200 cm."  Soil taxonomy, 2nd Ed., quoted in http://www.nrcs.usda.gov/wps/portal/nrcs/detail/soils/edu/?cid=nrcs142p2_054280" , "http://purl.obolibrary.org/obo/ENVO_00001998" , "http://www.geneontology.org/formats/oboInOwl#hasDbXref" , "SWEETRealm:Soil" ,
 "'In engineering terms, soil is referred to as regolith, or loose rock material that lies above the 'solid geology'. Soil is commonly referred to as "earth" or "dirt"; technically, the term "dirt" should be restricted to displaced soil.' https://en.wikipedia.org/wiki/Soil

" The upper limit of soil is the boundary between soil and air, shallow water, live plants, or plant materials that have not begun to decompose. Areas are not considered to have soil if the surface is permanently covered by water too deep (typically more than 2.5 meters) for the growth of rooted plants.

The lower boundary that separates soil from the nonsoil underneath is most difficult to define. Soil consists of horizons near the Earth's surface that, in contrast to the underlying parent material, have been altered by the interactions of climate, relief, and living organisms over time. Commonly, soil grades at its lower boundary to hard rock or to earthy materials virtually devoid of animals, roots, or other marks of biological activity. For purposes of classification, the lower boundary of soil is arbitrarily set at 200 cm."  Soil taxonomy, 2nd Ed., quoted in http://www.nrcs.usda.gov/wps/portal/nrcs/detail/soils/edu/?cid=nrcs142p2_054280" , "http://purl.obolibrary.org/obo/ENVO_00001998" , "http://www.geneontology.org/formats/oboInOwl#hasDbXref" , "https://en.wikipedia.org/wiki/Soil" ,
 "'In engineering terms, soil is referred to as regolith, or loose rock material that lies above the 'solid geology'. Soil is commonly referred to as "earth" or "dirt"; technically, the term "dirt" should be restricted to displaced soil.' https://en.wikipedia.org/wiki/Soil

" The upper limit of soil is the boundary between soil and air, shallow water, live plants, or plant materials that have not begun to decompose. Areas are not considered to have soil if the surface is permanently covered by water too deep (typically more than 2.5 meters) for the growth of rooted plants.

The lower boundary that separates soil from the nonsoil underneath is most difficult to define. Soil consists of horizons near the Earth's surface that, in contrast to the underlying parent material, have been altered by the interactions of climate, relief, and living organisms over time. Commonly, soil grades at its lower boundary to hard rock or to earthy materials virtually devoid of animals, roots, or other marks of biological activity. For purposes of classification, the lower boundary of soil is arbitrarily set at 200 cm."  Soil taxonomy, 2nd Ed., quoted in http://www.nrcs.usda.gov/wps/portal/nrcs/detail/soils/edu/?cid=nrcs142p2_054280" , "http://purl.obolibrary.org/obo/ENVO_00001998" , "http://www.geneontology.org/formats/oboInOwl#hasBroadSynonym" , "regolith" ,
 "'In engineering terms, soil is referred to as regolith, or loose rock material that lies above the 'solid geology'. Soil is commonly referred to as "earth" or "dirt"; technically, the term "dirt" should be restricted to displaced soil.' https://en.wikipedia.org/wiki/Soil

" The upper limit of soil is the boundary between soil and air, shallow water, live plants, or plant materials that have not begun to decompose. Areas are not considered to have soil if the surface is permanently covered by water too deep (typically more than 2.5 meters) for the growth of rooted plants.

The lower boundary that separates soil from the nonsoil underneath is most difficult to define. Soil consists of horizons near the Earth's surface that, in contrast to the underlying parent material, have been altered by the interactions of climate, relief, and living organisms over time. Commonly, soil grades at its lower boundary to hard rock or to earthy materials virtually devoid of animals, roots, or other marks of biological activity. For purposes of classification, the lower boundary of soil is arbitrarily set at 200 cm."  Soil taxonomy, 2nd Ed., quoted in http://www.nrcs.usda.gov/wps/portal/nrcs/detail/soils/edu/?cid=nrcs142p2_054280" , "http://purl.obolibrary.org/obo/ENVO_00001998" , "http://www.geneontology.org/formats/oboInOwl#inSubset" , "http://purl.obolibrary.org/obo/envo#EnvO-Lite-GSC" ,
 "'In engineering terms, soil is referred to as regolith, or loose rock material that lies above the 'solid geology'. Soil is commonly referred to as "earth" or "dirt"; technically, the term "dirt" should be restricted to displaced soil.' https://en.wikipedia.org/wiki/Soil

" The upper limit of soil is the boundary between soil and air, shallow water, live plants, or plant materials that have not begun to decompose. Areas are not considered to have soil if the surface is permanently covered by water too deep (typically more than 2.5 meters) for the growth of rooted plants.

The lower boundary that separates soil from the nonsoil underneath is most difficult to define. Soil consists of horizons near the Earth's surface that, in contrast to the underlying parent material, have been altered by the interactions of climate, relief, and living organisms over time. Commonly, soil grades at its lower boundary to hard rock or to earthy materials virtually devoid of animals, roots, or other marks of biological activity. For purposes of classification, the lower boundary of soil is arbitrarily set at 200 cm."  Soil taxonomy, 2nd Ed., quoted in http://www.nrcs.usda.gov/wps/portal/nrcs/detail/soils/edu/?cid=nrcs142p2_054280" , "http://purl.obolibrary.org/obo/ENVO_00001998" , "http://www.w3.org/2000/01/rdf-schema#subClassOf" , "http://purl.obolibrary.org/obo/BFO_0000040" ,
 "'In engineering terms, soil is referred to as regolith, or loose rock material that lies above the 'solid geology'. Soil is commonly referred to as "earth" or "dirt"; technically, the term "dirt" should be restricted to displaced soil.' https://en.wikipedia.org/wiki/Soil

" The upper limit of soil is the boundary between soil and air, shallow water, live plants, or plant materials that have not begun to decompose. Areas are not considered to have soil if the surface is permanently covered by water too deep (typically more than 2.5 meters) for the growth of rooted plants.

The lower boundary that separates soil from the nonsoil underneath is most difficult to define. Soil consists of horizons near the Earth's surface that, in contrast to the underlying parent material, have been altered by the interactions of climate, relief, and living organisms over time. Commonly, soil grades at its lower boundary to hard rock or to earthy materials virtually devoid of animals, roots, or other marks of biological activity. For purposes of classification, the lower boundary of soil is arbitrarily set at 200 cm."  Soil taxonomy, 2nd Ed., quoted in http://www.nrcs.usda.gov/wps/portal/nrcs/detail/soils/edu/?cid=nrcs142p2_054280" , "http://purl.obolibrary.org/obo/ENVO_00001998" , "http://www.w3.org/2000/01/rdf-schema#subClassOf" , "http://purl.obolibrary.org/obo/ENVO_00010483" ,
 "'In engineering terms, soil is referred to as regolith, or loose rock material that lies above the 'solid geology'. Soil is commonly referred to as "earth" or "dirt"; technically, the term "dirt" should be restricted to displaced soil.' https://en.wikipedia.org/wiki/Soil

" The upper limit of soil is the boundary between soil and air, shallow water, live plants, or plant materials that have not begun to decompose. Areas are not considered to have soil if the surface is permanently covered by water too deep (typically more than 2.5 meters) for the growth of rooted plants.

The lower boundary that separates soil from the nonsoil underneath is most difficult to define. Soil consists of horizons near the Earth's surface that, in contrast to the underlying parent material, have been altered by the interactions of climate, relief, and living organisms over time. Commonly, soil grades at its lower boundary to hard rock or to earthy materials virtually devoid of animals, roots, or other marks of biological activity. For purposes of classification, the lower boundary of soil is arbitrarily set at 200 cm."  Soil taxonomy, 2nd Ed., quoted in http://www.nrcs.usda.gov/wps/portal/nrcs/detail/soils/edu/?cid=nrcs142p2_054280" , "http://purl.obolibrary.org/obo/ENVO_00001998" , "http://www.w3.org/2000/01/rdf-schema#subClassOf" , "b601" ,
 "'In engineering terms, soil is referred to as regolith, or loose rock material that lies above the 'solid geology'. Soil is commonly referred to as "earth" or "dirt"; technically, the term "dirt" should be restricted to displaced soil.' https://en.wikipedia.org/wiki/Soil

" The upper limit of soil is the boundary between soil and air, shallow water, live plants, or plant materials that have not begun to decompose. Areas are not considered to have soil if the surface is permanently covered by water too deep (typically more than 2.5 meters) for the growth of rooted plants.

The lower boundary that separates soil from the nonsoil underneath is most difficult to define. Soil consists of horizons near the Earth's surface that, in contrast to the underlying parent material, have been altered by the interactions of climate, relief, and living organisms over time. Commonly, soil grades at its lower boundary to hard rock or to earthy materials virtually devoid of animals, roots, or other marks of biological activity. For purposes of classification, the lower boundary of soil is arbitrarily set at 200 cm."  Soil taxonomy, 2nd Ed., quoted in http://www.nrcs.usda.gov/wps/portal/nrcs/detail/soils/edu/?cid=nrcs142p2_054280" , "http://purl.obolibrary.org/obo/ENVO_00001998" , "http://www.w3.org/2000/01/rdf-schema#subClassOf" , "b602" ,
 "'In engineering terms, soil is referred to as regolith, or loose rock material that lies above the 'solid geology'. Soil is commonly referred to as "earth" or "dirt"; technically, the term "dirt" should be restricted to displaced soil.' https://en.wikipedia.org/wiki/Soil

" The upper limit of soil is the boundary between soil and air, shallow water, live plants, or plant materials that have not begun to decompose. Areas are not considered to have soil if the surface is permanently covered by water too deep (typically more than 2.5 meters) for the growth of rooted plants.

The lower boundary that separates soil from the nonsoil underneath is most difficult to define. Soil consists of horizons near the Earth's surface that, in contrast to the underlying parent material, have been altered by the interactions of climate, relief, and living organisms over time. Commonly, soil grades at its lower boundary to hard rock or to earthy materials virtually devoid of animals, roots, or other marks of biological activity. For purposes of classification, the lower boundary of soil is arbitrarily set at 200 cm."  Soil taxonomy, 2nd Ed., quoted in http://www.nrcs.usda.gov/wps/portal/nrcs/detail/soils/edu/?cid=nrcs142p2_054280" , "http://purl.obolibrary.org/obo/ENVO_00001998" , "http://www.w3.org/2000/01/rdf-schema#subClassOf" , "b603" ,
 "'In engineering terms, soil is referred to as regolith, or loose rock material that lies above the 'solid geology'. Soil is commonly referred to as "earth" or "dirt"; technically, the term "dirt" should be restricted to displaced soil.' https://en.wikipedia.org/wiki/Soil

" The upper limit of soil is the boundary between soil and air, shallow water, live plants, or plant materials that have not begun to decompose. Areas are not considered to have soil if the surface is permanently covered by water too deep (typically more than 2.5 meters) for the growth of rooted plants.

The lower boundary that separates soil from the nonsoil underneath is most difficult to define. Soil consists of horizons near the Earth's surface that, in contrast to the underlying parent material, have been altered by the interactions of climate, relief, and living organisms over time. Commonly, soil grades at its lower boundary to hard rock or to earthy materials virtually devoid of animals, roots, or other marks of biological activity. For purposes of classification, the lower boundary of soil is arbitrarily set at 200 cm."  Soil taxonomy, 2nd Ed., quoted in http://www.nrcs.usda.gov/wps/portal/nrcs/detail/soils/edu/?cid=nrcs142p2_054280" , "http://purl.obolibrary.org/obo/ENVO_00001998" , "http://www.w3.org/2000/01/rdf-schema#subClassOf" , "b604" ,
 "'In engineering terms, soil is referred to as regolith, or loose rock material that lies above the 'solid geology'. Soil is commonly referred to as "earth" or "dirt"; technically, the term "dirt" should be restricted to displaced soil.' https://en.wikipedia.org/wiki/Soil

" The upper limit of soil is the boundary between soil and air, shallow water, live plants, or plant materials that have not begun to decompose. Areas are not considered to have soil if the surface is permanently covered by water too deep (typically more than 2.5 meters) for the growth of rooted plants.

The lower boundary that separates soil from the nonsoil underneath is most difficult to define. Soil consists of horizons near the Earth's surface that, in contrast to the underlying parent material, have been altered by the interactions of climate, relief, and living organisms over time. Commonly, soil grades at its lower boundary to hard rock or to earthy materials virtually devoid of animals, roots, or other marks of biological activity. For purposes of classification, the lower boundary of soil is arbitrarily set at 200 cm."  Soil taxonomy, 2nd Ed., quoted in http://www.nrcs.usda.gov/wps/portal/nrcs/detail/soils/edu/?cid=nrcs142p2_054280" , "http://purl.obolibrary.org/obo/ENVO_00001998" , "http://www.w3.org/2000/01/rdf-schema#subClassOf" , "b605" ,
 "'In engineering terms, soil is referred to as regolith, or loose rock material that lies above the 'solid geology'. Soil is commonly referred to as "earth" or "dirt"; technically, the term "dirt" should be restricted to displaced soil.' https://en.wikipedia.org/wiki/Soil

" The upper limit of soil is the boundary between soil and air, shallow water, live plants, or plant materials that have not begun to decompose. Areas are not considered to have soil if the surface is permanently covered by water too deep (typically more than 2.5 meters) for the growth of rooted plants.

The lower boundary that separates soil from the nonsoil underneath is most difficult to define. Soil consists of horizons near the Earth's surface that, in contrast to the underlying parent material, have been altered by the interactions of climate, relief, and living organisms over time. Commonly, soil grades at its lower boundary to hard rock or to earthy materials virtually devoid of animals, roots, or other marks of biological activity. For purposes of classification, the lower boundary of soil is arbitrarily set at 200 cm."  Soil taxonomy, 2nd Ed., quoted in http://www.nrcs.usda.gov/wps/portal/nrcs/detail/soils/edu/?cid=nrcs142p2_054280" , "http://purl.obolibrary.org/obo/ENVO_00001998" , "http://www.w3.org/2000/01/rdf-schema#subClassOf" , "b606" ,
 "'In engineering terms, soil is referred to as regolith, or loose rock material that lies above the 'solid geology'. Soil is commonly referred to as "earth" or "dirt"; technically, the term "dirt" should be restricted to displaced soil.' https://en.wikipedia.org/wiki/Soil

" The upper limit of soil is the boundary between soil and air, shallow water, live plants, or plant materials that have not begun to decompose. Areas are not considered to have soil if the surface is permanently covered by water too deep (typically more than 2.5 meters) for the growth of rooted plants.

The lower boundary that separates soil from the nonsoil underneath is most difficult to define. Soil consists of horizons near the Earth's surface that, in contrast to the underlying parent material, have been altered by the interactions of climate, relief, and living organisms over time. Commonly, soil grades at its lower boundary to hard rock or to earthy materials virtually devoid of animals, roots, or other marks of biological activity. For purposes of classification, the lower boundary of soil is arbitrarily set at 200 cm."  Soil taxonomy, 2nd Ed., quoted in http://www.nrcs.usda.gov/wps/portal/nrcs/detail/soils/edu/?cid=nrcs142p2_054280" , "http://purl.obolibrary.org/obo/ENVO_00001998" , "http://www.w3.org/2000/01/rdf-schema#subClassOf" , "b607" ,
 "This class is distinct from a geometric surface, which is two-dimensional. The idea of "uppermost" may be problematic. Further, the definition of layer (the superclass of surface in rev 133) references surface. This may be another issue. Perhaps this can be made into an inferred class using 'bounding layer of' some material entity, note that 'bounding layer' implies containment, which may not be valid here." , "http://purl.obolibrary.org/obo/ENVO_00010504" , "http://www.w3.org/1999/02/22-rdf-syntax-ns#type" , "http://www.w3.org/2002/07/owl#Class" ,
 "This class is distinct from a geometric surface, which is two-dimensional. The idea of "uppermost" may be problematic. Further, the definition of layer (the superclass of surface in rev 133) references surface. This may be another issue. Perhaps this can be made into an inferred class using 'bounding layer of' some material entity, note that 'bounding layer' implies containment, which may not be valid here." , "http://purl.obolibrary.org/obo/ENVO_00010504" , "http://www.w3.org/2000/01/rdf-schema#comment" , "This class is distinct from a geometric surface, which is two-dimensional. The idea of "uppermost" may be problematic. Further, the definition of layer (the superclass of surface in rev 133) references surface. This may be another issue. Perhaps this can be made into an inferred class using 'bounding layer of' some material entity, note that 'bounding layer' implies containment, which may not be valid here." ,
 "This class is distinct from a geometric surface, which is two-dimensional. The idea of "uppermost" may be problematic. Further, the definition of layer (the superclass of surface in rev 133) references surface. This may be another issue. Perhaps this can be made into an inferred class using 'bounding layer of' some material entity, note that 'bounding layer' implies containment, which may not be valid here." , "http://purl.obolibrary.org/obo/ENVO_00010504" , "http://purl.obolibrary.org/obo/IAO_0000115" , "A surface layer is the uppermost layer of some material entity." ,
 "This class is distinct from a geometric surface, which is two-dimensional. The idea of "uppermost" may be problematic. Further, the definition of layer (the superclass of surface in rev 133) references surface. This may be another issue. Perhaps this can be made into an inferred class using 'bounding layer of' some material entity, note that 'bounding layer' implies containment, which may not be valid here." , "http://purl.obolibrary.org/obo/ENVO_00010504" , "http://www.w3.org/2000/01/rdf-schema#label" , "surface layer" ,
 "This class is distinct from a geometric surface, which is two-dimensional. The idea of "uppermost" may be problematic. Further, the definition of layer (the superclass of surface in rev 133) references surface. This may be another issue. Perhaps this can be made into an inferred class using 'bounding layer of' some material entity, note that 'bounding layer' implies containment, which may not be valid here." , "http://purl.obolibrary.org/obo/ENVO_00010504" , "http://www.geneontology.org/formats/oboInOwl#hasOBONamespace" , "ENVO" ,
 "This class is distinct from a geometric surface, which is two-dimensional. The idea of "uppermost" may be problematic. Further, the definition of layer (the superclass of surface in rev 133) references surface. This may be another issue. Perhaps this can be made into an inferred class using 'bounding layer of' some material entity, note that 'bounding layer' implies containment, which may not be valid here." , "http://purl.obolibrary.org/obo/ENVO_00010504" , "http://www.geneontology.org/formats/oboInOwl#id" , "ENVO:00010504" ,
 "This class is distinct from a geometric surface, which is two-dimensional. The idea of "uppermost" may be problematic. Further, the definition of layer (the superclass of surface in rev 133) references surface. This may be another issue. Perhaps this can be made into an inferred class using 'bounding layer of' some material entity, note that 'bounding layer' implies containment, which may not be valid here." , "http://purl.obolibrary.org/obo/ENVO_00010504" , "http://www.geneontology.org/formats/oboInOwl#hasDbXref" , "EcoLexicon:surface" ,
 "This class is distinct from a geometric surface, which is two-dimensional. The idea of "uppermost" may be problematic. Further, the definition of layer (the superclass of surface in rev 133) references surface. This may be another issue. Perhaps this can be made into an inferred class using 'bounding layer of' some material entity, note that 'bounding layer' implies containment, which may not be valid here." , "http://purl.obolibrary.org/obo/ENVO_00010504" , "http://www.geneontology.org/formats/oboInOwl#hasDbXref" , "SWEETRealm:Surface" ,
 "This class is distinct from a geometric surface, which is two-dimensional. The idea of "uppermost" may be problematic. Further, the definition of layer (the superclass of surface in rev 133) references surface. This may be another issue. Perhaps this can be made into an inferred class using 'bounding layer of' some material entity, note that 'bounding layer' implies containment, which may not be valid here." , "http://purl.obolibrary.org/obo/ENVO_00010504" , "http://www.geneontology.org/formats/oboInOwl#hasDbXref" , "https://en.wikipedia.org/wiki/Surface" ,
 "This class is distinct from a geometric surface, which is two-dimensional. The idea of "uppermost" may be problematic. Further, the definition of layer (the superclass of surface in rev 133) references surface. This may be another issue. Perhaps this can be made into an inferred class using 'bounding layer of' some material entity, note that 'bounding layer' implies containment, which may not be valid here." , "http://purl.obolibrary.org/obo/ENVO_00010504" , "http://www.w3.org/2000/01/rdf-schema#subClassOf" , "http://purl.obolibrary.org/obo/ENVO_01000281" ,
 "surface layer with role "walking substrate" or similar. Indicate it is some sort of "bottom"" , "http://purl.obolibrary.org/obo/ENVO_01000019" , "http://www.w3.org/1999/02/22-rdf-syntax-ns#type" , "http://www.w3.org/2002/07/owl#Class" ,
 "surface layer with role "walking substrate" or similar. Indicate it is some sort of "bottom"" , "http://purl.obolibrary.org/obo/ENVO_01000019" , "http://www.w3.org/2000/01/rdf-schema#comment" , "surface layer with role "walking substrate" or similar. Indicate it is some sort of "bottom"" ,
 "surface layer with role "walking substrate" or similar. Indicate it is some sort of "bottom"" , "http://purl.obolibrary.org/obo/ENVO_01000019" , "http://www.w3.org/2000/01/rdf-schema#label" , "cave floor" ,
 "surface layer with role "walking substrate" or similar. Indicate it is some sort of "bottom"" , "http://purl.obolibrary.org/obo/ENVO_01000019" , "http://www.geneontology.org/formats/oboInOwl#hasOBONamespace" , "ENVO" ,
 "surface layer with role "walking substrate" or similar. Indicate it is some sort of "bottom"" , "http://purl.obolibrary.org/obo/ENVO_01000019" , "http://www.geneontology.org/formats/oboInOwl#id" , "ENVO:01000019" ,
 "surface layer with role "walking substrate" or similar. Indicate it is some sort of "bottom"" , "http://purl.obolibrary.org/obo/ENVO_01000019" , "http://www.w3.org/2000/01/rdf-schema#subClassOf" , "http://purl.obolibrary.org/obo/ENVO_00010504" ,
 "surface layer with role "walking substrate" or similar. Indicate it is some sort of "bottom"" , "http://purl.obolibrary.org/obo/ENVO_01000019" , "http://www.w3.org/2000/01/rdf-schema#subClassOf" , "b608" ,
 "ENVO contains this top-level class, but all instances will be in GAZ. The definition is preliminary and will be aligned to BFO.
https://en.wikipedia.org/wiki/  Ecozones correspond to the floristic kingdoms of botany or zoogeographic regions of zoology. Ecozones are characterized by the evolutionary history of the organisms they contain. They are distinct from biomes, also known as major habitat types, which are divisions of the Earth's surface based on life form, or the adaptation of plants and animals to climatic, soil, and other conditions. Biomes are characterized by similar climax vegetation. Each ecozone may include a number of different biomes. A tropical moist broadleaf forest in Central America, for example, may be similar to one in New Guinea in its vegetation type and structure, climate, soils, etc., but these forests are inhabited by plants and animals with very different evolutionary histories." , "http://purl.obolibrary.org/obo/ENVO_01000280" , "http://www.w3.org/1999/02/22-rdf-syntax-ns#type" , "http://www.w3.org/2002/07/owl#Class" ,
 "ENVO contains this top-level class, but all instances will be in GAZ. The definition is preliminary and will be aligned to BFO.
https://en.wikipedia.org/wiki/  Ecozones correspond to the floristic kingdoms of botany or zoogeographic regions of zoology. Ecozones are characterized by the evolutionary history of the organisms they contain. They are distinct from biomes, also known as major habitat types, which are divisions of the Earth's surface based on life form, or the adaptation of plants and animals to climatic, soil, and other conditions. Biomes are characterized by similar climax vegetation. Each ecozone may include a number of different biomes. A tropical moist broadleaf forest in Central America, for example, may be similar to one in New Guinea in its vegetation type and structure, climate, soils, etc., but these forests are inhabited by plants and animals with very different evolutionary histories." , "http://purl.obolibrary.org/obo/ENVO_01000280" , "http://www.w3.org/2000/01/rdf-schema#comment" , "ENVO contains this top-level class, but all instances will be in GAZ. The definition is preliminary and will be aligned to BFO.
https://en.wikipedia.org/wiki/  Ecozones correspond to the floristic kingdoms of botany or zoogeographic regions of zoology. Ecozones are characterized by the evolutionary history of the organisms they contain. They are distinct from biomes, also known as major habitat types, which are divisions of the Earth's surface based on life form, or the adaptation of plants and animals to climatic, soil, and other conditions. Biomes are characterized by similar climax vegetation. Each ecozone may include a number of different biomes. A tropical moist broadleaf forest in Central America, for example, may be similar to one in New Guinea in its vegetation type and structure, climate, soils, etc., but these forests are inhabited by plants and animals with very different evolutionary histories." ,
 "ENVO contains this top-level class, but all instances will be in GAZ. The definition is preliminary and will be aligned to BFO.
https://en.wikipedia.org/wiki/  Ecozones correspond to the floristic kingdoms of botany or zoogeographic regions of zoology. Ecozones are characterized by the evolutionary history of the organisms they contain. They are distinct from biomes, also known as major habitat types, which are divisions of the Earth's surface based on life form, or the adaptation of plants and animals to climatic, soil, and other conditions. Biomes are characterized by similar climax vegetation. Each ecozone may include a number of different biomes. A tropical moist broadleaf forest in Central America, for example, may be similar to one in New Guinea in its vegetation type and structure, climate, soils, etc., but these forests are inhabited by plants and animals with very different evolutionary histories." , "http://purl.obolibrary.org/obo/ENVO_01000280" , "http://purl.obolibrary.org/obo/IAO_0000115" , "Ecozones delineate large areas of the Earth's surface within which organisms have been evolving in relative isolation over long periods of time, separated from one another by geographic features, such as oceans, broad deserts, or high mountain ranges, that constitute barriers to migration." ,
 "ENVO contains this top-level class, but all instances will be in GAZ. The definition is preliminary and will be aligned to BFO.
https://en.wikipedia.org/wiki/  Ecozones correspond to the floristic kingdoms of botany or zoogeographic regions of zoology. Ecozones are characterized by the evolutionary history of the organisms they contain. They are distinct from biomes, also known as major habitat types, which are divisions of the Earth's surface based on life form, or the adaptation of plants and animals to climatic, soil, and other conditions. Biomes are characterized by similar climax vegetation. Each ecozone may include a number of different biomes. A tropical moist broadleaf forest in Central America, for example, may be similar to one in New Guinea in its vegetation type and structure, climate, soils, etc., but these forests are inhabited by plants and animals with very different evolutionary histories." , "http://purl.obolibrary.org/obo/ENVO_01000280" , "http://www.w3.org/2000/01/rdf-schema#label" , "ecozone" ,
 "ENVO contains this top-level class, but all instances will be in GAZ. The definition is preliminary and will be aligned to BFO.
https://en.wikipedia.org/wiki/  Ecozones correspond to the floristic kingdoms of botany or zoogeographic regions of zoology. Ecozones are characterized by the evolutionary history of the organisms they contain. They are distinct from biomes, also known as major habitat types, which are divisions of the Earth's surface based on life form, or the adaptation of plants and animals to climatic, soil, and other conditions. Biomes are characterized by similar climax vegetation. Each ecozone may include a number of different biomes. A tropical moist broadleaf forest in Central America, for example, may be similar to one in New Guinea in its vegetation type and structure, climate, soils, etc., but these forests are inhabited by plants and animals with very different evolutionary histories." , "http://purl.obolibrary.org/obo/ENVO_01000280" , "http://www.geneontology.org/formats/oboInOwl#hasOBONamespace" , "ENVO" ,
 "ENVO contains this top-level class, but all instances will be in GAZ. The definition is preliminary and will be aligned to BFO.
https://en.wikipedia.org/wiki/  Ecozones correspond to the floristic kingdoms of botany or zoogeographic regions of zoology. Ecozones are characterized by the evolutionary history of the organisms they contain. They are distinct from biomes, also known as major habitat types, which are divisions of the Earth's surface based on life form, or the adaptation of plants and animals to climatic, soil, and other conditions. Biomes are characterized by similar climax vegetation. Each ecozone may include a number of different biomes. A tropical moist broadleaf forest in Central America, for example, may be similar to one in New Guinea in its vegetation type and structure, climate, soils, etc., but these forests are inhabited by plants and animals with very different evolutionary histories." , "http://purl.obolibrary.org/obo/ENVO_01000280" , "http://www.geneontology.org/formats/oboInOwl#id" , "ENVO:01000280" ,
 "ENVO contains this top-level class, but all instances will be in GAZ. The definition is preliminary and will be aligned to BFO.
https://en.wikipedia.org/wiki/  Ecozones correspond to the floristic kingdoms of botany or zoogeographic regions of zoology. Ecozones are characterized by the evolutionary history of the organisms they contain. They are distinct from biomes, also known as major habitat types, which are divisions of the Earth's surface based on life form, or the adaptation of plants and animals to climatic, soil, and other conditions. Biomes are characterized by similar climax vegetation. Each ecozone may include a number of different biomes. A tropical moist broadleaf forest in Central America, for example, may be similar to one in New Guinea in its vegetation type and structure, climate, soils, etc., but these forests are inhabited by plants and animals with very different evolutionary histories." , "http://purl.obolibrary.org/obo/ENVO_01000280" , "http://www.geneontology.org/formats/oboInOwl#created_by" , "ORCID:0000-0002-4366-3088" ,
 "ENVO contains this top-level class, but all instances will be in GAZ. The definition is preliminary and will be aligned to BFO.
https://en.wikipedia.org/wiki/  Ecozones correspond to the floristic kingdoms of botany or zoogeographic regions of zoology. Ecozones are characterized by the evolutionary history of the organisms they contain. They are distinct from biomes, also known as major habitat types, which are divisions of the Earth's surface based on life form, or the adaptation of plants and animals to climatic, soil, and other conditions. Biomes are characterized by similar climax vegetation. Each ecozone may include a number of different biomes. A tropical moist broadleaf forest in Central America, for example, may be similar to one in New Guinea in its vegetation type and structure, climate, soils, etc., but these forests are inhabited by plants and animals with very different evolutionary histories." , "http://purl.obolibrary.org/obo/ENVO_01000280" , "http://www.geneontology.org/formats/oboInOwl#creation_date" , "2013-10-13T18:32:46Z" ,
 "ENVO contains this top-level class, but all instances will be in GAZ. The definition is preliminary and will be aligned to BFO.
https://en.wikipedia.org/wiki/  Ecozones correspond to the floristic kingdoms of botany or zoogeographic regions of zoology. Ecozones are characterized by the evolutionary history of the organisms they contain. They are distinct from biomes, also known as major habitat types, which are divisions of the Earth's surface based on life form, or the adaptation of plants and animals to climatic, soil, and other conditions. Biomes are characterized by similar climax vegetation. Each ecozone may include a number of different biomes. A tropical moist broadleaf forest in Central America, for example, may be similar to one in New Guinea in its vegetation type and structure, climate, soils, etc., but these forests are inhabited by plants and animals with very different evolutionary histories." , "http://purl.obolibrary.org/obo/ENVO_01000280" , "http://www.w3.org/2000/01/rdf-schema#subClassOf" , "http://purl.obolibrary.org/obo/BFO_0000040" ,
 "ENVO contains this top-level class, but all instances will be in GAZ. The definition is preliminary and will be aligned to BFO.
https://en.wikipedia.org/wiki/  Ecozones correspond to the floristic kingdoms of botany or zoogeographic regions of zoology. Ecozones are characterized by the evolutionary history of the organisms they contain. They are distinct from biomes, also known as major habitat types, which are divisions of the Earth's surface based on life form, or the adaptation of plants and animals to climatic, soil, and other conditions. Biomes are characterized by similar climax vegetation. Each ecozone may include a number of different biomes. A tropical moist broadleaf forest in Central America, for example, may be similar to one in New Guinea in its vegetation type and structure, climate, soils, etc., but these forests are inhabited by plants and animals with very different evolutionary histories." , "http://purl.obolibrary.org/obo/ENVO_01000280" , "http://www.w3.org/2000/01/rdf-schema#subClassOf" , "b609" ,
 "This is kept as a general class. One can specify subclasses by identifying the protruding material (e.g. rock outcroup, mineral outcrop, etc ) and the material(s) the protrusion emerges from. Possible logical definition:   A portion of ENVO:environmental material which has_quality PATO:"protruding out of" a ENVO:surface layer of an ENVO:environmental material." , "http://purl.obolibrary.org/obo/ENVO_01000302" , "http://www.w3.org/1999/02/22-rdf-syntax-ns#type" , "http://www.w3.org/2002/07/owl#Class" ,
 "This is kept as a general class. One can specify subclasses by identifying the protruding material (e.g. rock outcroup, mineral outcrop, etc ) and the material(s) the protrusion emerges from. Possible logical definition:   A portion of ENVO:environmental material which has_quality PATO:"protruding out of" a ENVO:surface layer of an ENVO:environmental material." , "http://purl.obolibrary.org/obo/ENVO_01000302" , "http://www.w3.org/2000/01/rdf-schema#comment" , "This is kept as a general class. One can specify subclasses by identifying the protruding material (e.g. rock outcroup, mineral outcrop, etc ) and the material(s) the protrusion emerges from. Possible logical definition:   A portion of ENVO:environmental material which has_quality PATO:"protruding out of" a ENVO:surface layer of an ENVO:environmental material." ,
 "This is kept as a general class. One can specify subclasses by identifying the protruding material (e.g. rock outcroup, mineral outcrop, etc ) and the material(s) the protrusion emerges from. Possible logical definition:   A portion of ENVO:environmental material which has_quality PATO:"protruding out of" a ENVO:surface layer of an ENVO:environmental material." , "http://purl.obolibrary.org/obo/ENVO_01000302" , "http://purl.obolibrary.org/obo/IAO_0000115" , "A portion of environmental material which protrudes through a surface layer." ,
 "This is kept as a general class. One can specify subclasses by identifying the protruding material (e.g. rock outcroup, mineral outcrop, etc ) and the material(s) the protrusion emerges from. Possible logical definition:   A portion of ENVO:environmental material which has_quality PATO:"protruding out of" a ENVO:surface layer of an ENVO:environmental material." , "http://purl.obolibrary.org/obo/ENVO_01000302" , "http://www.w3.org/2000/01/rdf-schema#label" , "outcrop" ,
 "This is kept as a general class. One can specify subclasses by identifying the protruding material (e.g. rock outcroup, mineral outcrop, etc ) and the material(s) the protrusion emerges from. Possible logical definition:   A portion of ENVO:environmental material which has_quality PATO:"protruding out of" a ENVO:surface layer of an ENVO:environmental material." , "http://purl.obolibrary.org/obo/ENVO_01000302" , "http://www.geneontology.org/formats/oboInOwl#hasOBONamespace" , "ENVO" ,
 "This is kept as a general class. One can specify subclasses by identifying the protruding material (e.g. rock outcroup, mineral outcrop, etc ) and the material(s) the protrusion emerges from. Possible logical definition:   A portion of ENVO:environmental material which has_quality PATO:"protruding out of" a ENVO:surface layer of an ENVO:environmental material." , "http://purl.obolibrary.org/obo/ENVO_01000302" , "http://www.geneontology.org/formats/oboInOwl#id" , "ENVO:01000302" ,
 "This is kept as a general class. One can specify subclasses by identifying the protruding material (e.g. rock outcroup, mineral outcrop, etc ) and the material(s) the protrusion emerges from. Possible logical definition:   A portion of ENVO:environmental material which has_quality PATO:"protruding out of" a ENVO:surface layer of an ENVO:environmental material." , "http://purl.obolibrary.org/obo/ENVO_01000302" , "http://www.geneontology.org/formats/oboInOwl#created_by" , "ORCID:0000-0002-4366-3088" ,
 "This is kept as a general class. One can specify subclasses by identifying the protruding material (e.g. rock outcroup, mineral outcrop, etc ) and the material(s) the protrusion emerges from. Possible logical definition:   A portion of ENVO:environmental material which has_quality PATO:"protruding out of" a ENVO:surface layer of an ENVO:environmental material." , "http://purl.obolibrary.org/obo/ENVO_01000302" , "http://www.geneontology.org/formats/oboInOwl#creation_date" , "2014-04-24T13:12:49Z" ,
 "This is kept as a general class. One can specify subclasses by identifying the protruding material (e.g. rock outcroup, mineral outcrop, etc ) and the material(s) the protrusion emerges from. Possible logical definition:   A portion of ENVO:environmental material which has_quality PATO:"protruding out of" a ENVO:surface layer of an ENVO:environmental material." , "http://purl.obolibrary.org/obo/ENVO_01000302" , "http://www.w3.org/2000/01/rdf-schema#subClassOf" , "http://purl.obolibrary.org/obo/ENVO_00000191" ,
 "This is kept as a general class. One can specify subclasses by identifying the protruding material (e.g. rock outcroup, mineral outcrop, etc ) and the material(s) the protrusion emerges from. Possible logical definition:   A portion of ENVO:environmental material which has_quality PATO:"protruding out of" a ENVO:surface layer of an ENVO:environmental material." , "http://purl.obolibrary.org/obo/ENVO_01000302" , "http://www.w3.org/2000/01/rdf-schema#subClassOf" , "b610" ,
 "The DCM may or may not indicate greater abundance of photosynthetic, chlorophyll-bearing cells, as shade-adapted cells may have a greater chlorophyll to biomass ration than surface variants. Further, some DCMs may be formed by the sinking of cells from surface zones or the subduction of surface waters, rather than through biotic, community-level processess." , "http://purl.obolibrary.org/obo/ENVO_01000326" , "http://www.w3.org/1999/02/22-rdf-syntax-ns#type" , "http://www.w3.org/2002/07/owl#Class" ,
 "The DCM may or may not indicate greater abundance of photosynthetic, chlorophyll-bearing cells, as shade-adapted cells may have a greater chlorophyll to biomass ration than surface variants. Further, some DCMs may be formed by the sinking of cells from surface zones or the subduction of surface waters, rather than through biotic, community-level processess." , "http://purl.obolibrary.org/obo/ENVO_01000326" , "http://www.w3.org/2000/01/rdf-schema#comment" , "The DCM may or may not indicate greater abundance of photosynthetic, chlorophyll-bearing cells, as shade-adapted cells may have a greater chlorophyll to biomass ration than surface variants. Further, some DCMs may be formed by the sinking of cells from surface zones or the subduction of surface waters, rather than through biotic, community-level processess." ,
 "The DCM may or may not indicate greater abundance of photosynthetic, chlorophyll-bearing cells, as shade-adapted cells may have a greater chlorophyll to biomass ration than surface variants. Further, some DCMs may be formed by the sinking of cells from surface zones or the subduction of surface waters, rather than through biotic, community-level processess." , "http://purl.obolibrary.org/obo/ENVO_01000326" , "http://purl.obolibrary.org/obo/IAO_0000115" , "A subsurface layer in a water body, typically an ocean or lake, in which chlorophyll concentrations reach their maximum." ,
 "The DCM may or may not indicate greater abundance of photosynthetic, chlorophyll-bearing cells, as shade-adapted cells may have a greater chlorophyll to biomass ration than surface variants. Further, some DCMs may be formed by the sinking of cells from surface zones or the subduction of surface waters, rather than through biotic, community-level processess." , "http://purl.obolibrary.org/obo/ENVO_01000326" , "http://www.w3.org/2000/01/rdf-schema#label" , "deep chlorophyll maximum layer" ,
 "The DCM may or may not indicate greater abundance of photosynthetic, chlorophyll-bearing cells, as shade-adapted cells may have a greater chlorophyll to biomass ration than surface variants. Further, some DCMs may be formed by the sinking of cells from surface zones or the subduction of surface waters, rather than through biotic, community-level processess." , "http://purl.obolibrary.org/obo/ENVO_01000326" , "http://purl.obolibrary.org/obo/IAO_0000116" , "Logical def is incomplete. Need to express the idea of maximum chlorophyll. This could follow a pattern like:

X has_maximum_levels_of Y relative_to Z, i.e. DCM has_maximum_levels_of chlorophyll relative_to  subsurface_aquatic_layer

May also be useful to include has_decreased_levels_of light intensity relative_to surface aquatic layer

Further discussion in Issue #126." ,
 "The DCM may or may not indicate greater abundance of photosynthetic, chlorophyll-bearing cells, as shade-adapted cells may have a greater chlorophyll to biomass ration than surface variants. Further, some DCMs may be formed by the sinking of cells from surface zones or the subduction of surface waters, rather than through biotic, community-level processess." , "http://purl.obolibrary.org/obo/ENVO_01000326" , "http://www.geneontology.org/formats/oboInOwl#hasExactSynonym" , "DCM" ,
 "The DCM may or may not indicate greater abundance of photosynthetic, chlorophyll-bearing cells, as shade-adapted cells may have a greater chlorophyll to biomass ration than surface variants. Further, some DCMs may be formed by the sinking of cells from surface zones or the subduction of surface waters, rather than through biotic, community-level processess." , "http://purl.obolibrary.org/obo/ENVO_01000326" , "http://www.geneontology.org/formats/oboInOwl#created_by" , "ORCID:0000-0002-4366-3088" ,
 "The DCM may or may not indicate greater abundance of photosynthetic, chlorophyll-bearing cells, as shade-adapted cells may have a greater chlorophyll to biomass ration than surface variants. Further, some DCMs may be formed by the sinking of cells from surface zones or the subduction of surface waters, rather than through biotic, community-level processess." , "http://purl.obolibrary.org/obo/ENVO_01000326" , "http://www.geneontology.org/formats/oboInOwl#hasRelatedSynonym" , "subsurface chlorophyll maximum layer" ,
 "The DCM may or may not indicate greater abundance of photosynthetic, chlorophyll-bearing cells, as shade-adapted cells may have a greater chlorophyll to biomass ration than surface variants. Further, some DCMs may be formed by the sinking of cells from surface zones or the subduction of surface waters, rather than through biotic, community-level processess." , "http://purl.obolibrary.org/obo/ENVO_01000326" , "http://www.w3.org/2000/01/rdf-schema#subClassOf" , "http://purl.obolibrary.org/obo/ENVO_01000325" ,
 "The DCM may or may not indicate greater abundance of photosynthetic, chlorophyll-bearing cells, as shade-adapted cells may have a greater chlorophyll to biomass ration than surface variants. Further, some DCMs may be formed by the sinking of cells from surface zones or the subduction of surface waters, rather than through biotic, community-level processess." , "http://purl.obolibrary.org/obo/ENVO_01000326" , "http://www.w3.org/2000/01/rdf-schema#subClassOf" , "b611" ,
 "The DCM may or may not indicate greater abundance of photosynthetic, chlorophyll-bearing cells, as shade-adapted cells may have a greater chlorophyll to biomass ration than surface variants. Further, some DCMs may be formed by the sinking of cells from surface zones or the subduction of surface waters, rather than through biotic, community-level processess." , "http://purl.obolibrary.org/obo/ENVO_01000326" , "http://www.w3.org/2000/01/rdf-schema#subClassOf" , "b612" ,
 "Not recommended for annotation. This class is likely to be made into an inferred class as its subclasses are distributed among more meaningful superclasses (i.e. ceiling is_a surface layer). See for example, "building floor". The boundaries between building parts may be bona fide or fiat." , "http://purl.obolibrary.org/obo/ENVO_01000420" , "http://www.w3.org/1999/02/22-rdf-syntax-ns#type" , "http://www.w3.org/2002/07/owl#Class" ,
 "Not recommended for annotation. This class is likely to be made into an inferred class as its subclasses are distributed among more meaningful superclasses (i.e. ceiling is_a surface layer). See for example, "building floor". The boundaries between building parts may be bona fide or fiat." , "http://purl.obolibrary.org/obo/ENVO_01000420" , "http://www.w3.org/2000/01/rdf-schema#comment" , "Not recommended for annotation. This class is likely to be made into an inferred class as its subclasses are distributed among more meaningful superclasses (i.e. ceiling is_a surface layer). See for example, "building floor". The boundaries between building parts may be bona fide or fiat." ,
 "Not recommended for annotation. This class is likely to be made into an inferred class as its subclasses are distributed among more meaningful superclasses (i.e. ceiling is_a surface layer). See for example, "building floor". The boundaries between building parts may be bona fide or fiat." , "http://purl.obolibrary.org/obo/ENVO_01000420" , "http://purl.obolibrary.org/obo/IAO_0000115" , "A building part is a construction which is part of a building." ,
 "Not recommended for annotation. This class is likely to be made into an inferred class as its subclasses are distributed among more meaningful superclasses (i.e. ceiling is_a surface layer). See for example, "building floor". The boundaries between building parts may be bona fide or fiat." , "http://purl.obolibrary.org/obo/ENVO_01000420" , "http://www.w3.org/2000/01/rdf-schema#label" , "building part" ,
 "Not recommended for annotation. This class is likely to be made into an inferred class as its subclasses are distributed among more meaningful superclasses (i.e. ceiling is_a surface layer). See for example, "building floor". The boundaries between building parts may be bona fide or fiat." , "http://purl.obolibrary.org/obo/ENVO_01000420" , "http://www.w3.org/2000/01/rdf-schema#subClassOf" , "http://purl.obolibrary.org/obo/ENVO_00000070" ,
 "Not recommended for annotation. This class is likely to be made into an inferred class as its subclasses are distributed among more meaningful superclasses (i.e. ceiling is_a surface layer). See for example, "building floor". The boundaries between building parts may be bona fide or fiat." , "http://purl.obolibrary.org/obo/ENVO_01000420" , "http://www.w3.org/2000/01/rdf-schema#subClassOf" , "b613" ,
 "This could be moved to "surface layer" like other floors, although more thought has to be given to "floor": a role of a surface layer?
"The hole in the slab should not be larger than 25 centimeters (9.8 inches) to prevent children falling in." https://en.wikipedia.org/wiki/Pit_latrine" , "http://purl.obolibrary.org/obo/ENVO_01000520" , "http://www.w3.org/1999/02/22-rdf-syntax-ns#type" , "http://www.w3.org/2002/07/owl#Class" ,
 "This could be moved to "surface layer" like other floors, although more thought has to be given to "floor": a role of a surface layer?
"The hole in the slab should not be larger than 25 centimeters (9.8 inches) to prevent children falling in." https://en.wikipedia.org/wiki/Pit_latrine" , "http://purl.obolibrary.org/obo/ENVO_01000520" , "http://www.w3.org/2000/01/rdf-schema#comment" , "This could be moved to "surface layer" like other floors, although more thought has to be given to "floor": a role of a surface layer?
"The hole in the slab should not be larger than 25 centimeters (9.8 inches) to prevent children falling in." https://en.wikipedia.org/wiki/Pit_latrine" ,
 "This could be moved to "surface layer" like other floors, although more thought has to be given to "floor": a role of a surface layer?
"The hole in the slab should not be larger than 25 centimeters (9.8 inches) to prevent children falling in." https://en.wikipedia.org/wiki/Pit_latrine" , "http://purl.obolibrary.org/obo/ENVO_01000520" , "http://purl.obolibrary.org/obo/IAO_0000115" , "A latrine slab is a  broad, flat, thick piece of solid material (typically stone or concrete) used as the floor of a latrine and which includes a hole through which excreta are deposited into a latrine pit." ,
 "This could be moved to "surface layer" like other floors, although more thought has to be given to "floor": a role of a surface layer?
"The hole in the slab should not be larger than 25 centimeters (9.8 inches) to prevent children falling in." https://en.wikipedia.org/wiki/Pit_latrine" , "http://purl.obolibrary.org/obo/ENVO_01000520" , "http://www.w3.org/2000/01/rdf-schema#label" , "latrine slab" ,
 "This could be moved to "surface layer" like other floors, although more thought has to be given to "floor": a role of a surface layer?
"The hole in the slab should not be larger than 25 centimeters (9.8 inches) to prevent children falling in." https://en.wikipedia.org/wiki/Pit_latrine" , "http://purl.obolibrary.org/obo/ENVO_01000520" , "http://www.geneontology.org/formats/oboInOwl#created_by" , "ORCID:0000-0002-4366-3088" ,
 "This could be moved to "surface layer" like other floors, although more thought has to be given to "floor": a role of a surface layer?
"The hole in the slab should not be larger than 25 centimeters (9.8 inches) to prevent children falling in." https://en.wikipedia.org/wiki/Pit_latrine" , "http://purl.obolibrary.org/obo/ENVO_01000520" , "http://www.w3.org/2000/01/rdf-schema#subClassOf" , "http://purl.obolibrary.org/obo/ENVO_00000070" ,
 "Land may more properly be represented as part of a planetary surface rather than a sublcass." , "http://purl.obolibrary.org/obo/ENVO_01000635" , "http://www.w3.org/1999/02/22-rdf-syntax-ns#type" , "http://www.w3.org/2002/07/owl#Class" ,
 "Land may more properly be represented as part of a planetary surface rather than a sublcass." , "http://purl.obolibrary.org/obo/ENVO_01000635" , "http://www.w3.org/2000/01/rdf-schema#comment" , "Land may more properly be represented as part of a planetary surface rather than a sublcass." ,
 "Land may more properly be represented as part of a planetary surface rather than a sublcass." , "http://purl.obolibrary.org/obo/ENVO_01000635" , "http://purl.obolibrary.org/obo/IAO_0000115" , "Land is a planetary surface that is not covered by liquid." ,
 "Land may more properly be represented as part of a planetary surface rather than a sublcass." , "http://purl.obolibrary.org/obo/ENVO_01000635" , "http://www.w3.org/2000/01/rdf-schema#label" , "land" ,
 "Land may more properly be represented as part of a planetary surface rather than a sublcass." , "http://purl.obolibrary.org/obo/ENVO_01000635" , "http://www.geneontology.org/formats/oboInOwl#hasRelatedSynonym" , "ground" ,
 "Land may more properly be represented as part of a planetary surface rather than a sublcass." , "http://purl.obolibrary.org/obo/ENVO_01000635" , "http://www.w3.org/2000/01/rdf-schema#subClassOf" , "http://purl.obolibrary.org/obo/ENVO_01000324" ,
 "Land may more properly be represented as part of a planetary surface rather than a sublcass." , "http://purl.obolibrary.org/obo/ENVO_01000635" , "http://www.w3.org/2000/01/rdf-schema#subClassOf" , "b614" ,
 "Land may more properly be represented as part of a planetary surface rather than a sublcass." , "http://purl.obolibrary.org/obo/ENVO_01000635" , "http://www.w3.org/2000/01/rdf-schema#subClassOf" , "b615" ,
 "Notes: need to capture that this is an increase in surface area (where boundaries allow) and density. Also need to capture this is a rapid/acute expansion. TODO: import PATO" , "http://purl.obolibrary.org/obo/ENVO_02500018" , "http://www.w3.org/1999/02/22-rdf-syntax-ns#type" , "http://www.w3.org/2002/07/owl#Class" ,
 "Notes: need to capture that this is an increase in surface area (where boundaries allow) and density. Also need to capture this is a rapid/acute expansion. TODO: import PATO" , "http://purl.obolibrary.org/obo/ENVO_02500018" , "http://www.w3.org/2000/01/rdf-schema#comment" , "Notes: need to capture that this is an increase in surface area (where boundaries allow) and density. Also need to capture this is a rapid/acute expansion. TODO: import PATO" ,
 "Notes: need to capture that this is an increase in surface area (where boundaries allow) and density. Also need to capture this is a rapid/acute expansion. TODO: import PATO" , "http://purl.obolibrary.org/obo/ENVO_02500018" , "http://www.w3.org/2000/01/rdf-schema#label" , "algal bloom process" ,
 "Notes: need to capture that this is an increase in surface area (where boundaries allow) and density. Also need to capture this is a rapid/acute expansion. TODO: import PATO" , "http://purl.obolibrary.org/obo/ENVO_02500018" , "http://www.w3.org/2000/01/rdf-schema#subClassOf" , "http://purl.obolibrary.org/obo/ENVO_02500000" ,
 "Notes: need to capture that this is an increase in surface area (where boundaries allow) and density. Also need to capture this is a rapid/acute expansion. TODO: import PATO" , "http://purl.obolibrary.org/obo/ENVO_02500018" , "http://www.w3.org/2000/01/rdf-schema#subClassOf" , "b616" ,
 "Notes: need to capture that this is an increase in surface area (where boundaries allow) and density. Also need to capture this is a rapid/acute expansion. TODO: import PATO" , "http://purl.obolibrary.org/obo/ENVO_02500018" , "http://www.w3.org/2000/01/rdf-schema#subClassOf" , "b617" ,
 "Notes: need to capture that this is an increase in surface area (where boundaries allow) and density. Also need to capture this is a rapid/acute expansion. TODO: import PATO" , "http://purl.obolibrary.org/obo/ENVO_02500018" , "http://www.w3.org/2000/01/rdf-schema#subClassOf" , "b618" ,
 "Can be linked to a solutional environmental process and acidic groundwater." , "http://purl.obolibrary.org/obo/ENVO_01000359" , "http://www.w3.org/1999/02/22-rdf-syntax-ns#type" , "http://www.w3.org/2002/07/owl#Class" ,
 "Can be linked to a solutional environmental process and acidic groundwater." , "http://purl.obolibrary.org/obo/ENVO_01000359" , "http://www.w3.org/2000/01/rdf-schema#comment" , "Can be linked to a solutional environmental process and acidic groundwater." ,
 "Can be linked to a solutional environmental process and acidic groundwater." , "http://purl.obolibrary.org/obo/ENVO_01000359" , "http://purl.obolibrary.org/obo/IAO_0000115" , "A cave formed in limestone, usually by dissolution of limestone by acidic groundwater. " ,
 "Can be linked to a solutional environmental process and acidic groundwater." , "http://purl.obolibrary.org/obo/ENVO_01000359" , "http://www.w3.org/2000/01/rdf-schema#label" , "limestone cave" ,
 "Can be linked to a solutional environmental process and acidic groundwater." , "http://purl.obolibrary.org/obo/ENVO_01000359" , "http://www.w3.org/2000/01/rdf-schema#subClassOf" , "http://purl.obolibrary.org/obo/ENVO_01000360" ,
 "Can be linked to a solutional environmental process and acidic groundwater." , "http://purl.obolibrary.org/obo/ENVO_01000360" , "http://www.w3.org/1999/02/22-rdf-syntax-ns#type" , "http://www.w3.org/2002/07/owl#Class" ,
 "Can be linked to a solutional environmental process and acidic groundwater." , "http://purl.obolibrary.org/obo/ENVO_01000360" , "http://www.w3.org/2000/01/rdf-schema#comment" , "Can be linked to a solutional environmental process and acidic groundwater." ,
 "Can be linked to a solutional environmental process and acidic groundwater." , "http://purl.obolibrary.org/obo/ENVO_01000360" , "http://purl.obolibrary.org/obo/IAO_0000115" , "A cave formed by the dissolution of soluble rock or other solid material such as limestone, chalk, dolomite, gypsum, salt or marble." ,
 "Can be linked to a solutional environmental process and acidic groundwater." , "http://purl.obolibrary.org/obo/ENVO_01000360" , "http://www.w3.org/2000/01/rdf-schema#label" , "solutional cave" ,
 "Can be linked to a solutional environmental process and acidic groundwater." , "http://purl.obolibrary.org/obo/ENVO_01000360" , "http://www.w3.org/2000/01/rdf-schema#subClassOf" , "http://purl.obolibrary.org/obo/ENVO_00000067" ,
 " An observation is an assertion that an entity (e.g., biological organisms, geographic locations, or environmental features, among others) was observed by an observer. An observation primarily serves to group a set of measurements together into a single "observation event". Observations are often made within a broader context. The context of an observation is given by other observations, implying that an observed entity (and specifically each corresponding measurement) contextualizes another observed entity (and its corresponding measurements). For example, an observation associated with a location may serve as context for an observation associated with an organism. In this case, the observed characteristic values of the location (such as humidity) are assumed constant for the corresponding measurements of the organism." , "http://ecoinformatics.org/oboe/oboe.1.2/oboe-core.owl#Observation" , "http://www.w3.org/1999/02/22-rdf-syntax-ns#type" , "http://www.w3.org/2002/07/owl#Class" ,
 " An observation is an assertion that an entity (e.g., biological organisms, geographic locations, or environmental features, among others) was observed by an observer. An observation primarily serves to group a set of measurements together into a single "observation event". Observations are often made within a broader context. The context of an observation is given by other observations, implying that an observed entity (and specifically each corresponding measurement) contextualizes another observed entity (and its corresponding measurements). For example, an observation associated with a location may serve as context for an observation associated with an organism. In this case, the observed characteristic values of the location (such as humidity) are assumed constant for the corresponding measurements of the organism." , "http://ecoinformatics.org/oboe/oboe.1.2/oboe-core.owl#Observation" , "http://www.w3.org/2000/01/rdf-schema#comment" , " An observation is an assertion that an entity (e.g., biological organisms, geographic locations, or environmental features, among others) was observed by an observer. An observation primarily serves to group a set of measurements together into a single "observation event". Observations are often made within a broader context. The context of an observation is given by other observations, implying that an observed entity (and specifically each corresponding measurement) contextualizes another observed entity (and its corresponding measurements). For example, an observation associated with a location may serve as context for an observation associated with an organism. In this case, the observed characteristic values of the location (such as humidity) are assumed constant for the corresponding measurements of the organism." ,
 " An observation is an assertion that an entity (e.g., biological organisms, geographic locations, or environmental features, among others) was observed by an observer. An observation primarily serves to group a set of measurements together into a single "observation event". Observations are often made within a broader context. The context of an observation is given by other observations, implying that an observed entity (and specifically each corresponding measurement) contextualizes another observed entity (and its corresponding measurements). For example, an observation associated with a location may serve as context for an observation associated with an organism. In this case, the observed characteristic values of the location (such as humidity) are assumed constant for the corresponding measurements of the organism." , "http://ecoinformatics.org/oboe/oboe.1.2/oboe-core.owl#Observation" , "http://www.w3.org/2000/01/rdf-schema#label" , "Observation" ,
 " An observation is an assertion that an entity (e.g., biological organisms, geographic locations, or environmental features, among others) was observed by an observer. An observation primarily serves to group a set of measurements together into a single "observation event". Observations are often made within a broader context. The context of an observation is given by other observations, implying that an observed entity (and specifically each corresponding measurement) contextualizes another observed entity (and its corresponding measurements). For example, an observation associated with a location may serve as context for an observation associated with an organism. In this case, the observed characteristic values of the location (such as humidity) are assumed constant for the corresponding measurements of the organism." , "http://ecoinformatics.org/oboe/oboe.1.2/oboe-core.owl#Observation" , "http://www.w3.org/2000/01/rdf-schema#subClassOf" , "b619" ,
 " An observation is an assertion that an entity (e.g., biological organisms, geographic locations, or environmental features, among others) was observed by an observer. An observation primarily serves to group a set of measurements together into a single "observation event". Observations are often made within a broader context. The context of an observation is given by other observations, implying that an observed entity (and specifically each corresponding measurement) contextualizes another observed entity (and its corresponding measurements). For example, an observation associated with a location may serve as context for an observation associated with an organism. In this case, the observed characteristic values of the location (such as humidity) are assumed constant for the corresponding measurements of the organism." , "http://ecoinformatics.org/oboe/oboe.1.2/oboe-core.owl#Observation" , "http://www.w3.org/2002/07/owl#disjointWith" , "http://ecoinformatics.org/oboe/oboe.1.2/oboe-core.owl#ObservationCollection" ,
 " An observation is an assertion that an entity (e.g., biological organisms, geographic locations, or environmental features, among others) was observed by an observer. An observation primarily serves to group a set of measurements together into a single "observation event". Observations are often made within a broader context. The context of an observation is given by other observations, implying that an observed entity (and specifically each corresponding measurement) contextualizes another observed entity (and its corresponding measurements). For example, an observation associated with a location may serve as context for an observation associated with an organism. In this case, the observed characteristic values of the location (such as humidity) are assumed constant for the corresponding measurements of the organism." , "http://ecoinformatics.org/oboe/oboe.1.2/oboe-core.owl#Observation" , "http://www.w3.org/2002/07/owl#disjointWith" , "http://ecoinformatics.org/oboe/oboe.1.2/oboe-core.owl#Protocol" ,
 " An observation is an assertion that an entity (e.g., biological organisms, geographic locations, or environmental features, among others) was observed by an observer. An observation primarily serves to group a set of measurements together into a single "observation event". Observations are often made within a broader context. The context of an observation is given by other observations, implying that an observed entity (and specifically each corresponding measurement) contextualizes another observed entity (and its corresponding measurements). For example, an observation associated with a location may serve as context for an observation associated with an organism. In this case, the observed characteristic values of the location (such as humidity) are assumed constant for the corresponding measurements of the organism." , "http://ecoinformatics.org/oboe/oboe.1.2/oboe-core.owl#Observation" , "http://www.w3.org/2002/07/owl#disjointWith" , "http://ecoinformatics.org/oboe/oboe.1.2/oboe-core.owl#Standard" ,
 "'In engineering terms, soil is referred to as regolith, or loose rock material that lies above the 'solid geology'. Soil is commonly referred to as "earth" or "dirt"; technically, the term "dirt" should be restricted to displaced soil.' https://en.wikipedia.org/wiki/Soil

" The upper limit of soil is the boundary between soil and air, shallow water, live plants, or plant materials that have not begun to decompose. Areas are not considered to have soil if the surface is permanently covered by water too deep (typically more than 2.5 meters) for the growth of rooted plants.

The lower boundary that separates soil from the nonsoil underneath is most difficult to define. Soil consists of horizons near the Earth's surface that, in contrast to the underlying parent material, have been altered by the interactions of climate, relief, and living organisms over time. Commonly, soil grades at its lower boundary to hard rock or to earthy materials virtually devoid of animals, roots, or other marks of biological activity. For purposes of classification, the lower boundary of soil is arbitrarily set at 200 cm."  Soil taxonomy, 2nd Ed., quoted in http://www.nrcs.usda.gov/wps/portal/nrcs/detail/soils/edu/?cid=nrcs142p2_054280" , "http://purl.obolibrary.org/obo/ENVO_00001998" , "http://www.w3.org/1999/02/22-rdf-syntax-ns#type" , "http://www.w3.org/2002/07/owl#Class" ,
 "'In engineering terms, soil is referred to as regolith, or loose rock material that lies above the 'solid geology'. Soil is commonly referred to as "earth" or "dirt"; technically, the term "dirt" should be restricted to displaced soil.' https://en.wikipedia.org/wiki/Soil

" The upper limit of soil is the boundary between soil and air, shallow water, live plants, or plant materials that have not begun to decompose. Areas are not considered to have soil if the surface is permanently covered by water too deep (typically more than 2.5 meters) for the growth of rooted plants.

The lower boundary that separates soil from the nonsoil underneath is most difficult to define. Soil consists of horizons near the Earth's surface that, in contrast to the underlying parent material, have been altered by the interactions of climate, relief, and living organisms over time. Commonly, soil grades at its lower boundary to hard rock or to earthy materials virtually devoid of animals, roots, or other marks of biological activity. For purposes of classification, the lower boundary of soil is arbitrarily set at 200 cm."  Soil taxonomy, 2nd Ed., quoted in http://www.nrcs.usda.gov/wps/portal/nrcs/detail/soils/edu/?cid=nrcs142p2_054280" , "http://purl.obolibrary.org/obo/ENVO_00001998" , "http://www.w3.org/2000/01/rdf-schema#comment" , "'In engineering terms, soil is referred to as regolith, or loose rock material that lies above the 'solid geology'. Soil is commonly referred to as "earth" or "dirt"; technically, the term "dirt" should be restricted to displaced soil.' https://en.wikipedia.org/wiki/Soil

" The upper limit of soil is the boundary between soil and air, shallow water, live plants, or plant materials that have not begun to decompose. Areas are not considered to have soil if the surface is permanently covered by water too deep (typically more than 2.5 meters) for the growth of rooted plants.

The lower boundary that separates soil from the nonsoil underneath is most difficult to define. Soil consists of horizons near the Earth's surface that, in contrast to the underlying parent material, have been altered by the interactions of climate, relief, and living organisms over time. Commonly, soil grades at its lower boundary to hard rock or to earthy materials virtually devoid of animals, roots, or other marks of biological activity. For purposes of classification, the lower boundary of soil is arbitrarily set at 200 cm."  Soil taxonomy, 2nd Ed., quoted in http://www.nrcs.usda.gov/wps/portal/nrcs/detail/soils/edu/?cid=nrcs142p2_054280" ,
 "'In engineering terms, soil is referred to as regolith, or loose rock material that lies above the 'solid geology'. Soil is commonly referred to as "earth" or "dirt"; technically, the term "dirt" should be restricted to displaced soil.' https://en.wikipedia.org/wiki/Soil

" The upper limit of soil is the boundary between soil and air, shallow water, live plants, or plant materials that have not begun to decompose. Areas are not considered to have soil if the surface is permanently covered by water too deep (typically more than 2.5 meters) for the growth of rooted plants.

The lower boundary that separates soil from the nonsoil underneath is most difficult to define. Soil consists of horizons near the Earth's surface that, in contrast to the underlying parent material, have been altered by the interactions of climate, relief, and living organisms over time. Commonly, soil grades at its lower boundary to hard rock or to earthy materials virtually devoid of animals, roots, or other marks of biological activity. For purposes of classification, the lower boundary of soil is arbitrarily set at 200 cm."  Soil taxonomy, 2nd Ed., quoted in http://www.nrcs.usda.gov/wps/portal/nrcs/detail/soils/edu/?cid=nrcs142p2_054280" , "http://purl.obolibrary.org/obo/ENVO_00001998" , "http://purl.obolibrary.org/obo/IAO_0000111" , "soil" ,
 "'In engineering terms, soil is referred to as regolith, or loose rock material that lies above the 'solid geology'. Soil is commonly referred to as "earth" or "dirt"; technically, the term "dirt" should be restricted to displaced soil.' https://en.wikipedia.org/wiki/Soil

" The upper limit of soil is the boundary between soil and air, shallow water, live plants, or plant materials that have not begun to decompose. Areas are not considered to have soil if the surface is permanently covered by water too deep (typically more than 2.5 meters) for the growth of rooted plants.

The lower boundary that separates soil from the nonsoil underneath is most difficult to define. Soil consists of horizons near the Earth's surface that, in contrast to the underlying parent material, have been altered by the interactions of climate, relief, and living organisms over time. Commonly, soil grades at its lower boundary to hard rock or to earthy materials virtually devoid of animals, roots, or other marks of biological activity. For purposes of classification, the lower boundary of soil is arbitrarily set at 200 cm."  Soil taxonomy, 2nd Ed., quoted in http://www.nrcs.usda.gov/wps/portal/nrcs/detail/soils/edu/?cid=nrcs142p2_054280" , "http://purl.obolibrary.org/obo/ENVO_00001998" , "http://purl.obolibrary.org/obo/IAO_0000115" , "Soil is an environmental material which is primarily composed of minerals, varying proportions of sand, silt, and clay, organic material such as humus, gases, liquids, and a broad range of resident micro- and macroorganisms." ,
 "'In engineering terms, soil is referred to as regolith, or loose rock material that lies above the 'solid geology'. Soil is commonly referred to as "earth" or "dirt"; technically, the term "dirt" should be restricted to displaced soil.' https://en.wikipedia.org/wiki/Soil

" The upper limit of soil is the boundary between soil and air, shallow water, live plants, or plant materials that have not begun to decompose. Areas are not considered to have soil if the surface is permanently covered by water too deep (typically more than 2.5 meters) for the growth of rooted plants.

The lower boundary that separates soil from the nonsoil underneath is most difficult to define. Soil consists of horizons near the Earth's surface that, in contrast to the underlying parent material, have been altered by the interactions of climate, relief, and living organisms over time. Commonly, soil grades at its lower boundary to hard rock or to earthy materials virtually devoid of animals, roots, or other marks of biological activity. For purposes of classification, the lower boundary of soil is arbitrarily set at 200 cm."  Soil taxonomy, 2nd Ed., quoted in http://www.nrcs.usda.gov/wps/portal/nrcs/detail/soils/edu/?cid=nrcs142p2_054280" , "http://purl.obolibrary.org/obo/ENVO_00001998" , "http://www.w3.org/2000/01/rdf-schema#label" , "soil" ,
 "'In engineering terms, soil is referred to as regolith, or loose rock material that lies above the 'solid geology'. Soil is commonly referred to as "earth" or "dirt"; technically, the term "dirt" should be restricted to displaced soil.' https://en.wikipedia.org/wiki/Soil

" The upper limit of soil is the boundary between soil and air, shallow water, live plants, or plant materials that have not begun to decompose. Areas are not considered to have soil if the surface is permanently covered by water too deep (typically more than 2.5 meters) for the growth of rooted plants.

The lower boundary that separates soil from the nonsoil underneath is most difficult to define. Soil consists of horizons near the Earth's surface that, in contrast to the underlying parent material, have been altered by the interactions of climate, relief, and living organisms over time. Commonly, soil grades at its lower boundary to hard rock or to earthy materials virtually devoid of animals, roots, or other marks of biological activity. For purposes of classification, the lower boundary of soil is arbitrarily set at 200 cm."  Soil taxonomy, 2nd Ed., quoted in http://www.nrcs.usda.gov/wps/portal/nrcs/detail/soils/edu/?cid=nrcs142p2_054280" , "http://purl.obolibrary.org/obo/ENVO_00001998" , "http://purl.obolibrary.org/obo/IAO_0000116" , "The various 'has part' and 'has quality' relations may not hold true for all soils; however, I have yet to find counter examples. Require input from a pedologist or similar. [pbuttigieg]" ,
 "'In engineering terms, soil is referred to as regolith, or loose rock material that lies above the 'solid geology'. Soil is commonly referred to as "earth" or "dirt"; technically, the term "dirt" should be restricted to displaced soil.' https://en.wikipedia.org/wiki/Soil

" The upper limit of soil is the boundary between soil and air, shallow water, live plants, or plant materials that have not begun to decompose. Areas are not considered to have soil if the surface is permanently covered by water too deep (typically more than 2.5 meters) for the growth of rooted plants.

The lower boundary that separates soil from the nonsoil underneath is most difficult to define. Soil consists of horizons near the Earth's surface that, in contrast to the underlying parent material, have been altered by the interactions of climate, relief, and living organisms over time. Commonly, soil grades at its lower boundary to hard rock or to earthy materials virtually devoid of animals, roots, or other marks of biological activity. For purposes of classification, the lower boundary of soil is arbitrarily set at 200 cm."  Soil taxonomy, 2nd Ed., quoted in http://www.nrcs.usda.gov/wps/portal/nrcs/detail/soils/edu/?cid=nrcs142p2_054280" , "http://purl.obolibrary.org/obo/ENVO_00001998" , "http://purl.obolibrary.org/obo/IAO_0000412" , "http://purl.obolibrary.org/obo/envo.owl" ,
 "'In engineering terms, soil is referred to as regolith, or loose rock material that lies above the 'solid geology'. Soil is commonly referred to as "earth" or "dirt"; technically, the term "dirt" should be restricted to displaced soil.' https://en.wikipedia.org/wiki/Soil

" The upper limit of soil is the boundary between soil and air, shallow water, live plants, or plant materials that have not begun to decompose. Areas are not considered to have soil if the surface is permanently covered by water too deep (typically more than 2.5 meters) for the growth of rooted plants.

The lower boundary that separates soil from the nonsoil underneath is most difficult to define. Soil consists of horizons near the Earth's surface that, in contrast to the underlying parent material, have been altered by the interactions of climate, relief, and living organisms over time. Commonly, soil grades at its lower boundary to hard rock or to earthy materials virtually devoid of animals, roots, or other marks of biological activity. For purposes of classification, the lower boundary of soil is arbitrarily set at 200 cm."  Soil taxonomy, 2nd Ed., quoted in http://www.nrcs.usda.gov/wps/portal/nrcs/detail/soils/edu/?cid=nrcs142p2_054280" , "http://purl.obolibrary.org/obo/ENVO_00001998" , "http://www.geneontology.org/formats/oboInOwl#hasOBONamespace" , "ENVO" ,
 "'In engineering terms, soil is referred to as regolith, or loose rock material that lies above the 'solid geology'. Soil is commonly referred to as "earth" or "dirt"; technically, the term "dirt" should be restricted to displaced soil.' https://en.wikipedia.org/wiki/Soil

" The upper limit of soil is the boundary between soil and air, shallow water, live plants, or plant materials that have not begun to decompose. Areas are not considered to have soil if the surface is permanently covered by water too deep (typically more than 2.5 meters) for the growth of rooted plants.

The lower boundary that separates soil from the nonsoil underneath is most difficult to define. Soil consists of horizons near the Earth's surface that, in contrast to the underlying parent material, have been altered by the interactions of climate, relief, and living organisms over time. Commonly, soil grades at its lower boundary to hard rock or to earthy materials virtually devoid of animals, roots, or other marks of biological activity. For purposes of classification, the lower boundary of soil is arbitrarily set at 200 cm."  Soil taxonomy, 2nd Ed., quoted in http://www.nrcs.usda.gov/wps/portal/nrcs/detail/soils/edu/?cid=nrcs142p2_054280" , "http://purl.obolibrary.org/obo/ENVO_00001998" , "http://www.geneontology.org/formats/oboInOwl#id" , "ENVO:00001998" ,
 "'In engineering terms, soil is referred to as regolith, or loose rock material that lies above the 'solid geology'. Soil is commonly referred to as "earth" or "dirt"; technically, the term "dirt" should be restricted to displaced soil.' https://en.wikipedia.org/wiki/Soil

" The upper limit of soil is the boundary between soil and air, shallow water, live plants, or plant materials that have not begun to decompose. Areas are not considered to have soil if the surface is permanently covered by water too deep (typically more than 2.5 meters) for the growth of rooted plants.

The lower boundary that separates soil from the nonsoil underneath is most difficult to define. Soil consists of horizons near the Earth's surface that, in contrast to the underlying parent material, have been altered by the interactions of climate, relief, and living organisms over time. Commonly, soil grades at its lower boundary to hard rock or to earthy materials virtually devoid of animals, roots, or other marks of biological activity. For purposes of classification, the lower boundary of soil is arbitrarily set at 200 cm."  Soil taxonomy, 2nd Ed., quoted in http://www.nrcs.usda.gov/wps/portal/nrcs/detail/soils/edu/?cid=nrcs142p2_054280" , "http://purl.obolibrary.org/obo/ENVO_00001998" , "http://www.geneontology.org/formats/oboInOwl#hasDbXref" , "LTER:535" ,
 "'In engineering terms, soil is referred to as regolith, or loose rock material that lies above the 'solid geology'. Soil is commonly referred to as "earth" or "dirt"; technically, the term "dirt" should be restricted to displaced soil.' https://en.wikipedia.org/wiki/Soil

" The upper limit of soil is the boundary between soil and air, shallow water, live plants, or plant materials that have not begun to decompose. Areas are not considered to have soil if the surface is permanently covered by water too deep (typically more than 2.5 meters) for the growth of rooted plants.

The lower boundary that separates soil from the nonsoil underneath is most difficult to define. Soil consists of horizons near the Earth's surface that, in contrast to the underlying parent material, have been altered by the interactions of climate, relief, and living organisms over time. Commonly, soil grades at its lower boundary to hard rock or to earthy materials virtually devoid of animals, roots, or other marks of biological activity. For purposes of classification, the lower boundary of soil is arbitrarily set at 200 cm."  Soil taxonomy, 2nd Ed., quoted in http://www.nrcs.usda.gov/wps/portal/nrcs/detail/soils/edu/?cid=nrcs142p2_054280" , "http://purl.obolibrary.org/obo/ENVO_00001998" , "http://www.geneontology.org/formats/oboInOwl#hasDbXref" , "SPIRE:Soil" ,
 "'In engineering terms, soil is referred to as regolith, or loose rock material that lies above the 'solid geology'. Soil is commonly referred to as "earth" or "dirt"; technically, the term "dirt" should be restricted to displaced soil.' https://en.wikipedia.org/wiki/Soil

" The upper limit of soil is the boundary between soil and air, shallow water, live plants, or plant materials that have not begun to decompose. Areas are not considered to have soil if the surface is permanently covered by water too deep (typically more than 2.5 meters) for the growth of rooted plants.

The lower boundary that separates soil from the nonsoil underneath is most difficult to define. Soil consists of horizons near the Earth's surface that, in contrast to the underlying parent material, have been altered by the interactions of climate, relief, and living organisms over time. Commonly, soil grades at its lower boundary to hard rock or to earthy materials virtually devoid of animals, roots, or other marks of biological activity. For purposes of classification, the lower boundary of soil is arbitrarily set at 200 cm."  Soil taxonomy, 2nd Ed., quoted in http://www.nrcs.usda.gov/wps/portal/nrcs/detail/soils/edu/?cid=nrcs142p2_054280" , "http://purl.obolibrary.org/obo/ENVO_00001998" , "http://www.geneontology.org/formats/oboInOwl#hasDbXref" , "SWEETRealm:Soil" ,
 "'In engineering terms, soil is referred to as regolith, or loose rock material that lies above the 'solid geology'. Soil is commonly referred to as "earth" or "dirt"; technically, the term "dirt" should be restricted to displaced soil.' https://en.wikipedia.org/wiki/Soil

" The upper limit of soil is the boundary between soil and air, shallow water, live plants, or plant materials that have not begun to decompose. Areas are not considered to have soil if the surface is permanently covered by water too deep (typically more than 2.5 meters) for the growth of rooted plants.

The lower boundary that separates soil from the nonsoil underneath is most difficult to define. Soil consists of horizons near the Earth's surface that, in contrast to the underlying parent material, have been altered by the interactions of climate, relief, and living organisms over time. Commonly, soil grades at its lower boundary to hard rock or to earthy materials virtually devoid of animals, roots, or other marks of biological activity. For purposes of classification, the lower boundary of soil is arbitrarily set at 200 cm."  Soil taxonomy, 2nd Ed., quoted in http://www.nrcs.usda.gov/wps/portal/nrcs/detail/soils/edu/?cid=nrcs142p2_054280" , "http://purl.obolibrary.org/obo/ENVO_00001998" , "http://www.geneontology.org/formats/oboInOwl#hasDbXref" , "https://en.wikipedia.org/wiki/Soil" ,
 "'In engineering terms, soil is referred to as regolith, or loose rock material that lies above the 'solid geology'. Soil is commonly referred to as "earth" or "dirt"; technically, the term "dirt" should be restricted to displaced soil.' https://en.wikipedia.org/wiki/Soil

" The upper limit of soil is the boundary between soil and air, shallow water, live plants, or plant materials that have not begun to decompose. Areas are not considered to have soil if the surface is permanently covered by water too deep (typically more than 2.5 meters) for the growth of rooted plants.

The lower boundary that separates soil from the nonsoil underneath is most difficult to define. Soil consists of horizons near the Earth's surface that, in contrast to the underlying parent material, have been altered by the interactions of climate, relief, and living organisms over time. Commonly, soil grades at its lower boundary to hard rock or to earthy materials virtually devoid of animals, roots, or other marks of biological activity. For purposes of classification, the lower boundary of soil is arbitrarily set at 200 cm."  Soil taxonomy, 2nd Ed., quoted in http://www.nrcs.usda.gov/wps/portal/nrcs/detail/soils/edu/?cid=nrcs142p2_054280" , "http://purl.obolibrary.org/obo/ENVO_00001998" , "http://www.geneontology.org/formats/oboInOwl#hasBroadSynonym" , "regolith" ,
 "'In engineering terms, soil is referred to as regolith, or loose rock material that lies above the 'solid geology'. Soil is commonly referred to as "earth" or "dirt"; technically, the term "dirt" should be restricted to displaced soil.' https://en.wikipedia.org/wiki/Soil

" The upper limit of soil is the boundary between soil and air, shallow water, live plants, or plant materials that have not begun to decompose. Areas are not considered to have soil if the surface is permanently covered by water too deep (typically more than 2.5 meters) for the growth of rooted plants.

The lower boundary that separates soil from the nonsoil underneath is most difficult to define. Soil consists of horizons near the Earth's surface that, in contrast to the underlying parent material, have been altered by the interactions of climate, relief, and living organisms over time. Commonly, soil grades at its lower boundary to hard rock or to earthy materials virtually devoid of animals, roots, or other marks of biological activity. For purposes of classification, the lower boundary of soil is arbitrarily set at 200 cm."  Soil taxonomy, 2nd Ed., quoted in http://www.nrcs.usda.gov/wps/portal/nrcs/detail/soils/edu/?cid=nrcs142p2_054280" , "http://purl.obolibrary.org/obo/ENVO_00001998" , "http://www.geneontology.org/formats/oboInOwl#inSubset" , "http://purl.obolibrary.org/obo/envo#EnvO-Lite-GSC" ,
 "'In engineering terms, soil is referred to as regolith, or loose rock material that lies above the 'solid geology'. Soil is commonly referred to as "earth" or "dirt"; technically, the term "dirt" should be restricted to displaced soil.' https://en.wikipedia.org/wiki/Soil

" The upper limit of soil is the boundary between soil and air, shallow water, live plants, or plant materials that have not begun to decompose. Areas are not considered to have soil if the surface is permanently covered by water too deep (typically more than 2.5 meters) for the growth of rooted plants.

The lower boundary that separates soil from the nonsoil underneath is most difficult to define. Soil consists of horizons near the Earth's surface that, in contrast to the underlying parent material, have been altered by the interactions of climate, relief, and living organisms over time. Commonly, soil grades at its lower boundary to hard rock or to earthy materials virtually devoid of animals, roots, or other marks of biological activity. For purposes of classification, the lower boundary of soil is arbitrarily set at 200 cm."  Soil taxonomy, 2nd Ed., quoted in http://www.nrcs.usda.gov/wps/portal/nrcs/detail/soils/edu/?cid=nrcs142p2_054280" , "http://purl.obolibrary.org/obo/ENVO_00001998" , "http://www.w3.org/2000/01/rdf-schema#subClassOf" , "http://purl.obolibrary.org/obo/BFO_0000040" ,
 "'In engineering terms, soil is referred to as regolith, or loose rock material that lies above the 'solid geology'. Soil is commonly referred to as "earth" or "dirt"; technically, the term "dirt" should be restricted to displaced soil.' https://en.wikipedia.org/wiki/Soil

" The upper limit of soil is the boundary between soil and air, shallow water, live plants, or plant materials that have not begun to decompose. Areas are not considered to have soil if the surface is permanently covered by water too deep (typically more than 2.5 meters) for the growth of rooted plants.

The lower boundary that separates soil from the nonsoil underneath is most difficult to define. Soil consists of horizons near the Earth's surface that, in contrast to the underlying parent material, have been altered by the interactions of climate, relief, and living organisms over time. Commonly, soil grades at its lower boundary to hard rock or to earthy materials virtually devoid of animals, roots, or other marks of biological activity. For purposes of classification, the lower boundary of soil is arbitrarily set at 200 cm."  Soil taxonomy, 2nd Ed., quoted in http://www.nrcs.usda.gov/wps/portal/nrcs/detail/soils/edu/?cid=nrcs142p2_054280" , "http://purl.obolibrary.org/obo/ENVO_00001998" , "http://www.w3.org/2000/01/rdf-schema#subClassOf" , "http://purl.obolibrary.org/obo/ENVO_00010483" ,
 "'In engineering terms, soil is referred to as regolith, or loose rock material that lies above the 'solid geology'. Soil is commonly referred to as "earth" or "dirt"; technically, the term "dirt" should be restricted to displaced soil.' https://en.wikipedia.org/wiki/Soil

" The upper limit of soil is the boundary between soil and air, shallow water, live plants, or plant materials that have not begun to decompose. Areas are not considered to have soil if the surface is permanently covered by water too deep (typically more than 2.5 meters) for the growth of rooted plants.

The lower boundary that separates soil from the nonsoil underneath is most difficult to define. Soil consists of horizons near the Earth's surface that, in contrast to the underlying parent material, have been altered by the interactions of climate, relief, and living organisms over time. Commonly, soil grades at its lower boundary to hard rock or to earthy materials virtually devoid of animals, roots, or other marks of biological activity. For purposes of classification, the lower boundary of soil is arbitrarily set at 200 cm."  Soil taxonomy, 2nd Ed., quoted in http://www.nrcs.usda.gov/wps/portal/nrcs/detail/soils/edu/?cid=nrcs142p2_054280" , "http://purl.obolibrary.org/obo/ENVO_00001998" , "http://www.w3.org/2000/01/rdf-schema#subClassOf" , "b601" ,
 "'In engineering terms, soil is referred to as regolith, or loose rock material that lies above the 'solid geology'. Soil is commonly referred to as "earth" or "dirt"; technically, the term "dirt" should be restricted to displaced soil.' https://en.wikipedia.org/wiki/Soil

" The upper limit of soil is the boundary between soil and air, shallow water, live plants, or plant materials that have not begun to decompose. Areas are not considered to have soil if the surface is permanently covered by water too deep (typically more than 2.5 meters) for the growth of rooted plants.

The lower boundary that separates soil from the nonsoil underneath is most difficult to define. Soil consists of horizons near the Earth's surface that, in contrast to the underlying parent material, have been altered by the interactions of climate, relief, and living organisms over time. Commonly, soil grades at its lower boundary to hard rock or to earthy materials virtually devoid of animals, roots, or other marks of biological activity. For purposes of classification, the lower boundary of soil is arbitrarily set at 200 cm."  Soil taxonomy, 2nd Ed., quoted in http://www.nrcs.usda.gov/wps/portal/nrcs/detail/soils/edu/?cid=nrcs142p2_054280" , "http://purl.obolibrary.org/obo/ENVO_00001998" , "http://www.w3.org/2000/01/rdf-schema#subClassOf" , "b602" ,
 "'In engineering terms, soil is referred to as regolith, or loose rock material that lies above the 'solid geology'. Soil is commonly referred to as "earth" or "dirt"; technically, the term "dirt" should be restricted to displaced soil.' https://en.wikipedia.org/wiki/Soil

" The upper limit of soil is the boundary between soil and air, shallow water, live plants, or plant materials that have not begun to decompose. Areas are not considered to have soil if the surface is permanently covered by water too deep (typically more than 2.5 meters) for the growth of rooted plants.

The lower boundary that separates soil from the nonsoil underneath is most difficult to define. Soil consists of horizons near the Earth's surface that, in contrast to the underlying parent material, have been altered by the interactions of climate, relief, and living organisms over time. Commonly, soil grades at its lower boundary to hard rock or to earthy materials virtually devoid of animals, roots, or other marks of biological activity. For purposes of classification, the lower boundary of soil is arbitrarily set at 200 cm."  Soil taxonomy, 2nd Ed., quoted in http://www.nrcs.usda.gov/wps/portal/nrcs/detail/soils/edu/?cid=nrcs142p2_054280" , "http://purl.obolibrary.org/obo/ENVO_00001998" , "http://www.w3.org/2000/01/rdf-schema#subClassOf" , "b603" ,
 "'In engineering terms, soil is referred to as regolith, or loose rock material that lies above the 'solid geology'. Soil is commonly referred to as "earth" or "dirt"; technically, the term "dirt" should be restricted to displaced soil.' https://en.wikipedia.org/wiki/Soil

" The upper limit of soil is the boundary between soil and air, shallow water, live plants, or plant materials that have not begun to decompose. Areas are not considered to have soil if the surface is permanently covered by water too deep (typically more than 2.5 meters) for the growth of rooted plants.

The lower boundary that separates soil from the nonsoil underneath is most difficult to define. Soil consists of horizons near the Earth's surface that, in contrast to the underlying parent material, have been altered by the interactions of climate, relief, and living organisms over time. Commonly, soil grades at its lower boundary to hard rock or to earthy materials virtually devoid of animals, roots, or other marks of biological activity. For purposes of classification, the lower boundary of soil is arbitrarily set at 200 cm."  Soil taxonomy, 2nd Ed., quoted in http://www.nrcs.usda.gov/wps/portal/nrcs/detail/soils/edu/?cid=nrcs142p2_054280" , "http://purl.obolibrary.org/obo/ENVO_00001998" , "http://www.w3.org/2000/01/rdf-schema#subClassOf" , "b604" ,
 "'In engineering terms, soil is referred to as regolith, or loose rock material that lies above the 'solid geology'. Soil is commonly referred to as "earth" or "dirt"; technically, the term "dirt" should be restricted to displaced soil.' https://en.wikipedia.org/wiki/Soil

" The upper limit of soil is the boundary between soil and air, shallow water, live plants, or plant materials that have not begun to decompose. Areas are not considered to have soil if the surface is permanently covered by water too deep (typically more than 2.5 meters) for the growth of rooted plants.

The lower boundary that separates soil from the nonsoil underneath is most difficult to define. Soil consists of horizons near the Earth's surface that, in contrast to the underlying parent material, have been altered by the interactions of climate, relief, and living organisms over time. Commonly, soil grades at its lower boundary to hard rock or to earthy materials virtually devoid of animals, roots, or other marks of biological activity. For purposes of classification, the lower boundary of soil is arbitrarily set at 200 cm."  Soil taxonomy, 2nd Ed., quoted in http://www.nrcs.usda.gov/wps/portal/nrcs/detail/soils/edu/?cid=nrcs142p2_054280" , "http://purl.obolibrary.org/obo/ENVO_00001998" , "http://www.w3.org/2000/01/rdf-schema#subClassOf" , "b605" ,
 "'In engineering terms, soil is referred to as regolith, or loose rock material that lies above the 'solid geology'. Soil is commonly referred to as "earth" or "dirt"; technically, the term "dirt" should be restricted to displaced soil.' https://en.wikipedia.org/wiki/Soil

" The upper limit of soil is the boundary between soil and air, shallow water, live plants, or plant materials that have not begun to decompose. Areas are not considered to have soil if the surface is permanently covered by water too deep (typically more than 2.5 meters) for the growth of rooted plants.

The lower boundary that separates soil from the nonsoil underneath is most difficult to define. Soil consists of horizons near the Earth's surface that, in contrast to the underlying parent material, have been altered by the interactions of climate, relief, and living organisms over time. Commonly, soil grades at its lower boundary to hard rock or to earthy materials virtually devoid of animals, roots, or other marks of biological activity. For purposes of classification, the lower boundary of soil is arbitrarily set at 200 cm."  Soil taxonomy, 2nd Ed., quoted in http://www.nrcs.usda.gov/wps/portal/nrcs/detail/soils/edu/?cid=nrcs142p2_054280" , "http://purl.obolibrary.org/obo/ENVO_00001998" , "http://www.w3.org/2000/01/rdf-schema#subClassOf" , "b606" ,
 "'In engineering terms, soil is referred to as regolith, or loose rock material that lies above the 'solid geology'. Soil is commonly referred to as "earth" or "dirt"; technically, the term "dirt" should be restricted to displaced soil.' https://en.wikipedia.org/wiki/Soil

" The upper limit of soil is the boundary between soil and air, shallow water, live plants, or plant materials that have not begun to decompose. Areas are not considered to have soil if the surface is permanently covered by water too deep (typically more than 2.5 meters) for the growth of rooted plants.

The lower boundary that separates soil from the nonsoil underneath is most difficult to define. Soil consists of horizons near the Earth's surface that, in contrast to the underlying parent material, have been altered by the interactions of climate, relief, and living organisms over time. Commonly, soil grades at its lower boundary to hard rock or to earthy materials virtually devoid of animals, roots, or other marks of biological activity. For purposes of classification, the lower boundary of soil is arbitrarily set at 200 cm."  Soil taxonomy, 2nd Ed., quoted in http://www.nrcs.usda.gov/wps/portal/nrcs/detail/soils/edu/?cid=nrcs142p2_054280" , "http://purl.obolibrary.org/obo/ENVO_00001998" , "http://www.w3.org/2000/01/rdf-schema#subClassOf" , "b607" ,
 "A similar term exists in linguistics and mathematics. An ecocline, or biological cline, is a related concept; however, may be better placed as a child of a class like "ecotone". Further, some definitions of "layer" require a layer's constiuent materials to have consistent properties, thus "cline" would not qualify as a subclass. The term "gradient" has been proposed as a more suitable superclass. Discussion in Issue #286)" , "http://purl.obolibrary.org/obo/ENVO_01000258" , "http://www.w3.org/1999/02/22-rdf-syntax-ns#type" , "http://www.w3.org/2002/07/owl#Class" ,
 "A similar term exists in linguistics and mathematics. An ecocline, or biological cline, is a related concept; however, may be better placed as a child of a class like "ecotone". Further, some definitions of "layer" require a layer's constiuent materials to have consistent properties, thus "cline" would not qualify as a subclass. The term "gradient" has been proposed as a more suitable superclass. Discussion in Issue #286)" , "http://purl.obolibrary.org/obo/ENVO_01000258" , "http://www.w3.org/2000/01/rdf-schema#comment" , "A similar term exists in linguistics and mathematics. An ecocline, or biological cline, is a related concept; however, may be better placed as a child of a class like "ecotone". Further, some definitions of "layer" require a layer's constiuent materials to have consistent properties, thus "cline" would not qualify as a subclass. The term "gradient" has been proposed as a more suitable superclass. Discussion in Issue #286)" ,
 "A similar term exists in linguistics and mathematics. An ecocline, or biological cline, is a related concept; however, may be better placed as a child of a class like "ecotone". Further, some definitions of "layer" require a layer's constiuent materials to have consistent properties, thus "cline" would not qualify as a subclass. The term "gradient" has been proposed as a more suitable superclass. Discussion in Issue #286)" , "http://purl.obolibrary.org/obo/ENVO_01000258" , "http://purl.obolibrary.org/obo/IAO_0000115" , "A cline is a comparatively thin, typically horizontal layer within a fluid, in which a property of the fluid varies greatly over a relatively short vertical distance." ,
 "A similar term exists in linguistics and mathematics. An ecocline, or biological cline, is a related concept; however, may be better placed as a child of a class like "ecotone". Further, some definitions of "layer" require a layer's constiuent materials to have consistent properties, thus "cline" would not qualify as a subclass. The term "gradient" has been proposed as a more suitable superclass. Discussion in Issue #286)" , "http://purl.obolibrary.org/obo/ENVO_01000258" , "http://www.w3.org/2000/01/rdf-schema#label" , "cline" ,
 "A similar term exists in linguistics and mathematics. An ecocline, or biological cline, is a related concept; however, may be better placed as a child of a class like "ecotone". Further, some definitions of "layer" require a layer's constiuent materials to have consistent properties, thus "cline" would not qualify as a subclass. The term "gradient" has been proposed as a more suitable superclass. Discussion in Issue #286)" , "http://purl.obolibrary.org/obo/ENVO_01000258" , "http://www.geneontology.org/formats/oboInOwl#hasOBONamespace" , "ENVO" ,
 "A similar term exists in linguistics and mathematics. An ecocline, or biological cline, is a related concept; however, may be better placed as a child of a class like "ecotone". Further, some definitions of "layer" require a layer's constiuent materials to have consistent properties, thus "cline" would not qualify as a subclass. The term "gradient" has been proposed as a more suitable superclass. Discussion in Issue #286)" , "http://purl.obolibrary.org/obo/ENVO_01000258" , "http://www.geneontology.org/formats/oboInOwl#id" , "ENVO:01000258" ,
 "A similar term exists in linguistics and mathematics. An ecocline, or biological cline, is a related concept; however, may be better placed as a child of a class like "ecotone". Further, some definitions of "layer" require a layer's constiuent materials to have consistent properties, thus "cline" would not qualify as a subclass. The term "gradient" has been proposed as a more suitable superclass. Discussion in Issue #286)" , "http://purl.obolibrary.org/obo/ENVO_01000258" , "http://www.geneontology.org/formats/oboInOwl#created_by" , "ORCID:0000-0002-4366-3088" ,
 "A similar term exists in linguistics and mathematics. An ecocline, or biological cline, is a related concept; however, may be better placed as a child of a class like "ecotone". Further, some definitions of "layer" require a layer's constiuent materials to have consistent properties, thus "cline" would not qualify as a subclass. The term "gradient" has been proposed as a more suitable superclass. Discussion in Issue #286)" , "http://purl.obolibrary.org/obo/ENVO_01000258" , "http://www.geneontology.org/formats/oboInOwl#creation_date" , "2013-10-06T20:10:13Z" ,
 "A similar term exists in linguistics and mathematics. An ecocline, or biological cline, is a related concept; however, may be better placed as a child of a class like "ecotone". Further, some definitions of "layer" require a layer's constiuent materials to have consistent properties, thus "cline" would not qualify as a subclass. The term "gradient" has been proposed as a more suitable superclass. Discussion in Issue #286)" , "http://purl.obolibrary.org/obo/ENVO_01000258" , "http://www.w3.org/2000/01/rdf-schema#subClassOf" , "http://purl.obolibrary.org/obo/ENVO_01000281" ,
 "Not to be confused with a flame - the visible portion of gas released by a fire . Oxidation processes such as rusting or biological digestion are not subsumed here." , "http://purl.obolibrary.org/obo/ENVO_01000786" , "http://www.w3.org/1999/02/22-rdf-syntax-ns#type" , "http://www.w3.org/2002/07/owl#Class" ,
 "Not to be confused with a flame - the visible portion of gas released by a fire . Oxidation processes such as rusting or biological digestion are not subsumed here." , "http://purl.obolibrary.org/obo/ENVO_01000786" , "http://www.w3.org/2000/01/rdf-schema#comment" , "Not to be confused with a flame - the visible portion of gas released by a fire . Oxidation processes such as rusting or biological digestion are not subsumed here." ,
 "Not to be confused with a flame - the visible portion of gas released by a fire . Oxidation processes such as rusting or biological digestion are not subsumed here." , "http://purl.obolibrary.org/obo/ENVO_01000786" , "http://purl.obolibrary.org/obo/IAO_0000115" , "A fire is a process whereby rapid and exothermic oxidation of a material through a combustion process releases heat, light, and other products." ,
 "Not to be confused with a flame - the visible portion of gas released by a fire . Oxidation processes such as rusting or biological digestion are not subsumed here." , "http://purl.obolibrary.org/obo/ENVO_01000786" , "http://www.w3.org/2000/01/rdf-schema#label" , "fire" ,
 "Not to be confused with a flame - the visible portion of gas released by a fire . Oxidation processes such as rusting or biological digestion are not subsumed here." , "http://purl.obolibrary.org/obo/ENVO_01000786" , "http://www.w3.org/2000/01/rdf-schema#subClassOf" , "http://purl.obolibrary.org/obo/ENVO_01000839" ,
 "(copied from ReO)
Reagents are distinguished from instruments or devices that also participate in scientific techniques by the fact that reagents are chemical or biological in nature and necessarily participate in or have parts that participate in some chemical interaction or reaction during their intended participation in some technique.  By contrast, instruments do not participate in a chemical reaction/interaction during the technique.

Reagents are distinguished from study subjects/evaluants in that study subjects and evaluants are that about which conclusions are drawn and knowledge is sought in an investigation - while reagents, by definition, are not.  It should be noted, however, that reagent and study subject/evaluant roles can be borne by instances of the same type of material entity - but a given instance will realize only one of these roles in the execution of a given assay or technique. For example, taq polymerase can bear a reagent role or an evaluant role.  In a DNA sequencing assay aimed at generating sequence data about some plasmid, the reagent role of the taq polymerase is realized. In an assay to evaluate the quality of the taq polymerase itself, the evaluant/study subject role of the taq is realized, but not the reagent role since the taq is the subject about which data is generated.

In regard to the statement that reagents are 'distinct' from the specified outputs of a technique, note that a reagent may be incorporated into a material output of a technique, as long as the IDENTITY of this output is distinct from that of the bearer of the reagent role.  For example, dNTPs input into a PCR are reagents that become part of the material output of this technique, but this output has a new identity (ie that of a 'nucleic acid molecule') that is distinct from the identity of the dNTPs that comprise it.  Similarly, a biotin molecule input into a cell labeling technique are reagents that become part of the specified output, but the identity of the output is that of some modified cell specimen which shares identity with the input unmodified cell specimen, and not with the biotin label. Thus, we see that an important criteria of 'reagent-ness' is that it is a facilitator, and not the primary focus of an investigation or material processing technique (ie not the specified subject/evaluant about which knowledge is sought, or the specified output material of the technique)." , "http://purl.obolibrary.org/obo/OBI_0000086" , "http://www.w3.org/1999/02/22-rdf-syntax-ns#type" , "http://www.w3.org/2002/07/owl#Class" ,
 "(copied from ReO)
Reagents are distinguished from instruments or devices that also participate in scientific techniques by the fact that reagents are chemical or biological in nature and necessarily participate in or have parts that participate in some chemical interaction or reaction during their intended participation in some technique.  By contrast, instruments do not participate in a chemical reaction/interaction during the technique.

Reagents are distinguished from study subjects/evaluants in that study subjects and evaluants are that about which conclusions are drawn and knowledge is sought in an investigation - while reagents, by definition, are not.  It should be noted, however, that reagent and study subject/evaluant roles can be borne by instances of the same type of material entity - but a given instance will realize only one of these roles in the execution of a given assay or technique. For example, taq polymerase can bear a reagent role or an evaluant role.  In a DNA sequencing assay aimed at generating sequence data about some plasmid, the reagent role of the taq polymerase is realized. In an assay to evaluate the quality of the taq polymerase itself, the evaluant/study subject role of the taq is realized, but not the reagent role since the taq is the subject about which data is generated.

In regard to the statement that reagents are 'distinct' from the specified outputs of a technique, note that a reagent may be incorporated into a material output of a technique, as long as the IDENTITY of this output is distinct from that of the bearer of the reagent role.  For example, dNTPs input into a PCR are reagents that become part of the material output of this technique, but this output has a new identity (ie that of a 'nucleic acid molecule') that is distinct from the identity of the dNTPs that comprise it.  Similarly, a biotin molecule input into a cell labeling technique are reagents that become part of the specified output, but the identity of the output is that of some modified cell specimen which shares identity with the input unmodified cell specimen, and not with the biotin label. Thus, we see that an important criteria of 'reagent-ness' is that it is a facilitator, and not the primary focus of an investigation or material processing technique (ie not the specified subject/evaluant about which knowledge is sought, or the specified output material of the technique)." , "http://purl.obolibrary.org/obo/OBI_0000086" , "http://www.w3.org/2000/01/rdf-schema#comment" , "(copied from ReO)
Reagents are distinguished from instruments or devices that also participate in scientific techniques by the fact that reagents are chemical or biological in nature and necessarily participate in or have parts that participate in some chemical interaction or reaction during their intended participation in some technique.  By contrast, instruments do not participate in a chemical reaction/interaction during the technique.

Reagents are distinguished from study subjects/evaluants in that study subjects and evaluants are that about which conclusions are drawn and knowledge is sought in an investigation - while reagents, by definition, are not.  It should be noted, however, that reagent and study subject/evaluant roles can be borne by instances of the same type of material entity - but a given instance will realize only one of these roles in the execution of a given assay or technique. For example, taq polymerase can bear a reagent role or an evaluant role.  In a DNA sequencing assay aimed at generating sequence data about some plasmid, the reagent role of the taq polymerase is realized. In an assay to evaluate the quality of the taq polymerase itself, the evaluant/study subject role of the taq is realized, but not the reagent role since the taq is the subject about which data is generated.

In regard to the statement that reagents are 'distinct' from the specified outputs of a technique, note that a reagent may be incorporated into a material output of a technique, as long as the IDENTITY of this output is distinct from that of the bearer of the reagent role.  For example, dNTPs input into a PCR are reagents that become part of the material output of this technique, but this output has a new identity (ie that of a 'nucleic acid molecule') that is distinct from the identity of the dNTPs that comprise it.  Similarly, a biotin molecule input into a cell labeling technique are reagents that become part of the specified output, but the identity of the output is that of some modified cell specimen which shares identity with the input unmodified cell specimen, and not with the biotin label. Thus, we see that an important criteria of 'reagent-ness' is that it is a facilitator, and not the primary focus of an investigation or material processing technique (ie not the specified subject/evaluant about which knowledge is sought, or the specified output material of the technique)." ,
 "(copied from ReO)
Reagents are distinguished from instruments or devices that also participate in scientific techniques by the fact that reagents are chemical or biological in nature and necessarily participate in or have parts that participate in some chemical interaction or reaction during their intended participation in some technique.  By contrast, instruments do not participate in a chemical reaction/interaction during the technique.

Reagents are distinguished from study subjects/evaluants in that study subjects and evaluants are that about which conclusions are drawn and knowledge is sought in an investigation - while reagents, by definition, are not.  It should be noted, however, that reagent and study subject/evaluant roles can be borne by instances of the same type of material entity - but a given instance will realize only one of these roles in the execution of a given assay or technique. For example, taq polymerase can bear a reagent role or an evaluant role.  In a DNA sequencing assay aimed at generating sequence data about some plasmid, the reagent role of the taq polymerase is realized. In an assay to evaluate the quality of the taq polymerase itself, the evaluant/study subject role of the taq is realized, but not the reagent role since the taq is the subject about which data is generated.

In regard to the statement that reagents are 'distinct' from the specified outputs of a technique, note that a reagent may be incorporated into a material output of a technique, as long as the IDENTITY of this output is distinct from that of the bearer of the reagent role.  For example, dNTPs input into a PCR are reagents that become part of the material output of this technique, but this output has a new identity (ie that of a 'nucleic acid molecule') that is distinct from the identity of the dNTPs that comprise it.  Similarly, a biotin molecule input into a cell labeling technique are reagents that become part of the specified output, but the identity of the output is that of some modified cell specimen which shares identity with the input unmodified cell specimen, and not with the biotin label. Thus, we see that an important criteria of 'reagent-ness' is that it is a facilitator, and not the primary focus of an investigation or material processing technique (ie not the specified subject/evaluant about which knowledge is sought, or the specified output material of the technique)." , "http://purl.obolibrary.org/obo/OBI_0000086" , "http://purl.obolibrary.org/obo/IAO_0000111" , "reagent role" ,
 "(copied from ReO)
Reagents are distinguished from instruments or devices that also participate in scientific techniques by the fact that reagents are chemical or biological in nature and necessarily participate in or have parts that participate in some chemical interaction or reaction during their intended participation in some technique.  By contrast, instruments do not participate in a chemical reaction/interaction during the technique.

Reagents are distinguished from study subjects/evaluants in that study subjects and evaluants are that about which conclusions are drawn and knowledge is sought in an investigation - while reagents, by definition, are not.  It should be noted, however, that reagent and study subject/evaluant roles can be borne by instances of the same type of material entity - but a given instance will realize only one of these roles in the execution of a given assay or technique. For example, taq polymerase can bear a reagent role or an evaluant role.  In a DNA sequencing assay aimed at generating sequence data about some plasmid, the reagent role of the taq polymerase is realized. In an assay to evaluate the quality of the taq polymerase itself, the evaluant/study subject role of the taq is realized, but not the reagent role since the taq is the subject about which data is generated.

In regard to the statement that reagents are 'distinct' from the specified outputs of a technique, note that a reagent may be incorporated into a material output of a technique, as long as the IDENTITY of this output is distinct from that of the bearer of the reagent role.  For example, dNTPs input into a PCR are reagents that become part of the material output of this technique, but this output has a new identity (ie that of a 'nucleic acid molecule') that is distinct from the identity of the dNTPs that comprise it.  Similarly, a biotin molecule input into a cell labeling technique are reagents that become part of the specified output, but the identity of the output is that of some modified cell specimen which shares identity with the input unmodified cell specimen, and not with the biotin label. Thus, we see that an important criteria of 'reagent-ness' is that it is a facilitator, and not the primary focus of an investigation or material processing technique (ie not the specified subject/evaluant about which knowledge is sought, or the specified output material of the technique)." , "http://purl.obolibrary.org/obo/OBI_0000086" , "http://purl.obolibrary.org/obo/IAO_0000115" , "A role inhering in a biological or chemical entity that is intended to be applied in a scientific technique to participate (or have molecular components that participate) in a chemical reaction that facilitates the generation of data about some entity distinct from the bearer, or the generation of some specified material output distinct from the bearer." ,
 "(copied from ReO)
Reagents are distinguished from instruments or devices that also participate in scientific techniques by the fact that reagents are chemical or biological in nature and necessarily participate in or have parts that participate in some chemical interaction or reaction during their intended participation in some technique.  By contrast, instruments do not participate in a chemical reaction/interaction during the technique.

Reagents are distinguished from study subjects/evaluants in that study subjects and evaluants are that about which conclusions are drawn and knowledge is sought in an investigation - while reagents, by definition, are not.  It should be noted, however, that reagent and study subject/evaluant roles can be borne by instances of the same type of material entity - but a given instance will realize only one of these roles in the execution of a given assay or technique. For example, taq polymerase can bear a reagent role or an evaluant role.  In a DNA sequencing assay aimed at generating sequence data about some plasmid, the reagent role of the taq polymerase is realized. In an assay to evaluate the quality of the taq polymerase itself, the evaluant/study subject role of the taq is realized, but not the reagent role since the taq is the subject about which data is generated.

In regard to the statement that reagents are 'distinct' from the specified outputs of a technique, note that a reagent may be incorporated into a material output of a technique, as long as the IDENTITY of this output is distinct from that of the bearer of the reagent role.  For example, dNTPs input into a PCR are reagents that become part of the material output of this technique, but this output has a new identity (ie that of a 'nucleic acid molecule') that is distinct from the identity of the dNTPs that comprise it.  Similarly, a biotin molecule input into a cell labeling technique are reagents that become part of the specified output, but the identity of the output is that of some modified cell specimen which shares identity with the input unmodified cell specimen, and not with the biotin label. Thus, we see that an important criteria of 'reagent-ness' is that it is a facilitator, and not the primary focus of an investigation or material processing technique (ie not the specified subject/evaluant about which knowledge is sought, or the specified output material of the technique)." , "http://purl.obolibrary.org/obo/OBI_0000086" , "http://purl.obolibrary.org/obo/IAO_0000232" , "Feb 10, 2009.  changes after discussion at OBI Consortium Workshop Feb 2-6, 2009.  accepted as core term.

May 28 2013. Updated definition taken from ReO based on discussions initiated in Philly 2011 workshop.  Former defnition described a narrower view of reagents in chemistry that restricts bearers of the role to be chemical entities ("a role played by a molecular entity used to produce a chemical reaction to detect, measure, or produce other substances").  Updated definition allows for broader view of reagents in the domain of biomedical research to include larger materials that have parts that participate chemically in a molecular reaction or interaction.
" ,
 "(copied from ReO)
Reagents are distinguished from instruments or devices that also participate in scientific techniques by the fact that reagents are chemical or biological in nature and necessarily participate in or have parts that participate in some chemical interaction or reaction during their intended participation in some technique.  By contrast, instruments do not participate in a chemical reaction/interaction during the technique.

Reagents are distinguished from study subjects/evaluants in that study subjects and evaluants are that about which conclusions are drawn and knowledge is sought in an investigation - while reagents, by definition, are not.  It should be noted, however, that reagent and study subject/evaluant roles can be borne by instances of the same type of material entity - but a given instance will realize only one of these roles in the execution of a given assay or technique. For example, taq polymerase can bear a reagent role or an evaluant role.  In a DNA sequencing assay aimed at generating sequence data about some plasmid, the reagent role of the taq polymerase is realized. In an assay to evaluate the quality of the taq polymerase itself, the evaluant/study subject role of the taq is realized, but not the reagent role since the taq is the subject about which data is generated.

In regard to the statement that reagents are 'distinct' from the specified outputs of a technique, note that a reagent may be incorporated into a material output of a technique, as long as the IDENTITY of this output is distinct from that of the bearer of the reagent role.  For example, dNTPs input into a PCR are reagents that become part of the material output of this technique, but this output has a new identity (ie that of a 'nucleic acid molecule') that is distinct from the identity of the dNTPs that comprise it.  Similarly, a biotin molecule input into a cell labeling technique are reagents that become part of the specified output, but the identity of the output is that of some modified cell specimen which shares identity with the input unmodified cell specimen, and not with the biotin label. Thus, we see that an important criteria of 'reagent-ness' is that it is a facilitator, and not the primary focus of an investigation or material processing technique (ie not the specified subject/evaluant about which knowledge is sought, or the specified output material of the technique)." , "http://purl.obolibrary.org/obo/OBI_0000086" , "http://www.w3.org/2000/01/rdf-schema#label" , "reagent role" ,
 "(copied from ReO)
Reagents are distinguished from instruments or devices that also participate in scientific techniques by the fact that reagents are chemical or biological in nature and necessarily participate in or have parts that participate in some chemical interaction or reaction during their intended participation in some technique.  By contrast, instruments do not participate in a chemical reaction/interaction during the technique.

Reagents are distinguished from study subjects/evaluants in that study subjects and evaluants are that about which conclusions are drawn and knowledge is sought in an investigation - while reagents, by definition, are not.  It should be noted, however, that reagent and study subject/evaluant roles can be borne by instances of the same type of material entity - but a given instance will realize only one of these roles in the execution of a given assay or technique. For example, taq polymerase can bear a reagent role or an evaluant role.  In a DNA sequencing assay aimed at generating sequence data about some plasmid, the reagent role of the taq polymerase is realized. In an assay to evaluate the quality of the taq polymerase itself, the evaluant/study subject role of the taq is realized, but not the reagent role since the taq is the subject about which data is generated.

In regard to the statement that reagents are 'distinct' from the specified outputs of a technique, note that a reagent may be incorporated into a material output of a technique, as long as the IDENTITY of this output is distinct from that of the bearer of the reagent role.  For example, dNTPs input into a PCR are reagents that become part of the material output of this technique, but this output has a new identity (ie that of a 'nucleic acid molecule') that is distinct from the identity of the dNTPs that comprise it.  Similarly, a biotin molecule input into a cell labeling technique are reagents that become part of the specified output, but the identity of the output is that of some modified cell specimen which shares identity with the input unmodified cell specimen, and not with the biotin label. Thus, we see that an important criteria of 'reagent-ness' is that it is a facilitator, and not the primary focus of an investigation or material processing technique (ie not the specified subject/evaluant about which knowledge is sought, or the specified output material of the technique)." , "http://purl.obolibrary.org/obo/OBI_0000086" , "http://purl.obolibrary.org/obo/IAO_0000119" , "PERSON:Matthew Brush" ,
 "(copied from ReO)
Reagents are distinguished from instruments or devices that also participate in scientific techniques by the fact that reagents are chemical or biological in nature and necessarily participate in or have parts that participate in some chemical interaction or reaction during their intended participation in some technique.  By contrast, instruments do not participate in a chemical reaction/interaction during the technique.

Reagents are distinguished from study subjects/evaluants in that study subjects and evaluants are that about which conclusions are drawn and knowledge is sought in an investigation - while reagents, by definition, are not.  It should be noted, however, that reagent and study subject/evaluant roles can be borne by instances of the same type of material entity - but a given instance will realize only one of these roles in the execution of a given assay or technique. For example, taq polymerase can bear a reagent role or an evaluant role.  In a DNA sequencing assay aimed at generating sequence data about some plasmid, the reagent role of the taq polymerase is realized. In an assay to evaluate the quality of the taq polymerase itself, the evaluant/study subject role of the taq is realized, but not the reagent role since the taq is the subject about which data is generated.

In regard to the statement that reagents are 'distinct' from the specified outputs of a technique, note that a reagent may be incorporated into a material output of a technique, as long as the IDENTITY of this output is distinct from that of the bearer of the reagent role.  For example, dNTPs input into a PCR are reagents that become part of the material output of this technique, but this output has a new identity (ie that of a 'nucleic acid molecule') that is distinct from the identity of the dNTPs that comprise it.  Similarly, a biotin molecule input into a cell labeling technique are reagents that become part of the specified output, but the identity of the output is that of some modified cell specimen which shares identity with the input unmodified cell specimen, and not with the biotin label. Thus, we see that an important criteria of 'reagent-ness' is that it is a facilitator, and not the primary focus of an investigation or material processing technique (ie not the specified subject/evaluant about which knowledge is sought, or the specified output material of the technique)." , "http://purl.obolibrary.org/obo/OBI_0000086" , "http://purl.obolibrary.org/obo/IAO_0000114" , "http://purl.obolibrary.org/obo/IAO_0000120" ,
 "(copied from ReO)
Reagents are distinguished from instruments or devices that also participate in scientific techniques by the fact that reagents are chemical or biological in nature and necessarily participate in or have parts that participate in some chemical interaction or reaction during their intended participation in some technique.  By contrast, instruments do not participate in a chemical reaction/interaction during the technique.

Reagents are distinguished from study subjects/evaluants in that study subjects and evaluants are that about which conclusions are drawn and knowledge is sought in an investigation - while reagents, by definition, are not.  It should be noted, however, that reagent and study subject/evaluant roles can be borne by instances of the same type of material entity - but a given instance will realize only one of these roles in the execution of a given assay or technique. For example, taq polymerase can bear a reagent role or an evaluant role.  In a DNA sequencing assay aimed at generating sequence data about some plasmid, the reagent role of the taq polymerase is realized. In an assay to evaluate the quality of the taq polymerase itself, the evaluant/study subject role of the taq is realized, but not the reagent role since the taq is the subject about which data is generated.

In regard to the statement that reagents are 'distinct' from the specified outputs of a technique, note that a reagent may be incorporated into a material output of a technique, as long as the IDENTITY of this output is distinct from that of the bearer of the reagent role.  For example, dNTPs input into a PCR are reagents that become part of the material output of this technique, but this output has a new identity (ie that of a 'nucleic acid molecule') that is distinct from the identity of the dNTPs that comprise it.  Similarly, a biotin molecule input into a cell labeling technique are reagents that become part of the specified output, but the identity of the output is that of some modified cell specimen which shares identity with the input unmodified cell specimen, and not with the biotin label. Thus, we see that an important criteria of 'reagent-ness' is that it is a facilitator, and not the primary focus of an investigation or material processing technique (ie not the specified subject/evaluant about which knowledge is sought, or the specified output material of the technique)." , "http://purl.obolibrary.org/obo/OBI_0000086" , "http://purl.obolibrary.org/obo/IAO_0000117" , "PERSON:Matthew Brush" ,
 "(copied from ReO)
Reagents are distinguished from instruments or devices that also participate in scientific techniques by the fact that reagents are chemical or biological in nature and necessarily participate in or have parts that participate in some chemical interaction or reaction during their intended participation in some technique.  By contrast, instruments do not participate in a chemical reaction/interaction during the technique.

Reagents are distinguished from study subjects/evaluants in that study subjects and evaluants are that about which conclusions are drawn and knowledge is sought in an investigation - while reagents, by definition, are not.  It should be noted, however, that reagent and study subject/evaluant roles can be borne by instances of the same type of material entity - but a given instance will realize only one of these roles in the execution of a given assay or technique. For example, taq polymerase can bear a reagent role or an evaluant role.  In a DNA sequencing assay aimed at generating sequence data about some plasmid, the reagent role of the taq polymerase is realized. In an assay to evaluate the quality of the taq polymerase itself, the evaluant/study subject role of the taq is realized, but not the reagent role since the taq is the subject about which data is generated.

In regard to the statement that reagents are 'distinct' from the specified outputs of a technique, note that a reagent may be incorporated into a material output of a technique, as long as the IDENTITY of this output is distinct from that of the bearer of the reagent role.  For example, dNTPs input into a PCR are reagents that become part of the material output of this technique, but this output has a new identity (ie that of a 'nucleic acid molecule') that is distinct from the identity of the dNTPs that comprise it.  Similarly, a biotin molecule input into a cell labeling technique are reagents that become part of the specified output, but the identity of the output is that of some modified cell specimen which shares identity with the input unmodified cell specimen, and not with the biotin label. Thus, we see that an important criteria of 'reagent-ness' is that it is a facilitator, and not the primary focus of an investigation or material processing technique (ie not the specified subject/evaluant about which knowledge is sought, or the specified output material of the technique)." , "http://purl.obolibrary.org/obo/OBI_0000086" , "http://purl.obolibrary.org/obo/IAO_0000112" , "Buffer, dye, a catalyst, a solvating agent." ,
 "(copied from ReO)
Reagents are distinguished from instruments or devices that also participate in scientific techniques by the fact that reagents are chemical or biological in nature and necessarily participate in or have parts that participate in some chemical interaction or reaction during their intended participation in some technique.  By contrast, instruments do not participate in a chemical reaction/interaction during the technique.

Reagents are distinguished from study subjects/evaluants in that study subjects and evaluants are that about which conclusions are drawn and knowledge is sought in an investigation - while reagents, by definition, are not.  It should be noted, however, that reagent and study subject/evaluant roles can be borne by instances of the same type of material entity - but a given instance will realize only one of these roles in the execution of a given assay or technique. For example, taq polymerase can bear a reagent role or an evaluant role.  In a DNA sequencing assay aimed at generating sequence data about some plasmid, the reagent role of the taq polymerase is realized. In an assay to evaluate the quality of the taq polymerase itself, the evaluant/study subject role of the taq is realized, but not the reagent role since the taq is the subject about which data is generated.

In regard to the statement that reagents are 'distinct' from the specified outputs of a technique, note that a reagent may be incorporated into a material output of a technique, as long as the IDENTITY of this output is distinct from that of the bearer of the reagent role.  For example, dNTPs input into a PCR are reagents that become part of the material output of this technique, but this output has a new identity (ie that of a 'nucleic acid molecule') that is distinct from the identity of the dNTPs that comprise it.  Similarly, a biotin molecule input into a cell labeling technique are reagents that become part of the specified output, but the identity of the output is that of some modified cell specimen which shares identity with the input unmodified cell specimen, and not with the biotin label. Thus, we see that an important criteria of 'reagent-ness' is that it is a facilitator, and not the primary focus of an investigation or material processing technique (ie not the specified subject/evaluant about which knowledge is sought, or the specified output material of the technique)." , "http://purl.obolibrary.org/obo/OBI_0000086" , "http://purl.obolibrary.org/obo/IAO_0000118" , "reagent" ,
 "(copied from ReO)
Reagents are distinguished from instruments or devices that also participate in scientific techniques by the fact that reagents are chemical or biological in nature and necessarily participate in or have parts that participate in some chemical interaction or reaction during their intended participation in some technique.  By contrast, instruments do not participate in a chemical reaction/interaction during the technique.

Reagents are distinguished from study subjects/evaluants in that study subjects and evaluants are that about which conclusions are drawn and knowledge is sought in an investigation - while reagents, by definition, are not.  It should be noted, however, that reagent and study subject/evaluant roles can be borne by instances of the same type of material entity - but a given instance will realize only one of these roles in the execution of a given assay or technique. For example, taq polymerase can bear a reagent role or an evaluant role.  In a DNA sequencing assay aimed at generating sequence data about some plasmid, the reagent role of the taq polymerase is realized. In an assay to evaluate the quality of the taq polymerase itself, the evaluant/study subject role of the taq is realized, but not the reagent role since the taq is the subject about which data is generated.

In regard to the statement that reagents are 'distinct' from the specified outputs of a technique, note that a reagent may be incorporated into a material output of a technique, as long as the IDENTITY of this output is distinct from that of the bearer of the reagent role.  For example, dNTPs input into a PCR are reagents that become part of the material output of this technique, but this output has a new identity (ie that of a 'nucleic acid molecule') that is distinct from the identity of the dNTPs that comprise it.  Similarly, a biotin molecule input into a cell labeling technique are reagents that become part of the specified output, but the identity of the output is that of some modified cell specimen which shares identity with the input unmodified cell specimen, and not with the biotin label. Thus, we see that an important criteria of 'reagent-ness' is that it is a facilitator, and not the primary focus of an investigation or material processing technique (ie not the specified subject/evaluant about which knowledge is sought, or the specified output material of the technique)." , "http://purl.obolibrary.org/obo/OBI_0000086" , "http://www.w3.org/2000/01/rdf-schema#subClassOf" , "http://purl.obolibrary.org/obo/BFO_0000023" ,
 "(copied from ReO)
Reagents are distinguished from devices/instruments that also serve as facilitators in scientific techniques by the fact that reagents are chemical or biological in nature and necessarily participate in or have parts that participate in some chemical interaction or reaction during their intended participation in some technique.  By contrast, devices do not participate in a chemical reaction/interaction during the technique.

Reagents are distinguished from study subjects/evaluants in that study subjects and evaluants are that about which conclusions are drawn and knowledge is sought in an investigation - while reagents, by definition, are not.  It should be noted, however, that reagent and study subject/evaluant roles can be borne by instances of the same type of material entity - but a given instance can only realize one of these roles in the execution of a given  assay. For example, taq polymerase can bear a reagent role or an evaluant role.  In a DNA sequencing assay aimed at generating sequence data about some plasmid, the reagent role of the taq polymerase is realized. In an assay to evaluate the quality of the taq polymerase itself, the evaluant/study subject role of the taq is realized, but not the reagent role since the taq is the subject about which data is generated.

In regard to the statement that reagents are 'distinct' from the specified outputs of a technique:  note that a reagent may be incorporated into a material output of a technique, as long as the IDENTITY of this output is distinct from that of the bearer of the reagent role.  For example, dNTPs input into a PCR are reagents that become part of the material output of this technique, but this output has a new identity (ie that of a 'nucleic acid molecule') that is distinct from the identity of the dNTPs that comprise it.  Similarly, a biotin molecule input into a cell labeling technique are reagents that become part of the specified output, but the identity of the output is that of some modified cell specimen which shares identity with the input unmodified cell specimen, and not with the biotin label. Thus, we see that an important criteria of 'reagent-ness' is that it is a facilitator, and not the primary focus of an investigation or material processing technique (ie not the specified subject/evaluant about which knowledge is sought, or the specified output material of the technique)." , "http://purl.obolibrary.org/obo/OBI_0001879" , "http://www.w3.org/1999/02/22-rdf-syntax-ns#type" , "http://www.w3.org/2002/07/owl#Class" ,
 "(copied from ReO)
Reagents are distinguished from devices/instruments that also serve as facilitators in scientific techniques by the fact that reagents are chemical or biological in nature and necessarily participate in or have parts that participate in some chemical interaction or reaction during their intended participation in some technique.  By contrast, devices do not participate in a chemical reaction/interaction during the technique.

Reagents are distinguished from study subjects/evaluants in that study subjects and evaluants are that about which conclusions are drawn and knowledge is sought in an investigation - while reagents, by definition, are not.  It should be noted, however, that reagent and study subject/evaluant roles can be borne by instances of the same type of material entity - but a given instance can only realize one of these roles in the execution of a given  assay. For example, taq polymerase can bear a reagent role or an evaluant role.  In a DNA sequencing assay aimed at generating sequence data about some plasmid, the reagent role of the taq polymerase is realized. In an assay to evaluate the quality of the taq polymerase itself, the evaluant/study subject role of the taq is realized, but not the reagent role since the taq is the subject about which data is generated.

In regard to the statement that reagents are 'distinct' from the specified outputs of a technique:  note that a reagent may be incorporated into a material output of a technique, as long as the IDENTITY of this output is distinct from that of the bearer of the reagent role.  For example, dNTPs input into a PCR are reagents that become part of the material output of this technique, but this output has a new identity (ie that of a 'nucleic acid molecule') that is distinct from the identity of the dNTPs that comprise it.  Similarly, a biotin molecule input into a cell labeling technique are reagents that become part of the specified output, but the identity of the output is that of some modified cell specimen which shares identity with the input unmodified cell specimen, and not with the biotin label. Thus, we see that an important criteria of 'reagent-ness' is that it is a facilitator, and not the primary focus of an investigation or material processing technique (ie not the specified subject/evaluant about which knowledge is sought, or the specified output material of the technique)." , "http://purl.obolibrary.org/obo/OBI_0001879" , "http://www.w3.org/2000/01/rdf-schema#comment" , "(copied from ReO)
Reagents are distinguished from devices/instruments that also serve as facilitators in scientific techniques by the fact that reagents are chemical or biological in nature and necessarily participate in or have parts that participate in some chemical interaction or reaction during their intended participation in some technique.  By contrast, devices do not participate in a chemical reaction/interaction during the technique.

Reagents are distinguished from study subjects/evaluants in that study subjects and evaluants are that about which conclusions are drawn and knowledge is sought in an investigation - while reagents, by definition, are not.  It should be noted, however, that reagent and study subject/evaluant roles can be borne by instances of the same type of material entity - but a given instance can only realize one of these roles in the execution of a given  assay. For example, taq polymerase can bear a reagent role or an evaluant role.  In a DNA sequencing assay aimed at generating sequence data about some plasmid, the reagent role of the taq polymerase is realized. In an assay to evaluate the quality of the taq polymerase itself, the evaluant/study subject role of the taq is realized, but not the reagent role since the taq is the subject about which data is generated.

In regard to the statement that reagents are 'distinct' from the specified outputs of a technique:  note that a reagent may be incorporated into a material output of a technique, as long as the IDENTITY of this output is distinct from that of the bearer of the reagent role.  For example, dNTPs input into a PCR are reagents that become part of the material output of this technique, but this output has a new identity (ie that of a 'nucleic acid molecule') that is distinct from the identity of the dNTPs that comprise it.  Similarly, a biotin molecule input into a cell labeling technique are reagents that become part of the specified output, but the identity of the output is that of some modified cell specimen which shares identity with the input unmodified cell specimen, and not with the biotin label. Thus, we see that an important criteria of 'reagent-ness' is that it is a facilitator, and not the primary focus of an investigation or material processing technique (ie not the specified subject/evaluant about which knowledge is sought, or the specified output material of the technique)." ,
 "(copied from ReO)
Reagents are distinguished from devices/instruments that also serve as facilitators in scientific techniques by the fact that reagents are chemical or biological in nature and necessarily participate in or have parts that participate in some chemical interaction or reaction during their intended participation in some technique.  By contrast, devices do not participate in a chemical reaction/interaction during the technique.

Reagents are distinguished from study subjects/evaluants in that study subjects and evaluants are that about which conclusions are drawn and knowledge is sought in an investigation - while reagents, by definition, are not.  It should be noted, however, that reagent and study subject/evaluant roles can be borne by instances of the same type of material entity - but a given instance can only realize one of these roles in the execution of a given  assay. For example, taq polymerase can bear a reagent role or an evaluant role.  In a DNA sequencing assay aimed at generating sequence data about some plasmid, the reagent role of the taq polymerase is realized. In an assay to evaluate the quality of the taq polymerase itself, the evaluant/study subject role of the taq is realized, but not the reagent role since the taq is the subject about which data is generated.

In regard to the statement that reagents are 'distinct' from the specified outputs of a technique:  note that a reagent may be incorporated into a material output of a technique, as long as the IDENTITY of this output is distinct from that of the bearer of the reagent role.  For example, dNTPs input into a PCR are reagents that become part of the material output of this technique, but this output has a new identity (ie that of a 'nucleic acid molecule') that is distinct from the identity of the dNTPs that comprise it.  Similarly, a biotin molecule input into a cell labeling technique are reagents that become part of the specified output, but the identity of the output is that of some modified cell specimen which shares identity with the input unmodified cell specimen, and not with the biotin label. Thus, we see that an important criteria of 'reagent-ness' is that it is a facilitator, and not the primary focus of an investigation or material processing technique (ie not the specified subject/evaluant about which knowledge is sought, or the specified output material of the technique)." , "http://purl.obolibrary.org/obo/OBI_0001879" , "http://purl.obolibrary.org/obo/IAO_0000111" , "reagent" ,
 "(copied from ReO)
Reagents are distinguished from devices/instruments that also serve as facilitators in scientific techniques by the fact that reagents are chemical or biological in nature and necessarily participate in or have parts that participate in some chemical interaction or reaction during their intended participation in some technique.  By contrast, devices do not participate in a chemical reaction/interaction during the technique.

Reagents are distinguished from study subjects/evaluants in that study subjects and evaluants are that about which conclusions are drawn and knowledge is sought in an investigation - while reagents, by definition, are not.  It should be noted, however, that reagent and study subject/evaluant roles can be borne by instances of the same type of material entity - but a given instance can only realize one of these roles in the execution of a given  assay. For example, taq polymerase can bear a reagent role or an evaluant role.  In a DNA sequencing assay aimed at generating sequence data about some plasmid, the reagent role of the taq polymerase is realized. In an assay to evaluate the quality of the taq polymerase itself, the evaluant/study subject role of the taq is realized, but not the reagent role since the taq is the subject about which data is generated.

In regard to the statement that reagents are 'distinct' from the specified outputs of a technique:  note that a reagent may be incorporated into a material output of a technique, as long as the IDENTITY of this output is distinct from that of the bearer of the reagent role.  For example, dNTPs input into a PCR are reagents that become part of the material output of this technique, but this output has a new identity (ie that of a 'nucleic acid molecule') that is distinct from the identity of the dNTPs that comprise it.  Similarly, a biotin molecule input into a cell labeling technique are reagents that become part of the specified output, but the identity of the output is that of some modified cell specimen which shares identity with the input unmodified cell specimen, and not with the biotin label. Thus, we see that an important criteria of 'reagent-ness' is that it is a facilitator, and not the primary focus of an investigation or material processing technique (ie not the specified subject/evaluant about which knowledge is sought, or the specified output material of the technique)." , "http://purl.obolibrary.org/obo/OBI_0001879" , "http://purl.obolibrary.org/obo/IAO_0000115" , "A biological or chemical entity that bears a reagent role in virtue of it being intended for application in a scientific technique  to participate in (or have molecular parts that participate in) a chemical reaction that facilitates the generation of data about some distinct entity, or the generation of some distinct material specified output." ,
 "(copied from ReO)
Reagents are distinguished from devices/instruments that also serve as facilitators in scientific techniques by the fact that reagents are chemical or biological in nature and necessarily participate in or have parts that participate in some chemical interaction or reaction during their intended participation in some technique.  By contrast, devices do not participate in a chemical reaction/interaction during the technique.

Reagents are distinguished from study subjects/evaluants in that study subjects and evaluants are that about which conclusions are drawn and knowledge is sought in an investigation - while reagents, by definition, are not.  It should be noted, however, that reagent and study subject/evaluant roles can be borne by instances of the same type of material entity - but a given instance can only realize one of these roles in the execution of a given  assay. For example, taq polymerase can bear a reagent role or an evaluant role.  In a DNA sequencing assay aimed at generating sequence data about some plasmid, the reagent role of the taq polymerase is realized. In an assay to evaluate the quality of the taq polymerase itself, the evaluant/study subject role of the taq is realized, but not the reagent role since the taq is the subject about which data is generated.

In regard to the statement that reagents are 'distinct' from the specified outputs of a technique:  note that a reagent may be incorporated into a material output of a technique, as long as the IDENTITY of this output is distinct from that of the bearer of the reagent role.  For example, dNTPs input into a PCR are reagents that become part of the material output of this technique, but this output has a new identity (ie that of a 'nucleic acid molecule') that is distinct from the identity of the dNTPs that comprise it.  Similarly, a biotin molecule input into a cell labeling technique are reagents that become part of the specified output, but the identity of the output is that of some modified cell specimen which shares identity with the input unmodified cell specimen, and not with the biotin label. Thus, we see that an important criteria of 'reagent-ness' is that it is a facilitator, and not the primary focus of an investigation or material processing technique (ie not the specified subject/evaluant about which knowledge is sought, or the specified output material of the technique)." , "http://purl.obolibrary.org/obo/OBI_0001879" , "http://www.w3.org/2000/01/rdf-schema#label" , "reagent" ,
 "(copied from ReO)
Reagents are distinguished from devices/instruments that also serve as facilitators in scientific techniques by the fact that reagents are chemical or biological in nature and necessarily participate in or have parts that participate in some chemical interaction or reaction during their intended participation in some technique.  By contrast, devices do not participate in a chemical reaction/interaction during the technique.

Reagents are distinguished from study subjects/evaluants in that study subjects and evaluants are that about which conclusions are drawn and knowledge is sought in an investigation - while reagents, by definition, are not.  It should be noted, however, that reagent and study subject/evaluant roles can be borne by instances of the same type of material entity - but a given instance can only realize one of these roles in the execution of a given  assay. For example, taq polymerase can bear a reagent role or an evaluant role.  In a DNA sequencing assay aimed at generating sequence data about some plasmid, the reagent role of the taq polymerase is realized. In an assay to evaluate the quality of the taq polymerase itself, the evaluant/study subject role of the taq is realized, but not the reagent role since the taq is the subject about which data is generated.

In regard to the statement that reagents are 'distinct' from the specified outputs of a technique:  note that a reagent may be incorporated into a material output of a technique, as long as the IDENTITY of this output is distinct from that of the bearer of the reagent role.  For example, dNTPs input into a PCR are reagents that become part of the material output of this technique, but this output has a new identity (ie that of a 'nucleic acid molecule') that is distinct from the identity of the dNTPs that comprise it.  Similarly, a biotin molecule input into a cell labeling technique are reagents that become part of the specified output, but the identity of the output is that of some modified cell specimen which shares identity with the input unmodified cell specimen, and not with the biotin label. Thus, we see that an important criteria of 'reagent-ness' is that it is a facilitator, and not the primary focus of an investigation or material processing technique (ie not the specified subject/evaluant about which knowledge is sought, or the specified output material of the technique)." , "http://purl.obolibrary.org/obo/OBI_0001879" , "http://purl.obolibrary.org/obo/IAO_0000119" , "PERSON:Matthew Brush" ,
 "(copied from ReO)
Reagents are distinguished from devices/instruments that also serve as facilitators in scientific techniques by the fact that reagents are chemical or biological in nature and necessarily participate in or have parts that participate in some chemical interaction or reaction during their intended participation in some technique.  By contrast, devices do not participate in a chemical reaction/interaction during the technique.

Reagents are distinguished from study subjects/evaluants in that study subjects and evaluants are that about which conclusions are drawn and knowledge is sought in an investigation - while reagents, by definition, are not.  It should be noted, however, that reagent and study subject/evaluant roles can be borne by instances of the same type of material entity - but a given instance can only realize one of these roles in the execution of a given  assay. For example, taq polymerase can bear a reagent role or an evaluant role.  In a DNA sequencing assay aimed at generating sequence data about some plasmid, the reagent role of the taq polymerase is realized. In an assay to evaluate the quality of the taq polymerase itself, the evaluant/study subject role of the taq is realized, but not the reagent role since the taq is the subject about which data is generated.

In regard to the statement that reagents are 'distinct' from the specified outputs of a technique:  note that a reagent may be incorporated into a material output of a technique, as long as the IDENTITY of this output is distinct from that of the bearer of the reagent role.  For example, dNTPs input into a PCR are reagents that become part of the material output of this technique, but this output has a new identity (ie that of a 'nucleic acid molecule') that is distinct from the identity of the dNTPs that comprise it.  Similarly, a biotin molecule input into a cell labeling technique are reagents that become part of the specified output, but the identity of the output is that of some modified cell specimen which shares identity with the input unmodified cell specimen, and not with the biotin label. Thus, we see that an important criteria of 'reagent-ness' is that it is a facilitator, and not the primary focus of an investigation or material processing technique (ie not the specified subject/evaluant about which knowledge is sought, or the specified output material of the technique)." , "http://purl.obolibrary.org/obo/OBI_0001879" , "http://purl.obolibrary.org/obo/IAO_0000114" , "http://purl.obolibrary.org/obo/IAO_0000120" ,
 "(copied from ReO)
Reagents are distinguished from devices/instruments that also serve as facilitators in scientific techniques by the fact that reagents are chemical or biological in nature and necessarily participate in or have parts that participate in some chemical interaction or reaction during their intended participation in some technique.  By contrast, devices do not participate in a chemical reaction/interaction during the technique.

Reagents are distinguished from study subjects/evaluants in that study subjects and evaluants are that about which conclusions are drawn and knowledge is sought in an investigation - while reagents, by definition, are not.  It should be noted, however, that reagent and study subject/evaluant roles can be borne by instances of the same type of material entity - but a given instance can only realize one of these roles in the execution of a given  assay. For example, taq polymerase can bear a reagent role or an evaluant role.  In a DNA sequencing assay aimed at generating sequence data about some plasmid, the reagent role of the taq polymerase is realized. In an assay to evaluate the quality of the taq polymerase itself, the evaluant/study subject role of the taq is realized, but not the reagent role since the taq is the subject about which data is generated.

In regard to the statement that reagents are 'distinct' from the specified outputs of a technique:  note that a reagent may be incorporated into a material output of a technique, as long as the IDENTITY of this output is distinct from that of the bearer of the reagent role.  For example, dNTPs input into a PCR are reagents that become part of the material output of this technique, but this output has a new identity (ie that of a 'nucleic acid molecule') that is distinct from the identity of the dNTPs that comprise it.  Similarly, a biotin molecule input into a cell labeling technique are reagents that become part of the specified output, but the identity of the output is that of some modified cell specimen which shares identity with the input unmodified cell specimen, and not with the biotin label. Thus, we see that an important criteria of 'reagent-ness' is that it is a facilitator, and not the primary focus of an investigation or material processing technique (ie not the specified subject/evaluant about which knowledge is sought, or the specified output material of the technique)." , "http://purl.obolibrary.org/obo/OBI_0001879" , "http://purl.obolibrary.org/obo/IAO_0000117" , "PERSON:Matthew Brush" ,
 "(copied from ReO)
Reagents are distinguished from devices/instruments that also serve as facilitators in scientific techniques by the fact that reagents are chemical or biological in nature and necessarily participate in or have parts that participate in some chemical interaction or reaction during their intended participation in some technique.  By contrast, devices do not participate in a chemical reaction/interaction during the technique.

Reagents are distinguished from study subjects/evaluants in that study subjects and evaluants are that about which conclusions are drawn and knowledge is sought in an investigation - while reagents, by definition, are not.  It should be noted, however, that reagent and study subject/evaluant roles can be borne by instances of the same type of material entity - but a given instance can only realize one of these roles in the execution of a given  assay. For example, taq polymerase can bear a reagent role or an evaluant role.  In a DNA sequencing assay aimed at generating sequence data about some plasmid, the reagent role of the taq polymerase is realized. In an assay to evaluate the quality of the taq polymerase itself, the evaluant/study subject role of the taq is realized, but not the reagent role since the taq is the subject about which data is generated.

In regard to the statement that reagents are 'distinct' from the specified outputs of a technique:  note that a reagent may be incorporated into a material output of a technique, as long as the IDENTITY of this output is distinct from that of the bearer of the reagent role.  For example, dNTPs input into a PCR are reagents that become part of the material output of this technique, but this output has a new identity (ie that of a 'nucleic acid molecule') that is distinct from the identity of the dNTPs that comprise it.  Similarly, a biotin molecule input into a cell labeling technique are reagents that become part of the specified output, but the identity of the output is that of some modified cell specimen which shares identity with the input unmodified cell specimen, and not with the biotin label. Thus, we see that an important criteria of 'reagent-ness' is that it is a facilitator, and not the primary focus of an investigation or material processing technique (ie not the specified subject/evaluant about which knowledge is sought, or the specified output material of the technique)." , "http://purl.obolibrary.org/obo/OBI_0001879" , "http://purl.obolibrary.org/obo/IAO_0000116" , "2013-6-5 MHB: Clarifications regarding the distinction between reagetns and devices were made at the May 2013 Philly Workshop. Reagents are distinguished from devices that also participate in scientific techniques by the fact that reagents are chemical or biological in nature and necessarily participate in some chemical interaction or reaction during the realization of their experimental role. By contrast, devices do not participate in such chemical reactions/interactions.  Note that there are cases where devices use reagent components during their operation, where the reagent-device distinction is less clear.  For examples, see editor note on OBI:device." ,
 "(copied from ReO)
Reagents are distinguished from devices/instruments that also serve as facilitators in scientific techniques by the fact that reagents are chemical or biological in nature and necessarily participate in or have parts that participate in some chemical interaction or reaction during their intended participation in some technique.  By contrast, devices do not participate in a chemical reaction/interaction during the technique.

Reagents are distinguished from study subjects/evaluants in that study subjects and evaluants are that about which conclusions are drawn and knowledge is sought in an investigation - while reagents, by definition, are not.  It should be noted, however, that reagent and study subject/evaluant roles can be borne by instances of the same type of material entity - but a given instance can only realize one of these roles in the execution of a given  assay. For example, taq polymerase can bear a reagent role or an evaluant role.  In a DNA sequencing assay aimed at generating sequence data about some plasmid, the reagent role of the taq polymerase is realized. In an assay to evaluate the quality of the taq polymerase itself, the evaluant/study subject role of the taq is realized, but not the reagent role since the taq is the subject about which data is generated.

In regard to the statement that reagents are 'distinct' from the specified outputs of a technique:  note that a reagent may be incorporated into a material output of a technique, as long as the IDENTITY of this output is distinct from that of the bearer of the reagent role.  For example, dNTPs input into a PCR are reagents that become part of the material output of this technique, but this output has a new identity (ie that of a 'nucleic acid molecule') that is distinct from the identity of the dNTPs that comprise it.  Similarly, a biotin molecule input into a cell labeling technique are reagents that become part of the specified output, but the identity of the output is that of some modified cell specimen which shares identity with the input unmodified cell specimen, and not with the biotin label. Thus, we see that an important criteria of 'reagent-ness' is that it is a facilitator, and not the primary focus of an investigation or material processing technique (ie not the specified subject/evaluant about which knowledge is sought, or the specified output material of the technique)." , "http://purl.obolibrary.org/obo/OBI_0001879" , "http://www.w3.org/2000/01/rdf-schema#subClassOf" , "http://purl.obolibrary.org/obo/OBI_0000047" ,
 "(copied from ReO)
Reagents are distinguished from devices/instruments that also serve as facilitators in scientific techniques by the fact that reagents are chemical or biological in nature and necessarily participate in or have parts that participate in some chemical interaction or reaction during their intended participation in some technique.  By contrast, devices do not participate in a chemical reaction/interaction during the technique.

Reagents are distinguished from study subjects/evaluants in that study subjects and evaluants are that about which conclusions are drawn and knowledge is sought in an investigation - while reagents, by definition, are not.  It should be noted, however, that reagent and study subject/evaluant roles can be borne by instances of the same type of material entity - but a given instance can only realize one of these roles in the execution of a given  assay. For example, taq polymerase can bear a reagent role or an evaluant role.  In a DNA sequencing assay aimed at generating sequence data about some plasmid, the reagent role of the taq polymerase is realized. In an assay to evaluate the quality of the taq polymerase itself, the evaluant/study subject role of the taq is realized, but not the reagent role since the taq is the subject about which data is generated.

In regard to the statement that reagents are 'distinct' from the specified outputs of a technique:  note that a reagent may be incorporated into a material output of a technique, as long as the IDENTITY of this output is distinct from that of the bearer of the reagent role.  For example, dNTPs input into a PCR are reagents that become part of the material output of this technique, but this output has a new identity (ie that of a 'nucleic acid molecule') that is distinct from the identity of the dNTPs that comprise it.  Similarly, a biotin molecule input into a cell labeling technique are reagents that become part of the specified output, but the identity of the output is that of some modified cell specimen which shares identity with the input unmodified cell specimen, and not with the biotin label. Thus, we see that an important criteria of 'reagent-ness' is that it is a facilitator, and not the primary focus of an investigation or material processing technique (ie not the specified subject/evaluant about which knowledge is sought, or the specified output material of the technique)." , "http://purl.obolibrary.org/obo/OBI_0001879" , "http://www.w3.org/2000/01/rdf-schema#subClassOf" , "b620" ,
 "(copied from ReO)
Reagents are distinguished from devices/instruments that also serve as facilitators in scientific techniques by the fact that reagents are chemical or biological in nature and necessarily participate in or have parts that participate in some chemical interaction or reaction during their intended participation in some technique.  By contrast, devices do not participate in a chemical reaction/interaction during the technique.

Reagents are distinguished from study subjects/evaluants in that study subjects and evaluants are that about which conclusions are drawn and knowledge is sought in an investigation - while reagents, by definition, are not.  It should be noted, however, that reagent and study subject/evaluant roles can be borne by instances of the same type of material entity - but a given instance can only realize one of these roles in the execution of a given  assay. For example, taq polymerase can bear a reagent role or an evaluant role.  In a DNA sequencing assay aimed at generating sequence data about some plasmid, the reagent role of the taq polymerase is realized. In an assay to evaluate the quality of the taq polymerase itself, the evaluant/study subject role of the taq is realized, but not the reagent role since the taq is the subject about which data is generated.

In regard to the statement that reagents are 'distinct' from the specified outputs of a technique:  note that a reagent may be incorporated into a material output of a technique, as long as the IDENTITY of this output is distinct from that of the bearer of the reagent role.  For example, dNTPs input into a PCR are reagents that become part of the material output of this technique, but this output has a new identity (ie that of a 'nucleic acid molecule') that is distinct from the identity of the dNTPs that comprise it.  Similarly, a biotin molecule input into a cell labeling technique are reagents that become part of the specified output, but the identity of the output is that of some modified cell specimen which shares identity with the input unmodified cell specimen, and not with the biotin label. Thus, we see that an important criteria of 'reagent-ness' is that it is a facilitator, and not the primary focus of an investigation or material processing technique (ie not the specified subject/evaluant about which knowledge is sought, or the specified output material of the technique)." , "http://purl.obolibrary.org/obo/OBI_0001879" , "http://www.w3.org/2002/07/owl#equivalentClass" , "b621" ,
 "A 'cell culture' as used here referes to a new lineage of cells in culture deriving from a single biological source.. New cultures are established through the initial isolation and culturing of cells from an organismal source, or through changes in an existing cell culture or line that result in a new culture with unique characteristics.  This can occur through the passaging/selection of a primary culture into a secondary culture or line, or experimental modifications of an existing cell culture or line such as an immortalization process or other stable genetic modification. This class covers establishment of cultures of either multicellular organism cells or unicellular organisms." , "http://purl.obolibrary.org/obo/OBI_0600036" , "http://www.w3.org/1999/02/22-rdf-syntax-ns#type" , "http://www.w3.org/2002/07/owl#Class" ,
 "A 'cell culture' as used here referes to a new lineage of cells in culture deriving from a single biological source.. New cultures are established through the initial isolation and culturing of cells from an organismal source, or through changes in an existing cell culture or line that result in a new culture with unique characteristics.  This can occur through the passaging/selection of a primary culture into a secondary culture or line, or experimental modifications of an existing cell culture or line such as an immortalization process or other stable genetic modification. This class covers establishment of cultures of either multicellular organism cells or unicellular organisms." , "http://purl.obolibrary.org/obo/OBI_0600036" , "http://www.w3.org/2000/01/rdf-schema#comment" , "A 'cell culture' as used here referes to a new lineage of cells in culture deriving from a single biological source.. New cultures are established through the initial isolation and culturing of cells from an organismal source, or through changes in an existing cell culture or line that result in a new culture with unique characteristics.  This can occur through the passaging/selection of a primary culture into a secondary culture or line, or experimental modifications of an existing cell culture or line such as an immortalization process or other stable genetic modification. This class covers establishment of cultures of either multicellular organism cells or unicellular organisms." ,
 "A 'cell culture' as used here referes to a new lineage of cells in culture deriving from a single biological source.. New cultures are established through the initial isolation and culturing of cells from an organismal source, or through changes in an existing cell culture or line that result in a new culture with unique characteristics.  This can occur through the passaging/selection of a primary culture into a secondary culture or line, or experimental modifications of an existing cell culture or line such as an immortalization process or other stable genetic modification. This class covers establishment of cultures of either multicellular organism cells or unicellular organisms." , "http://purl.obolibrary.org/obo/OBI_0600036" , "http://purl.obolibrary.org/obo/IAO_0000111" , "establishing cell culture" ,
 "A 'cell culture' as used here referes to a new lineage of cells in culture deriving from a single biological source.. New cultures are established through the initial isolation and culturing of cells from an organismal source, or through changes in an existing cell culture or line that result in a new culture with unique characteristics.  This can occur through the passaging/selection of a primary culture into a secondary culture or line, or experimental modifications of an existing cell culture or line such as an immortalization process or other stable genetic modification. This class covers establishment of cultures of either multicellular organism cells or unicellular organisms." , "http://purl.obolibrary.org/obo/OBI_0600036" , "http://purl.obolibrary.org/obo/IAO_0000115" , "a process through which a new type of cell culture or cell line is created, either through the isolation and culture of one or more cells from a fresh source, or the deliberate experimental modification of an existing cell culture (e.g passaging a primary culture to become a secondary culture or line, or the immortalization or stable genetic modification of an existing culture or line)." ,
 "A 'cell culture' as used here referes to a new lineage of cells in culture deriving from a single biological source.. New cultures are established through the initial isolation and culturing of cells from an organismal source, or through changes in an existing cell culture or line that result in a new culture with unique characteristics.  This can occur through the passaging/selection of a primary culture into a secondary culture or line, or experimental modifications of an existing cell culture or line such as an immortalization process or other stable genetic modification. This class covers establishment of cultures of either multicellular organism cells or unicellular organisms." , "http://purl.obolibrary.org/obo/OBI_0600036" , "http://www.w3.org/2000/01/rdf-schema#label" , "establishing cell culture" ,
 "A 'cell culture' as used here referes to a new lineage of cells in culture deriving from a single biological source.. New cultures are established through the initial isolation and culturing of cells from an organismal source, or through changes in an existing cell culture or line that result in a new culture with unique characteristics.  This can occur through the passaging/selection of a primary culture into a secondary culture or line, or experimental modifications of an existing cell culture or line such as an immortalization process or other stable genetic modification. This class covers establishment of cultures of either multicellular organism cells or unicellular organisms." , "http://purl.obolibrary.org/obo/OBI_0600036" , "http://purl.obolibrary.org/obo/IAO_0000119" , "PERSON:Matthew Brush" ,
 "A 'cell culture' as used here referes to a new lineage of cells in culture deriving from a single biological source.. New cultures are established through the initial isolation and culturing of cells from an organismal source, or through changes in an existing cell culture or line that result in a new culture with unique characteristics.  This can occur through the passaging/selection of a primary culture into a secondary culture or line, or experimental modifications of an existing cell culture or line such as an immortalization process or other stable genetic modification. This class covers establishment of cultures of either multicellular organism cells or unicellular organisms." , "http://purl.obolibrary.org/obo/OBI_0600036" , "http://purl.obolibrary.org/obo/IAO_0000114" , "http://purl.obolibrary.org/obo/IAO_0000120" ,
 "A 'cell culture' as used here referes to a new lineage of cells in culture deriving from a single biological source.. New cultures are established through the initial isolation and culturing of cells from an organismal source, or through changes in an existing cell culture or line that result in a new culture with unique characteristics.  This can occur through the passaging/selection of a primary culture into a secondary culture or line, or experimental modifications of an existing cell culture or line such as an immortalization process or other stable genetic modification. This class covers establishment of cultures of either multicellular organism cells or unicellular organisms." , "http://purl.obolibrary.org/obo/OBI_0600036" , "http://purl.obolibrary.org/obo/IAO_0000117" , "PERSON:Matthew Brush" ,
 "A 'cell culture' as used here referes to a new lineage of cells in culture deriving from a single biological source.. New cultures are established through the initial isolation and culturing of cells from an organismal source, or through changes in an existing cell culture or line that result in a new culture with unique characteristics.  This can occur through the passaging/selection of a primary culture into a secondary culture or line, or experimental modifications of an existing cell culture or line such as an immortalization process or other stable genetic modification. This class covers establishment of cultures of either multicellular organism cells or unicellular organisms." , "http://purl.obolibrary.org/obo/OBI_0600036" , "http://www.w3.org/2000/01/rdf-schema#subClassOf" , "http://purl.obolibrary.org/obo/OBI_0000094" ,
 "A 'cell culture' as used here referes to a new lineage of cells in culture deriving from a single biological source.. New cultures are established through the initial isolation and culturing of cells from an organismal source, or through changes in an existing cell culture or line that result in a new culture with unique characteristics.  This can occur through the passaging/selection of a primary culture into a secondary culture or line, or experimental modifications of an existing cell culture or line such as an immortalization process or other stable genetic modification. This class covers establishment of cultures of either multicellular organism cells or unicellular organisms." , "http://purl.obolibrary.org/obo/OBI_0600036" , "http://www.w3.org/2000/01/rdf-schema#subClassOf" , "b622" ,
 "A 'cell culture' as used here referes to a new lineage of cells in culture deriving from a single biological source.. New cultures are established through the initial isolation and culturing of cells from an organismal source, or through changes in an existing cell culture or line that result in a new culture with unique characteristics.  This can occur through the passaging/selection of a primary culture into a secondary culture or line, or experimental modifications of an existing cell culture or line such as an immortalization process or other stable genetic modification. This class covers establishment of cultures of either multicellular organism cells or unicellular organisms." , "http://purl.obolibrary.org/obo/OBI_0600036" , "http://www.w3.org/2000/01/rdf-schema#subClassOf" , "b623" ,
 "A 'cell culture' as used here referes to a new lineage of cells in culture deriving from a single biological source.. New cultures are established through the initial isolation and culturing of cells from an organismal source, or through changes in an existing cell culture or line that result in a new culture with unique characteristics.  This can occur through the passaging/selection of a primary culture into a secondary culture or line, or experimental modifications of an existing cell culture or line such as an immortalization process or other stable genetic modification. This class covers establishment of cultures of either multicellular organism cells or unicellular organisms." , "http://purl.obolibrary.org/obo/OBI_0600036" , "http://www.w3.org/2000/01/rdf-schema#subClassOf" , "b624" ,
 "A 'cell culture' as used here referes to a new lineage of cells in culture deriving from a single biological source.. New cultures are established through the initial isolation and culturing of cells from an organismal source, or through changes in an existing cell culture or line that result in a new culture with unique characteristics.  This can occur through the passaging/selection of a primary culture into a secondary culture or line, or experimental modifications of an existing cell culture or line such as an immortalization process or other stable genetic modification. This class covers establishment of cultures of either multicellular organism cells or unicellular organisms." , "http://purl.obolibrary.org/obo/OBI_0600036" , "http://www.w3.org/2000/01/rdf-schema#subClassOf" , "b625" ,
 "A measured characteristic of an entity is one that is measurable within the physical world. A measured characteristic includes primary and derived physical dimensions (e.g., length, mass, area, density). The measured value assigned to a measured characteristic may be a quantity (a numerical value) or a quality (a category), including both nominal and ordinal categories." , "http://ecoinformatics.org/oboe/oboe.1.2/oboe-core.owl#MeasuredCharacteristic" , "http://www.w3.org/1999/02/22-rdf-syntax-ns#type" , "http://www.w3.org/2002/07/owl#Class" ,
 "A measured characteristic of an entity is one that is measurable within the physical world. A measured characteristic includes primary and derived physical dimensions (e.g., length, mass, area, density). The measured value assigned to a measured characteristic may be a quantity (a numerical value) or a quality (a category), including both nominal and ordinal categories." , "http://ecoinformatics.org/oboe/oboe.1.2/oboe-core.owl#MeasuredCharacteristic" , "http://www.w3.org/2000/01/rdf-schema#comment" , "A measured characteristic of an entity is one that is measurable within the physical world. A measured characteristic includes primary and derived physical dimensions (e.g., length, mass, area, density). The measured value assigned to a measured characteristic may be a quantity (a numerical value) or a quality (a category), including both nominal and ordinal categories." ,
 "A measured characteristic of an entity is one that is measurable within the physical world. A measured characteristic includes primary and derived physical dimensions (e.g., length, mass, area, density). The measured value assigned to a measured characteristic may be a quantity (a numerical value) or a quality (a category), including both nominal and ordinal categories." , "http://ecoinformatics.org/oboe/oboe.1.2/oboe-core.owl#MeasuredCharacteristic" , "http://www.w3.org/2000/01/rdf-schema#label" , "Measured Characteristic" ,
 "A measured characteristic of an entity is one that is measurable within the physical world. A measured characteristic includes primary and derived physical dimensions (e.g., length, mass, area, density). The measured value assigned to a measured characteristic may be a quantity (a numerical value) or a quality (a category), including both nominal and ordinal categories." , "http://ecoinformatics.org/oboe/oboe.1.2/oboe-core.owl#MeasuredCharacteristic" , "http://www.w3.org/2000/01/rdf-schema#subClassOf" , "http://ecoinformatics.org/oboe/oboe.1.2/oboe-core.owl#Characteristic" ,
 "Ice mass may need to be resolved from ice field, the former referring simply to an accumulation of ice." , "http://purl.obolibrary.org/obo/ENVO_00000299" , "http://www.w3.org/1999/02/22-rdf-syntax-ns#type" , "http://www.w3.org/2002/07/owl#Class" ,
 "Ice mass may need to be resolved from ice field, the former referring simply to an accumulation of ice." , "http://purl.obolibrary.org/obo/ENVO_00000299" , "http://www.w3.org/2000/01/rdf-schema#comment" , "Ice mass may need to be resolved from ice field, the former referring simply to an accumulation of ice." ,
 "Ice mass may need to be resolved from ice field, the former referring simply to an accumulation of ice." , "http://purl.obolibrary.org/obo/ENVO_00000299" , "http://purl.obolibrary.org/obo/IAO_0000115" , "A field of ice, formed in regions of perennial frost." ,
 "Ice mass may need to be resolved from ice field, the former referring simply to an accumulation of ice." , "http://purl.obolibrary.org/obo/ENVO_00000299" , "http://www.w3.org/2000/01/rdf-schema#label" , "ice field" ,
 "Ice mass may need to be resolved from ice field, the former referring simply to an accumulation of ice." , "http://purl.obolibrary.org/obo/ENVO_00000299" , "http://www.geneontology.org/formats/oboInOwl#hasOBONamespace" , "ENVO" ,
 "Ice mass may need to be resolved from ice field, the former referring simply to an accumulation of ice." , "http://purl.obolibrary.org/obo/ENVO_00000299" , "http://www.geneontology.org/formats/oboInOwl#id" , "ENVO:00000299" ,
 "Ice mass may need to be resolved from ice field, the former referring simply to an accumulation of ice." , "http://purl.obolibrary.org/obo/ENVO_00000299" , "http://www.geneontology.org/formats/oboInOwl#hasDbXref" , "FTT:758" ,
 "Ice mass may need to be resolved from ice field, the former referring simply to an accumulation of ice." , "http://purl.obolibrary.org/obo/ENVO_00000299" , "http://www.geneontology.org/formats/oboInOwl#hasDbXref" , "FTT:835" ,
 "Ice mass may need to be resolved from ice field, the former referring simply to an accumulation of ice." , "http://purl.obolibrary.org/obo/ENVO_00000299" , "http://www.geneontology.org/formats/oboInOwl#hasDbXref" , "FTT:837" ,
 "Ice mass may need to be resolved from ice field, the former referring simply to an accumulation of ice." , "http://purl.obolibrary.org/obo/ENVO_00000299" , "http://www.geneontology.org/formats/oboInOwl#hasDbXref" , "TGN:21147" ,
 "Ice mass may need to be resolved from ice field, the former referring simply to an accumulation of ice." , "http://purl.obolibrary.org/obo/ENVO_00000299" , "http://www.geneontology.org/formats/oboInOwl#hasDbXref" , "FTT:841" ,
 "Ice mass may need to be resolved from ice field, the former referring simply to an accumulation of ice." , "http://purl.obolibrary.org/obo/ENVO_00000299" , "http://www.geneontology.org/formats/oboInOwl#hasDbXref" , "FTT:838" ,
 "Ice mass may need to be resolved from ice field, the former referring simply to an accumulation of ice." , "http://purl.obolibrary.org/obo/ENVO_00000299" , "http://www.geneontology.org/formats/oboInOwl#hasDbXref" , "FTT:836" ,
 "Ice mass may need to be resolved from ice field, the former referring simply to an accumulation of ice." , "http://purl.obolibrary.org/obo/ENVO_00000299" , "http://www.geneontology.org/formats/oboInOwl#hasDbXref" , "FTT:839" ,
 "Ice mass may need to be resolved from ice field, the former referring simply to an accumulation of ice." , "http://purl.obolibrary.org/obo/ENVO_00000299" , "http://www.geneontology.org/formats/oboInOwl#hasDbXref" , "FTT:840" ,
 "Ice mass may need to be resolved from ice field, the former referring simply to an accumulation of ice." , "http://purl.obolibrary.org/obo/ENVO_00000299" , "http://www.geneontology.org/formats/oboInOwl#hasDbXref" , "FTT:842" ,
 "Ice mass may need to be resolved from ice field, the former referring simply to an accumulation of ice." , "http://purl.obolibrary.org/obo/ENVO_00000299" , "http://www.geneontology.org/formats/oboInOwl#hasDbXref" , "SWEETRealm:IceField" ,
 "Ice mass may need to be resolved from ice field, the former referring simply to an accumulation of ice." , "http://purl.obolibrary.org/obo/ENVO_00000299" , "http://www.geneontology.org/formats/oboInOwl#hasNarrowSynonym" , "iceberg" ,
 "Ice mass may need to be resolved from ice field, the former referring simply to an accumulation of ice." , "http://purl.obolibrary.org/obo/ENVO_00000299" , "http://www.geneontology.org/formats/oboInOwl#hasNarrowSynonym" , "ice patch" ,
 "Ice mass may need to be resolved from ice field, the former referring simply to an accumulation of ice." , "http://purl.obolibrary.org/obo/ENVO_00000299" , "http://www.geneontology.org/formats/oboInOwl#hasNarrowSynonym" , "icefall" ,
 "Ice mass may need to be resolved from ice field, the former referring simply to an accumulation of ice." , "http://purl.obolibrary.org/obo/ENVO_00000299" , "http://www.geneontology.org/formats/oboInOwl#hasRelatedSynonym" , "ice field" ,
 "Ice mass may need to be resolved from ice field, the former referring simply to an accumulation of ice." , "http://purl.obolibrary.org/obo/ENVO_00000299" , "http://www.geneontology.org/formats/oboInOwl#hasRelatedSynonym" , "ice sheet" ,
 "Ice mass may need to be resolved from ice field, the former referring simply to an accumulation of ice." , "http://purl.obolibrary.org/obo/ENVO_00000299" , "http://www.geneontology.org/formats/oboInOwl#hasRelatedSynonym" , "icecap" ,
 "Ice mass may need to be resolved from ice field, the former referring simply to an accumulation of ice." , "http://purl.obolibrary.org/obo/ENVO_00000299" , "http://www.geneontology.org/formats/oboInOwl#hasRelatedSynonym" , "IceSheet" ,
 "Ice mass may need to be resolved from ice field, the former referring simply to an accumulation of ice." , "http://purl.obolibrary.org/obo/ENVO_00000299" , "http://www.w3.org/2000/01/rdf-schema#subClassOf" , "http://purl.obolibrary.org/obo/ENVO_01000352" ,
 "Ice mass may need to be resolved from ice field, the former referring simply to an accumulation of ice." , "http://purl.obolibrary.org/obo/ENVO_00000299" , "http://www.w3.org/2000/01/rdf-schema#subClassOf" , "http://purl.obolibrary.org/obo/ENVO_01000293" ,
 "Ice mass may need to be resolved from ice field, the former referring simply to an accumulation of ice." , "http://purl.obolibrary.org/obo/ENVO_00000299" , "http://www.w3.org/2000/01/rdf-schema#subClassOf" , "b626" ,
 "Something more specific than an adjacent_to relation would be better, especially considering the volcano in question may have melted nearby glacial mass." , "http://purl.obolibrary.org/obo/ENVO_00000407" , "http://www.w3.org/1999/02/22-rdf-syntax-ns#type" , "http://www.w3.org/2002/07/owl#Class" ,
 "Something more specific than an adjacent_to relation would be better, especially considering the volcano in question may have melted nearby glacial mass." , "http://purl.obolibrary.org/obo/ENVO_00000407" , "http://www.w3.org/2000/01/rdf-schema#comment" , "Something more specific than an adjacent_to relation would be better, especially considering the volcano in question may have melted nearby glacial mass." ,
 "Something more specific than an adjacent_to relation would be better, especially considering the volcano in question may have melted nearby glacial mass." , "http://purl.obolibrary.org/obo/ENVO_00000407" , "http://purl.obolibrary.org/obo/IAO_0000115" , "A volcano produced by subglacial eruptions or eruptions beneath the surface of a lake melted into a glacier or ice mass by the rising lava." ,
 "Something more specific than an adjacent_to relation would be better, especially considering the volcano in question may have melted nearby glacial mass." , "http://purl.obolibrary.org/obo/ENVO_00000407" , "http://www.w3.org/2000/01/rdf-schema#label" , "subglacial volcano" ,
 "Something more specific than an adjacent_to relation would be better, especially considering the volcano in question may have melted nearby glacial mass." , "http://purl.obolibrary.org/obo/ENVO_00000407" , "http://www.geneontology.org/formats/oboInOwl#hasOBONamespace" , "ENVO" ,
 "Something more specific than an adjacent_to relation would be better, especially considering the volcano in question may have melted nearby glacial mass." , "http://purl.obolibrary.org/obo/ENVO_00000407" , "http://www.geneontology.org/formats/oboInOwl#id" , "ENVO:00000407" ,
 "Something more specific than an adjacent_to relation would be better, especially considering the volcano in question may have melted nearby glacial mass." , "http://purl.obolibrary.org/obo/ENVO_00000407" , "http://www.geneontology.org/formats/oboInOwl#hasDbXref" , "https://en.wikipedia.org/wiki/Subglacial_volcano" ,
 "Something more specific than an adjacent_to relation would be better, especially considering the volcano in question may have melted nearby glacial mass." , "http://purl.obolibrary.org/obo/ENVO_00000407" , "http://www.geneontology.org/formats/oboInOwl#hasRelatedSynonym" , "tuya" ,
 "Something more specific than an adjacent_to relation would be better, especially considering the volcano in question may have melted nearby glacial mass." , "http://purl.obolibrary.org/obo/ENVO_00000407" , "http://www.w3.org/2000/01/rdf-schema#subClassOf" , "http://purl.obolibrary.org/obo/ENVO_00000247" ,
 "Something more specific than an adjacent_to relation would be better, especially considering the volcano in question may have melted nearby glacial mass." , "http://purl.obolibrary.org/obo/ENVO_00000407" , "http://www.w3.org/2000/01/rdf-schema#subClassOf" , "b627" ,
 "Could be a subclass of a class that describes holes in solid material covering water or other liquids. Perhaps a class like "clearing". Logical def can include surrounded_by "ice mass"." , "http://purl.obolibrary.org/obo/ENVO_00000484" , "http://www.w3.org/1999/02/22-rdf-syntax-ns#type" , "http://www.w3.org/2002/07/owl#Class" ,
 "Could be a subclass of a class that describes holes in solid material covering water or other liquids. Perhaps a class like "clearing". Logical def can include surrounded_by "ice mass"." , "http://purl.obolibrary.org/obo/ENVO_00000484" , "http://www.w3.org/2000/01/rdf-schema#comment" , "Could be a subclass of a class that describes holes in solid material covering water or other liquids. Perhaps a class like "clearing". Logical def can include surrounded_by "ice mass"." ,
 "Could be a subclass of a class that describes holes in solid material covering water or other liquids. Perhaps a class like "clearing". Logical def can include surrounded_by "ice mass"." , "http://purl.obolibrary.org/obo/ENVO_00000484" , "http://purl.obolibrary.org/obo/IAO_0000115" , "Any enclosed water area in pack ice other than a lead, not large enough to be called open water. When frozen over, a polyna becomes an ice skylight from the point of view of the submariner." ,
 "Could be a subclass of a class that describes holes in solid material covering water or other liquids. Perhaps a class like "clearing". Logical def can include surrounded_by "ice mass"." , "http://purl.obolibrary.org/obo/ENVO_00000484" , "http://www.w3.org/2000/01/rdf-schema#label" , "polynya" ,
 "Could be a subclass of a class that describes holes in solid material covering water or other liquids. Perhaps a class like "clearing". Logical def can include surrounded_by "ice mass"." , "http://purl.obolibrary.org/obo/ENVO_00000484" , "http://www.geneontology.org/formats/oboInOwl#hasExactSynonym" , "POLYNA" ,
 "Could be a subclass of a class that describes holes in solid material covering water or other liquids. Perhaps a class like "clearing". Logical def can include surrounded_by "ice mass"." , "http://purl.obolibrary.org/obo/ENVO_00000484" , "http://www.geneontology.org/formats/oboInOwl#hasExactSynonym" , "Polynya" ,
 "Could be a subclass of a class that describes holes in solid material covering water or other liquids. Perhaps a class like "clearing". Logical def can include surrounded_by "ice mass"." , "http://purl.obolibrary.org/obo/ENVO_00000484" , "http://www.geneontology.org/formats/oboInOwl#hasExactSynonym" , "polynia" ,
 "Could be a subclass of a class that describes holes in solid material covering water or other liquids. Perhaps a class like "clearing". Logical def can include surrounded_by "ice mass"." , "http://purl.obolibrary.org/obo/ENVO_00000484" , "http://www.geneontology.org/formats/oboInOwl#hasOBONamespace" , "ENVO" ,
 "Could be a subclass of a class that describes holes in solid material covering water or other liquids. Perhaps a class like "clearing". Logical def can include surrounded_by "ice mass"." , "http://purl.obolibrary.org/obo/ENVO_00000484" , "http://www.geneontology.org/formats/oboInOwl#id" , "ENVO:00000484" ,
 "Could be a subclass of a class that describes holes in solid material covering water or other liquids. Perhaps a class like "clearing". Logical def can include surrounded_by "ice mass"." , "http://purl.obolibrary.org/obo/ENVO_00000484" , "http://www.geneontology.org/formats/oboInOwl#hasDbXref" , "EcoLexicon:polynya" ,
 "Could be a subclass of a class that describes holes in solid material covering water or other liquids. Perhaps a class like "clearing". Logical def can include surrounded_by "ice mass"." , "http://purl.obolibrary.org/obo/ENVO_00000484" , "http://www.geneontology.org/formats/oboInOwl#hasDbXref" , "SWEETRealm:Polynya" ,
 "Could be a subclass of a class that describes holes in solid material covering water or other liquids. Perhaps a class like "clearing". Logical def can include surrounded_by "ice mass"." , "http://purl.obolibrary.org/obo/ENVO_00000484" , "http://www.geneontology.org/formats/oboInOwl#hasDbXref" , "https://en.wikipedia.org/wiki/Polynya" ,
 "Could be a subclass of a class that describes holes in solid material covering water or other liquids. Perhaps a class like "clearing". Logical def can include surrounded_by "ice mass"." , "http://purl.obolibrary.org/obo/ENVO_00000484" , "http://www.geneontology.org/formats/oboInOwl#hasRelatedSynonym" , "glade" ,
 "Could be a subclass of a class that describes holes in solid material covering water or other liquids. Perhaps a class like "clearing". Logical def can include surrounded_by "ice mass"." , "http://purl.obolibrary.org/obo/ENVO_00000484" , "http://www.geneontology.org/formats/oboInOwl#hasRelatedSynonym" , "clearing" ,
 "Could be a subclass of a class that describes holes in solid material covering water or other liquids. Perhaps a class like "clearing". Logical def can include surrounded_by "ice mass"." , "http://purl.obolibrary.org/obo/ENVO_00000484" , "http://www.geneontology.org/formats/oboInOwl#hasRelatedSynonym" , "big clearing" ,
 "Could be a subclass of a class that describes holes in solid material covering water or other liquids. Perhaps a class like "clearing". Logical def can include surrounded_by "ice mass"." , "http://purl.obolibrary.org/obo/ENVO_00000484" , "http://www.geneontology.org/formats/oboInOwl#hasRelatedSynonym" , "ice clearing" ,
 "Could be a subclass of a class that describes holes in solid material covering water or other liquids. Perhaps a class like "clearing". Logical def can include surrounded_by "ice mass"." , "http://purl.obolibrary.org/obo/ENVO_00000484" , "http://www.geneontology.org/formats/oboInOwl#hasRelatedSynonym" , "regional clearing" ,
 "Could be a subclass of a class that describes holes in solid material covering water or other liquids. Perhaps a class like "clearing". Logical def can include surrounded_by "ice mass"." , "http://purl.obolibrary.org/obo/ENVO_00000484" , "http://www.w3.org/2000/01/rdf-schema#subClassOf" , "http://purl.obolibrary.org/obo/ENVO_01000617" ,
 "Could be a subclass of a class that describes holes in solid material covering water or other liquids. Perhaps a class like "clearing". Logical def can include surrounded_by "ice mass"." , "http://purl.obolibrary.org/obo/ENVO_00000484" , "http://www.w3.org/2000/01/rdf-schema#subClassOf" , "b545" ,
 "Everything under this parent must be a mass noun. All subclasses are to be understood as being composed primarily of the named entity, rather than restricted to that entity. For example, "ENVO:water" is to be understood as "environmental material composed primarly of some CHEBI:water". This class is currently being aligned to the Basic Formal Ontology. Following this alignment, its definition and the definitions of its subclasses will be revised." , "http://purl.obolibrary.org/obo/ENVO_00010483" , "http://www.w3.org/1999/02/22-rdf-syntax-ns#type" , "http://www.w3.org/2002/07/owl#Class" ,
 "Everything under this parent must be a mass noun. All subclasses are to be understood as being composed primarily of the named entity, rather than restricted to that entity. For example, "ENVO:water" is to be understood as "environmental material composed primarly of some CHEBI:water". This class is currently being aligned to the Basic Formal Ontology. Following this alignment, its definition and the definitions of its subclasses will be revised." , "http://purl.obolibrary.org/obo/ENVO_00010483" , "http://www.w3.org/2000/01/rdf-schema#comment" , "Everything under this parent must be a mass noun. All subclasses are to be understood as being composed primarily of the named entity, rather than restricted to that entity. For example, "ENVO:water" is to be understood as "environmental material composed primarly of some CHEBI:water". This class is currently being aligned to the Basic Formal Ontology. Following this alignment, its definition and the definitions of its subclasses will be revised." ,
 "Everything under this parent must be a mass noun. All subclasses are to be understood as being composed primarily of the named entity, rather than restricted to that entity. For example, "ENVO:water" is to be understood as "environmental material composed primarly of some CHEBI:water". This class is currently being aligned to the Basic Formal Ontology. Following this alignment, its definition and the definitions of its subclasses will be revised." , "http://purl.obolibrary.org/obo/ENVO_00010483" , "http://purl.obolibrary.org/obo/IAO_0000111" , "environmental material" ,
 "Everything under this parent must be a mass noun. All subclasses are to be understood as being composed primarily of the named entity, rather than restricted to that entity. For example, "ENVO:water" is to be understood as "environmental material composed primarly of some CHEBI:water". This class is currently being aligned to the Basic Formal Ontology. Following this alignment, its definition and the definitions of its subclasses will be revised." , "http://purl.obolibrary.org/obo/ENVO_00010483" , "http://purl.obolibrary.org/obo/IAO_0000115" , "A portion of environmental material is a fiat object which forms the medium or part of the medium of an environmental system." ,
 "Everything under this parent must be a mass noun. All subclasses are to be understood as being composed primarily of the named entity, rather than restricted to that entity. For example, "ENVO:water" is to be understood as "environmental material composed primarly of some CHEBI:water". This class is currently being aligned to the Basic Formal Ontology. Following this alignment, its definition and the definitions of its subclasses will be revised." , "http://purl.obolibrary.org/obo/ENVO_00010483" , "http://www.w3.org/2000/01/rdf-schema#label" , "environmental material" ,
 "Everything under this parent must be a mass noun. All subclasses are to be understood as being composed primarily of the named entity, rather than restricted to that entity. For example, "ENVO:water" is to be understood as "environmental material composed primarly of some CHEBI:water". This class is currently being aligned to the Basic Formal Ontology. Following this alignment, its definition and the definitions of its subclasses will be revised." , "http://purl.obolibrary.org/obo/ENVO_00010483" , "http://purl.obolibrary.org/obo/IAO_0000412" , "http://purl.obolibrary.org/obo/envo.owl" ,
 "Everything under this parent must be a mass noun. All subclasses are to be understood as being composed primarily of the named entity, rather than restricted to that entity. For example, "ENVO:water" is to be understood as "environmental material composed primarly of some CHEBI:water". This class is currently being aligned to the Basic Formal Ontology. Following this alignment, its definition and the definitions of its subclasses will be revised." , "http://purl.obolibrary.org/obo/ENVO_00010483" , "http://www.geneontology.org/formats/oboInOwl#hasExactSynonym" , "portion of environmental material" ,
 "Everything under this parent must be a mass noun. All subclasses are to be understood as being composed primarily of the named entity, rather than restricted to that entity. For example, "ENVO:water" is to be understood as "environmental material composed primarly of some CHEBI:water". This class is currently being aligned to the Basic Formal Ontology. Following this alignment, its definition and the definitions of its subclasses will be revised." , "http://purl.obolibrary.org/obo/ENVO_00010483" , "http://www.geneontology.org/formats/oboInOwl#hasOBONamespace" , "ENVO" ,
 "Everything under this parent must be a mass noun. All subclasses are to be understood as being composed primarily of the named entity, rather than restricted to that entity. For example, "ENVO:water" is to be understood as "environmental material composed primarly of some CHEBI:water". This class is currently being aligned to the Basic Formal Ontology. Following this alignment, its definition and the definitions of its subclasses will be revised." , "http://purl.obolibrary.org/obo/ENVO_00010483" , "http://www.geneontology.org/formats/oboInOwl#id" , "ENVO:00010483" ,
 "Everything under this parent must be a mass noun. All subclasses are to be understood as being composed primarily of the named entity, rather than restricted to that entity. For example, "ENVO:water" is to be understood as "environmental material composed primarly of some CHEBI:water". This class is currently being aligned to the Basic Formal Ontology. Following this alignment, its definition and the definitions of its subclasses will be revised." , "http://purl.obolibrary.org/obo/ENVO_00010483" , "http://www.w3.org/2000/01/rdf-schema#subClassOf" , "http://purl.obolibrary.org/obo/BFO_0000040" ,
 "The DCM may or may not indicate greater abundance of photosynthetic, chlorophyll-bearing cells, as shade-adapted cells may have a greater chlorophyll to biomass ration than surface variants. Further, some DCMs may be formed by the sinking of cells from surface zones or the subduction of surface waters, rather than through biotic, community-level processess." , "http://purl.obolibrary.org/obo/ENVO_01000326" , "http://www.w3.org/1999/02/22-rdf-syntax-ns#type" , "http://www.w3.org/2002/07/owl#Class" ,
 "The DCM may or may not indicate greater abundance of photosynthetic, chlorophyll-bearing cells, as shade-adapted cells may have a greater chlorophyll to biomass ration than surface variants. Further, some DCMs may be formed by the sinking of cells from surface zones or the subduction of surface waters, rather than through biotic, community-level processess." , "http://purl.obolibrary.org/obo/ENVO_01000326" , "http://www.w3.org/2000/01/rdf-schema#comment" , "The DCM may or may not indicate greater abundance of photosynthetic, chlorophyll-bearing cells, as shade-adapted cells may have a greater chlorophyll to biomass ration than surface variants. Further, some DCMs may be formed by the sinking of cells from surface zones or the subduction of surface waters, rather than through biotic, community-level processess." ,
 "The DCM may or may not indicate greater abundance of photosynthetic, chlorophyll-bearing cells, as shade-adapted cells may have a greater chlorophyll to biomass ration than surface variants. Further, some DCMs may be formed by the sinking of cells from surface zones or the subduction of surface waters, rather than through biotic, community-level processess." , "http://purl.obolibrary.org/obo/ENVO_01000326" , "http://purl.obolibrary.org/obo/IAO_0000115" , "A subsurface layer in a water body, typically an ocean or lake, in which chlorophyll concentrations reach their maximum." ,
 "The DCM may or may not indicate greater abundance of photosynthetic, chlorophyll-bearing cells, as shade-adapted cells may have a greater chlorophyll to biomass ration than surface variants. Further, some DCMs may be formed by the sinking of cells from surface zones or the subduction of surface waters, rather than through biotic, community-level processess." , "http://purl.obolibrary.org/obo/ENVO_01000326" , "http://www.w3.org/2000/01/rdf-schema#label" , "deep chlorophyll maximum layer" ,
 "The DCM may or may not indicate greater abundance of photosynthetic, chlorophyll-bearing cells, as shade-adapted cells may have a greater chlorophyll to biomass ration than surface variants. Further, some DCMs may be formed by the sinking of cells from surface zones or the subduction of surface waters, rather than through biotic, community-level processess." , "http://purl.obolibrary.org/obo/ENVO_01000326" , "http://purl.obolibrary.org/obo/IAO_0000116" , "Logical def is incomplete. Need to express the idea of maximum chlorophyll. This could follow a pattern like:

X has_maximum_levels_of Y relative_to Z, i.e. DCM has_maximum_levels_of chlorophyll relative_to  subsurface_aquatic_layer

May also be useful to include has_decreased_levels_of light intensity relative_to surface aquatic layer

Further discussion in Issue #126." ,
 "The DCM may or may not indicate greater abundance of photosynthetic, chlorophyll-bearing cells, as shade-adapted cells may have a greater chlorophyll to biomass ration than surface variants. Further, some DCMs may be formed by the sinking of cells from surface zones or the subduction of surface waters, rather than through biotic, community-level processess." , "http://purl.obolibrary.org/obo/ENVO_01000326" , "http://www.geneontology.org/formats/oboInOwl#hasExactSynonym" , "DCM" ,
 "The DCM may or may not indicate greater abundance of photosynthetic, chlorophyll-bearing cells, as shade-adapted cells may have a greater chlorophyll to biomass ration than surface variants. Further, some DCMs may be formed by the sinking of cells from surface zones or the subduction of surface waters, rather than through biotic, community-level processess." , "http://purl.obolibrary.org/obo/ENVO_01000326" , "http://www.geneontology.org/formats/oboInOwl#created_by" , "ORCID:0000-0002-4366-3088" ,
 "The DCM may or may not indicate greater abundance of photosynthetic, chlorophyll-bearing cells, as shade-adapted cells may have a greater chlorophyll to biomass ration than surface variants. Further, some DCMs may be formed by the sinking of cells from surface zones or the subduction of surface waters, rather than through biotic, community-level processess." , "http://purl.obolibrary.org/obo/ENVO_01000326" , "http://www.geneontology.org/formats/oboInOwl#hasRelatedSynonym" , "subsurface chlorophyll maximum layer" ,
 "The DCM may or may not indicate greater abundance of photosynthetic, chlorophyll-bearing cells, as shade-adapted cells may have a greater chlorophyll to biomass ration than surface variants. Further, some DCMs may be formed by the sinking of cells from surface zones or the subduction of surface waters, rather than through biotic, community-level processess." , "http://purl.obolibrary.org/obo/ENVO_01000326" , "http://www.w3.org/2000/01/rdf-schema#subClassOf" , "http://purl.obolibrary.org/obo/ENVO_01000325" ,
 "The DCM may or may not indicate greater abundance of photosynthetic, chlorophyll-bearing cells, as shade-adapted cells may have a greater chlorophyll to biomass ration than surface variants. Further, some DCMs may be formed by the sinking of cells from surface zones or the subduction of surface waters, rather than through biotic, community-level processess." , "http://purl.obolibrary.org/obo/ENVO_01000326" , "http://www.w3.org/2000/01/rdf-schema#subClassOf" , "b611" ,
 "The DCM may or may not indicate greater abundance of photosynthetic, chlorophyll-bearing cells, as shade-adapted cells may have a greater chlorophyll to biomass ration than surface variants. Further, some DCMs may be formed by the sinking of cells from surface zones or the subduction of surface waters, rather than through biotic, community-level processess." , "http://purl.obolibrary.org/obo/ENVO_01000326" , "http://www.w3.org/2000/01/rdf-schema#subClassOf" , "b612" ,
 "This condition is typically present on the western coasts of large continental landmasses." , "http://purl.obolibrary.org/obo/ENVO_01000380" , "http://www.w3.org/1999/02/22-rdf-syntax-ns#type" , "http://www.w3.org/2002/07/owl#Class" ,
 "This condition is typically present on the western coasts of large continental landmasses." , "http://purl.obolibrary.org/obo/ENVO_01000380" , "http://www.w3.org/2000/01/rdf-schema#comment" , "This condition is typically present on the western coasts of large continental landmasses." ,
 "This condition is typically present on the western coasts of large continental landmasses." , "http://purl.obolibrary.org/obo/ENVO_01000380" , "http://purl.obolibrary.org/obo/IAO_0000115" , "An oceanic temperate condition is a temperate condition which is strongly influenced by oceans and oceanic winds. Summers are cool and winters are cool, but not cold, and there is little frozen precipitation at lower elevations." ,
 "This condition is typically present on the western coasts of large continental landmasses." , "http://purl.obolibrary.org/obo/ENVO_01000380" , "http://www.w3.org/2000/01/rdf-schema#label" , "oceanic temperate" ,
 "This condition is typically present on the western coasts of large continental landmasses." , "http://purl.obolibrary.org/obo/ENVO_01000380" , "http://www.geneontology.org/formats/oboInOwl#created_by" , "ORCID:0000-0002-4366-3088" ,
 "This condition is typically present on the western coasts of large continental landmasses." , "http://purl.obolibrary.org/obo/ENVO_01000380" , "http://www.w3.org/2000/01/rdf-schema#subClassOf" , "http://purl.obolibrary.org/obo/ENVO_01000206" ,
 "The logical definitions must state which social and leisure activities are included here. Jet-skiing and mass rallies are probably not the range." , "http://purl.obolibrary.org/obo/ENVO_01000423" , "http://www.w3.org/1999/02/22-rdf-syntax-ns#type" , "http://www.w3.org/2002/07/owl#Class" ,
 "The logical definitions must state which social and leisure activities are included here. Jet-skiing and mass rallies are probably not the range." , "http://purl.obolibrary.org/obo/ENVO_01000423" , "http://www.w3.org/2000/01/rdf-schema#comment" , "The logical definitions must state which social and leisure activities are included here. Jet-skiing and mass rallies are probably not the range." ,
 "The logical definitions must state which social and leisure activities are included here. Jet-skiing and mass rallies are probably not the range." , "http://purl.obolibrary.org/obo/ENVO_01000423" , "http://purl.obolibrary.org/obo/IAO_0000115" , "A living room is a room in a human house which is used for social and domestic leisure activities." ,
 "The logical definitions must state which social and leisure activities are included here. Jet-skiing and mass rallies are probably not the range." , "http://purl.obolibrary.org/obo/ENVO_01000423" , "http://www.w3.org/2000/01/rdf-schema#label" , "living room" ,
 "The logical definitions must state which social and leisure activities are included here. Jet-skiing and mass rallies are probably not the range." , "http://purl.obolibrary.org/obo/ENVO_01000423" , "http://www.geneontology.org/formats/oboInOwl#hasExactSynonym" , "living-room" ,
 "The logical definitions must state which social and leisure activities are included here. Jet-skiing and mass rallies are probably not the range." , "http://purl.obolibrary.org/obo/ENVO_01000423" , "http://www.geneontology.org/formats/oboInOwl#created_by" , "ORCID:0000-0002-4366-3088" ,
 "The logical definitions must state which social and leisure activities are included here. Jet-skiing and mass rallies are probably not the range." , "http://purl.obolibrary.org/obo/ENVO_01000423" , "http://www.w3.org/2000/01/rdf-schema#subClassOf" , "http://purl.obolibrary.org/obo/ENVO_01000426" ,
 ""Intrusion" can refer to the solidified mass or the molten rock." , "http://purl.obolibrary.org/obo/ENVO_01000659" , "http://www.w3.org/1999/02/22-rdf-syntax-ns#type" , "http://www.w3.org/2002/07/owl#Class" ,
 ""Intrusion" can refer to the solidified mass or the molten rock." , "http://purl.obolibrary.org/obo/ENVO_01000659" , "http://www.w3.org/2000/01/rdf-schema#comment" , ""Intrusion" can refer to the solidified mass or the molten rock." ,
 ""Intrusion" can refer to the solidified mass or the molten rock." , "http://purl.obolibrary.org/obo/ENVO_01000659" , "http://purl.obolibrary.org/obo/IAO_0000115" , "An igneous intrusion is a mass of rock and minerals formed when magma cools, solidifies, and undergoes fractional crystallisation without reaching the surface." ,
 ""Intrusion" can refer to the solidified mass or the molten rock." , "http://purl.obolibrary.org/obo/ENVO_01000659" , "http://www.w3.org/2000/01/rdf-schema#label" , "igneous intrusion" ,
 ""Intrusion" can refer to the solidified mass or the molten rock." , "http://purl.obolibrary.org/obo/ENVO_01000659" , "http://purl.obolibrary.org/obo/IAO_0000116" , "Subclasses of this class will be created by inference." ,
 ""Intrusion" can refer to the solidified mass or the molten rock." , "http://purl.obolibrary.org/obo/ENVO_01000659" , "http://www.w3.org/2000/01/rdf-schema#subClassOf" , "http://purl.obolibrary.org/obo/ENVO_01000525" ,
 ""Intrusion" can refer to the solidified mass or the molten rock." , "http://purl.obolibrary.org/obo/ENVO_01000659" , "http://www.w3.org/2000/01/rdf-schema#subClassOf" , "b628" ,
 ""Intrusion" can refer to the solidified mass or the molten rock." , "http://purl.obolibrary.org/obo/ENVO_01000659" , "http://www.w3.org/2000/01/rdf-schema#subClassOf" , "b629" ,
 ""Intrusion" can refer to the solidified mass or the molten rock." , "http://purl.obolibrary.org/obo/ENVO_01000659" , "http://www.w3.org/2002/07/owl#equivalentClass" , "b630" ,
 "Of interest for future development: Some causes of mass wasting earthquakes, increased overburden from structures, increased soil moisture, reduction of roots holding the soil to bedrock, undercutting of the slope by excavation or erosion, weathering by frost heave, bioturbation, volcanic edifice over-steepening. Some processes that reduce mass wasting: Afforestation, Reforestation, Terracing steps on slopes (reduce angle of slope). https://en.wikipedia.org/wiki/Mass_wasting." , "http://purl.obolibrary.org/obo/ENVO_01000690" , "http://www.w3.org/1999/02/22-rdf-syntax-ns#type" , "http://www.w3.org/2002/07/owl#Class" ,
 "Of interest for future development: Some causes of mass wasting earthquakes, increased overburden from structures, increased soil moisture, reduction of roots holding the soil to bedrock, undercutting of the slope by excavation or erosion, weathering by frost heave, bioturbation, volcanic edifice over-steepening. Some processes that reduce mass wasting: Afforestation, Reforestation, Terracing steps on slopes (reduce angle of slope). https://en.wikipedia.org/wiki/Mass_wasting." , "http://purl.obolibrary.org/obo/ENVO_01000690" , "http://www.w3.org/2000/01/rdf-schema#comment" , "Of interest for future development: Some causes of mass wasting earthquakes, increased overburden from structures, increased soil moisture, reduction of roots holding the soil to bedrock, undercutting of the slope by excavation or erosion, weathering by frost heave, bioturbation, volcanic edifice over-steepening. Some processes that reduce mass wasting: Afforestation, Reforestation, Terracing steps on slopes (reduce angle of slope). https://en.wikipedia.org/wiki/Mass_wasting." ,
 "Of interest for future development: Some causes of mass wasting earthquakes, increased overburden from structures, increased soil moisture, reduction of roots holding the soil to bedrock, undercutting of the slope by excavation or erosion, weathering by frost heave, bioturbation, volcanic edifice over-steepening. Some processes that reduce mass wasting: Afforestation, Reforestation, Terracing steps on slopes (reduce angle of slope). https://en.wikipedia.org/wiki/Mass_wasting." , "http://purl.obolibrary.org/obo/ENVO_01000690" , "http://purl.obolibrary.org/obo/IAO_0000115" , "Mass wasting is the geomorphic process by which solid environmental material such as soil, sand, regolith, and/or rock move downslope typically as a mass, largely under the force of gravity, but frequently affected by water and water content as in submarine environments and mudslides." ,
 "Of interest for future development: Some causes of mass wasting earthquakes, increased overburden from structures, increased soil moisture, reduction of roots holding the soil to bedrock, undercutting of the slope by excavation or erosion, weathering by frost heave, bioturbation, volcanic edifice over-steepening. Some processes that reduce mass wasting: Afforestation, Reforestation, Terracing steps on slopes (reduce angle of slope). https://en.wikipedia.org/wiki/Mass_wasting." , "http://purl.obolibrary.org/obo/ENVO_01000690" , "http://www.w3.org/2000/01/rdf-schema#label" , "mass wasting" ,
 "Of interest for future development: Some causes of mass wasting earthquakes, increased overburden from structures, increased soil moisture, reduction of roots holding the soil to bedrock, undercutting of the slope by excavation or erosion, weathering by frost heave, bioturbation, volcanic edifice over-steepening. Some processes that reduce mass wasting: Afforestation, Reforestation, Terracing steps on slopes (reduce angle of slope). https://en.wikipedia.org/wiki/Mass_wasting." , "http://purl.obolibrary.org/obo/ENVO_01000690" , "http://www.geneontology.org/formats/oboInOwl#hasExactSynonym" , "slope movement" ,
 "Of interest for future development: Some causes of mass wasting earthquakes, increased overburden from structures, increased soil moisture, reduction of roots holding the soil to bedrock, undercutting of the slope by excavation or erosion, weathering by frost heave, bioturbation, volcanic edifice over-steepening. Some processes that reduce mass wasting: Afforestation, Reforestation, Terracing steps on slopes (reduce angle of slope). https://en.wikipedia.org/wiki/Mass_wasting." , "http://purl.obolibrary.org/obo/ENVO_01000690" , "http://www.geneontology.org/formats/oboInOwl#hasBroadSynonym" , "mass movement" ,
 "Of interest for future development: Some causes of mass wasting earthquakes, increased overburden from structures, increased soil moisture, reduction of roots holding the soil to bedrock, undercutting of the slope by excavation or erosion, weathering by frost heave, bioturbation, volcanic edifice over-steepening. Some processes that reduce mass wasting: Afforestation, Reforestation, Terracing steps on slopes (reduce angle of slope). https://en.wikipedia.org/wiki/Mass_wasting." , "http://purl.obolibrary.org/obo/ENVO_01000690" , "http://www.geneontology.org/formats/oboInOwl#inSubset" , "environmental_hazards" ,
 "Of interest for future development: Some causes of mass wasting earthquakes, increased overburden from structures, increased soil moisture, reduction of roots holding the soil to bedrock, undercutting of the slope by excavation or erosion, weathering by frost heave, bioturbation, volcanic edifice over-steepening. Some processes that reduce mass wasting: Afforestation, Reforestation, Terracing steps on slopes (reduce angle of slope). https://en.wikipedia.org/wiki/Mass_wasting." , "http://purl.obolibrary.org/obo/ENVO_01000690" , "http://www.w3.org/2000/01/rdf-schema#subClassOf" , "http://purl.obolibrary.org/obo/ENVO_02500000" ,
 "Of interest for future development: Some causes of mass wasting earthquakes, increased overburden from structures, increased soil moisture, reduction of roots holding the soil to bedrock, undercutting of the slope by excavation or erosion, weathering by frost heave, bioturbation, volcanic edifice over-steepening. Some processes that reduce mass wasting: Afforestation, Reforestation, Terracing steps on slopes (reduce angle of slope). https://en.wikipedia.org/wiki/Mass_wasting." , "http://purl.obolibrary.org/obo/ENVO_01000690" , "http://www.w3.org/2000/01/rdf-schema#subClassOf" , "b100" ,
 "Of interest for future development: Some causes of mass wasting earthquakes, increased overburden from structures, increased soil moisture, reduction of roots holding the soil to bedrock, undercutting of the slope by excavation or erosion, weathering by frost heave, bioturbation, volcanic edifice over-steepening. Some processes that reduce mass wasting: Afforestation, Reforestation, Terracing steps on slopes (reduce angle of slope). https://en.wikipedia.org/wiki/Mass_wasting." , "http://purl.obolibrary.org/obo/ENVO_01000690" , "http://www.w3.org/2000/01/rdf-schema#subClassOf" , "b101" ,
 ""Mudflows are often called mudslides, a term applied indiscriminately by the mass media to a variety of mass wasting events. Mudflows often start as slides, becoming flows as water is entrained along the flow path; such events are often called flow slides." https://en.wikipedia.org/wiki/Mudflow" , "http://purl.obolibrary.org/obo/ENVO_01000697" , "http://www.w3.org/1999/02/22-rdf-syntax-ns#type" , "http://www.w3.org/2002/07/owl#Class" ,
 ""Mudflows are often called mudslides, a term applied indiscriminately by the mass media to a variety of mass wasting events. Mudflows often start as slides, becoming flows as water is entrained along the flow path; such events are often called flow slides." https://en.wikipedia.org/wiki/Mudflow" , "http://purl.obolibrary.org/obo/ENVO_01000697" , "http://www.w3.org/2000/01/rdf-schema#comment" , ""Mudflows are often called mudslides, a term applied indiscriminately by the mass media to a variety of mass wasting events. Mudflows often start as slides, becoming flows as water is entrained along the flow path; such events are often called flow slides." https://en.wikipedia.org/wiki/Mudflow" ,
 ""Mudflows are often called mudslides, a term applied indiscriminately by the mass media to a variety of mass wasting events. Mudflows often start as slides, becoming flows as water is entrained along the flow path; such events are often called flow slides." https://en.wikipedia.org/wiki/Mudflow" , "http://purl.obolibrary.org/obo/ENVO_01000697" , "http://purl.obolibrary.org/obo/IAO_0000115" , "A mudflow is a form of mass wasting which involves very rapid to extremely rapid surging flow of debris that has become partially or fully liquified by the addition of significant amounts of water to clay-rich source material." ,
 ""Mudflows are often called mudslides, a term applied indiscriminately by the mass media to a variety of mass wasting events. Mudflows often start as slides, becoming flows as water is entrained along the flow path; such events are often called flow slides." https://en.wikipedia.org/wiki/Mudflow" , "http://purl.obolibrary.org/obo/ENVO_01000697" , "http://www.w3.org/2000/01/rdf-schema#label" , "mudflow" ,
 ""Mudflows are often called mudslides, a term applied indiscriminately by the mass media to a variety of mass wasting events. Mudflows often start as slides, becoming flows as water is entrained along the flow path; such events are often called flow slides." https://en.wikipedia.org/wiki/Mudflow" , "http://purl.obolibrary.org/obo/ENVO_01000697" , "http://www.geneontology.org/formats/oboInOwl#hasExactSynonym" , "mud flow" ,
 ""Mudflows are often called mudslides, a term applied indiscriminately by the mass media to a variety of mass wasting events. Mudflows often start as slides, becoming flows as water is entrained along the flow path; such events are often called flow slides." https://en.wikipedia.org/wiki/Mudflow" , "http://purl.obolibrary.org/obo/ENVO_01000697" , "http://www.geneontology.org/formats/oboInOwl#inSubset" , "environmental_hazards" ,
 ""Mudflows are often called mudslides, a term applied indiscriminately by the mass media to a variety of mass wasting events. Mudflows often start as slides, becoming flows as water is entrained along the flow path; such events are often called flow slides." https://en.wikipedia.org/wiki/Mudflow" , "http://purl.obolibrary.org/obo/ENVO_01000697" , "http://www.w3.org/2000/01/rdf-schema#subClassOf" , "http://purl.obolibrary.org/obo/ENVO_01000696" ,
 ""Mudflows are often called mudslides, a term applied indiscriminately by the mass media to a variety of mass wasting events. Mudflows often start as slides, becoming flows as water is entrained along the flow path; such events are often called flow slides." https://en.wikipedia.org/wiki/Mudflow" , "http://purl.obolibrary.org/obo/ENVO_01000697" , "http://www.w3.org/2000/01/rdf-schema#subClassOf" , "b631" ,
 "Smoke is a collection of airborne solid and liquid particulates and gases emitted when a material undergoes combustion or pyrolysis, together with the quantity of gas that is entrained or otherwise mixed into the mass" , "http://purl.obolibrary.org/obo/ENVO_01000838" , "http://www.w3.org/1999/02/22-rdf-syntax-ns#type" , "http://www.w3.org/2002/07/owl#Class" ,
 "Smoke is a collection of airborne solid and liquid particulates and gases emitted when a material undergoes combustion or pyrolysis, together with the quantity of gas that is entrained or otherwise mixed into the mass" , "http://purl.obolibrary.org/obo/ENVO_01000838" , "http://www.w3.org/2000/01/rdf-schema#comment" , "Smoke is a collection of airborne solid and liquid particulates and gases emitted when a material undergoes combustion or pyrolysis, together with the quantity of gas that is entrained or otherwise mixed into the mass" ,
 "Smoke is a collection of airborne solid and liquid particulates and gases emitted when a material undergoes combustion or pyrolysis, together with the quantity of gas that is entrained or otherwise mixed into the mass" , "http://purl.obolibrary.org/obo/ENVO_01000838" , "http://www.w3.org/2000/01/rdf-schema#label" , "smoke" ,
 "Smoke is a collection of airborne solid and liquid particulates and gases emitted when a material undergoes combustion or pyrolysis, together with the quantity of gas that is entrained or otherwise mixed into the mass" , "http://purl.obolibrary.org/obo/ENVO_01000838" , "http://www.w3.org/2000/01/rdf-schema#subClassOf" , "http://purl.obolibrary.org/obo/ENVO_00010483" ,
 "Smoke is a collection of airborne solid and liquid particulates and gases emitted when a material undergoes combustion or pyrolysis, together with the quantity of gas that is entrained or otherwise mixed into the mass" , "http://purl.obolibrary.org/obo/ENVO_01000838" , "http://www.w3.org/2000/01/rdf-schema#subClassOf" , "b632" ,
 "Smoke is a collection of airborne solid and liquid particulates and gases emitted when a material undergoes combustion or pyrolysis, together with the quantity of gas that is entrained or otherwise mixed into the mass" , "http://purl.obolibrary.org/obo/ENVO_01000838" , "http://www.w3.org/2000/01/rdf-schema#subClassOf" , "b569" ,
 "Smoke is a collection of airborne solid and liquid particulates and gases emitted when a material undergoes combustion or pyrolysis, together with the quantity of gas that is entrained or otherwise mixed into the mass" , "http://purl.obolibrary.org/obo/ENVO_01000838" , "http://www.w3.org/2000/01/rdf-schema#subClassOf" , "b633" ,
 "Smoke is a collection of airborne solid and liquid particulates and gases emitted when a material undergoes combustion or pyrolysis, together with the quantity of gas that is entrained or otherwise mixed into the mass" , "http://purl.obolibrary.org/obo/ENVO_01000838" , "http://www.w3.org/2000/01/rdf-schema#subClassOf" , "b634" ,
 "Obsoleted. Not really a material. Use PATO's "quality of a gas" on a material to express vapour forms." , "http://purl.obolibrary.org/obo/ENVO_01000264" , "http://www.w3.org/1999/02/22-rdf-syntax-ns#type" , "http://www.w3.org/2002/07/owl#Class" ,
 "Obsoleted. Not really a material. Use PATO's "quality of a gas" on a material to express vapour forms." , "http://purl.obolibrary.org/obo/ENVO_01000264" , "http://www.w3.org/2000/01/rdf-schema#comment" , "Obsoleted. Not really a material. Use PATO's "quality of a gas" on a material to express vapour forms." ,
 "Obsoleted. Not really a material. Use PATO's "quality of a gas" on a material to express vapour forms." , "http://purl.obolibrary.org/obo/ENVO_01000264" , "http://purl.obolibrary.org/obo/IAO_0000115" , "A vapour is an environmental material in the gas phase at a temperature lower than its critical point." ,
 "Obsoleted. Not really a material. Use PATO's "quality of a gas" on a material to express vapour forms." , "http://purl.obolibrary.org/obo/ENVO_01000264" , "http://www.w3.org/2000/01/rdf-schema#label" , "obsolete vapour" ,
 "Obsoleted. Not really a material. Use PATO's "quality of a gas" on a material to express vapour forms." , "http://purl.obolibrary.org/obo/ENVO_01000264" , "http://www.geneontology.org/formats/oboInOwl#hasExactSynonym" , "vapor" ,
 "Obsoleted. Not really a material. Use PATO's "quality of a gas" on a material to express vapour forms." , "http://purl.obolibrary.org/obo/ENVO_01000264" , "http://www.geneontology.org/formats/oboInOwl#hasOBONamespace" , "ENVO" ,
 "Obsoleted. Not really a material. Use PATO's "quality of a gas" on a material to express vapour forms." , "http://purl.obolibrary.org/obo/ENVO_01000264" , "http://www.geneontology.org/formats/oboInOwl#id" , "ENVO:01000264" ,
 "Obsoleted. Not really a material. Use PATO's "quality of a gas" on a material to express vapour forms." , "http://purl.obolibrary.org/obo/ENVO_01000264" , "http://www.geneontology.org/formats/oboInOwl#creation_date" , "2013-10-10T07:55:56Z" ,
 "Obsoleted. Not really a material. Use PATO's "quality of a gas" on a material to express vapour forms." , "http://purl.obolibrary.org/obo/ENVO_01000264" , "http://www.w3.org/2002/07/owl#deprecated" , "true" ,
 "This is an interesting class. It's not really a column in the sense of a water column, nor is it a current, exactly. It may also occur in any fluid, gaseous or liquid." , "http://purl.obolibrary.org/obo/ENVO_01000299" , "http://www.w3.org/1999/02/22-rdf-syntax-ns#type" , "http://www.w3.org/2002/07/owl#Class" ,
 "This is an interesting class. It's not really a column in the sense of a water column, nor is it a current, exactly. It may also occur in any fluid, gaseous or liquid." , "http://purl.obolibrary.org/obo/ENVO_01000299" , "http://www.w3.org/2000/01/rdf-schema#comment" , "This is an interesting class. It's not really a column in the sense of a water column, nor is it a current, exactly. It may also occur in any fluid, gaseous or liquid." ,
 "This is an interesting class. It's not really a column in the sense of a water column, nor is it a current, exactly. It may also occur in any fluid, gaseous or liquid." , "http://purl.obolibrary.org/obo/ENVO_01000299" , "http://purl.obolibrary.org/obo/IAO_0000115" , "A Taylor column is a column of deflected fluid flow which is formed in a perturbed, rotating fluid, is parallel to the axis of rotation, and extends above the obstacle perturbing the fluid in a rigid manner." ,
 "This is an interesting class. It's not really a column in the sense of a water column, nor is it a current, exactly. It may also occur in any fluid, gaseous or liquid." , "http://purl.obolibrary.org/obo/ENVO_01000299" , "http://www.w3.org/2000/01/rdf-schema#label" , "Taylor column" ,
 "This is an interesting class. It's not really a column in the sense of a water column, nor is it a current, exactly. It may also occur in any fluid, gaseous or liquid." , "http://purl.obolibrary.org/obo/ENVO_01000299" , "http://www.geneontology.org/formats/oboInOwl#hasOBONamespace" , "ENVO" ,
 "This is an interesting class. It's not really a column in the sense of a water column, nor is it a current, exactly. It may also occur in any fluid, gaseous or liquid." , "http://purl.obolibrary.org/obo/ENVO_01000299" , "http://www.geneontology.org/formats/oboInOwl#id" , "ENVO:01000299" ,
 "This is an interesting class. It's not really a column in the sense of a water column, nor is it a current, exactly. It may also occur in any fluid, gaseous or liquid." , "http://purl.obolibrary.org/obo/ENVO_01000299" , "http://www.geneontology.org/formats/oboInOwl#created_by" , "ORCID:0000-0002-4366-3088" ,
 "This is an interesting class. It's not really a column in the sense of a water column, nor is it a current, exactly. It may also occur in any fluid, gaseous or liquid." , "http://purl.obolibrary.org/obo/ENVO_01000299" , "http://www.geneontology.org/formats/oboInOwl#creation_date" , "2013-10-19T11:11:28Z" ,
 "This is an interesting class. It's not really a column in the sense of a water column, nor is it a current, exactly. It may also occur in any fluid, gaseous or liquid." , "http://purl.obolibrary.org/obo/ENVO_01000299" , "http://www.w3.org/2000/01/rdf-schema#subClassOf" , "http://purl.obolibrary.org/obo/ENVO_00000000" ,
 "This is an interesting class. It's not really a column in the sense of a water column, nor is it a current, exactly. It may also occur in any fluid, gaseous or liquid." , "http://purl.obolibrary.org/obo/ENVO_01000299" , "http://www.w3.org/2000/01/rdf-schema#subClassOf" , "b635" ,
 "This is distinct from natural gas which is a fossil fuel product." , "http://purl.obolibrary.org/obo/ENVO_01000556" , "http://www.w3.org/1999/02/22-rdf-syntax-ns#type" , "http://www.w3.org/2002/07/owl#Class" ,
 "This is distinct from natural gas which is a fossil fuel product." , "http://purl.obolibrary.org/obo/ENVO_01000556" , "http://www.w3.org/2000/01/rdf-schema#comment" , "This is distinct from natural gas which is a fossil fuel product." ,
 "This is distinct from natural gas which is a fossil fuel product." , "http://purl.obolibrary.org/obo/ENVO_01000556" , "http://purl.obolibrary.org/obo/IAO_0000115" , "Biogas is a mixture of different gases produced by the breakdown of organic matter in the absence of oxygen,  is primarily composed of methane and carbon dioxide, and may have small amounts of hydrogen sulfide, water, and siloxanes." ,
 "This is distinct from natural gas which is a fossil fuel product." , "http://purl.obolibrary.org/obo/ENVO_01000556" , "http://www.w3.org/2000/01/rdf-schema#label" , "biogas" ,
 "This is distinct from natural gas which is a fossil fuel product." , "http://purl.obolibrary.org/obo/ENVO_01000556" , "http://www.w3.org/2000/01/rdf-schema#subClassOf" , "http://purl.obolibrary.org/obo/ENVO_01000554" ,
 "This is distinct from natural gas which is a fossil fuel product." , "http://purl.obolibrary.org/obo/ENVO_01000556" , "http://www.w3.org/2000/01/rdf-schema#subClassOf" , "b149" ,
 "This is distinct from compressed natural gas, which refers to the compressed form of a fossil fuel." , "http://purl.obolibrary.org/obo/ENVO_01000559" , "http://www.w3.org/1999/02/22-rdf-syntax-ns#type" , "http://www.w3.org/2002/07/owl#Class" ,
 "This is distinct from compressed natural gas, which refers to the compressed form of a fossil fuel." , "http://purl.obolibrary.org/obo/ENVO_01000559" , "http://www.w3.org/2000/01/rdf-schema#comment" , "This is distinct from compressed natural gas, which refers to the compressed form of a fossil fuel." ,
 "This is distinct from compressed natural gas, which refers to the compressed form of a fossil fuel." , "http://purl.obolibrary.org/obo/ENVO_01000559" , "http://purl.obolibrary.org/obo/IAO_0000115" , "Compressed biogas is biogas stored at increased pressures." ,
 "This is distinct from compressed natural gas, which refers to the compressed form of a fossil fuel." , "http://purl.obolibrary.org/obo/ENVO_01000559" , "http://www.w3.org/2000/01/rdf-schema#label" , "compressed biogas" ,
 "This is distinct from compressed natural gas, which refers to the compressed form of a fossil fuel." , "http://purl.obolibrary.org/obo/ENVO_01000559" , "http://www.w3.org/2000/01/rdf-schema#subClassOf" , "http://purl.obolibrary.org/obo/ENVO_01000556" ,
 "This is distinct from compressed natural gas, which refers to the compressed form of a fossil fuel." , "http://purl.obolibrary.org/obo/ENVO_01000559" , "http://www.w3.org/2000/01/rdf-schema#subClassOf" , "b154" ,
 "Note that a vapor describes an element or compound in the gas phase at a temperature lower than its critical point," , "http://purl.obolibrary.org/obo/ENVO_01000622" , "http://www.w3.org/1999/02/22-rdf-syntax-ns#type" , "http://www.w3.org/2002/07/owl#Class" ,
 "Note that a vapor describes an element or compound in the gas phase at a temperature lower than its critical point," , "http://purl.obolibrary.org/obo/ENVO_01000622" , "http://www.w3.org/2000/01/rdf-schema#comment" , "Note that a vapor describes an element or compound in the gas phase at a temperature lower than its critical point," ,
 "Note that a vapor describes an element or compound in the gas phase at a temperature lower than its critical point," , "http://purl.obolibrary.org/obo/ENVO_01000622" , "http://purl.obolibrary.org/obo/IAO_0000115" , "Vaporisation of an element or compound is process whereby that element or compound undergoes a phase transition from the liquid to vapor." ,
 "Note that a vapor describes an element or compound in the gas phase at a temperature lower than its critical point," , "http://purl.obolibrary.org/obo/ENVO_01000622" , "http://www.w3.org/2000/01/rdf-schema#label" , "vaporisation" ,
 "Note that a vapor describes an element or compound in the gas phase at a temperature lower than its critical point," , "http://purl.obolibrary.org/obo/ENVO_01000622" , "http://www.geneontology.org/formats/oboInOwl#hasExactSynonym" , "vaporization" ,
 "Note that a vapor describes an element or compound in the gas phase at a temperature lower than its critical point," , "http://purl.obolibrary.org/obo/ENVO_01000622" , "http://www.w3.org/2000/01/rdf-schema#subClassOf" , "http://purl.obolibrary.org/obo/ENVO_02500000" ,
 "Note that a vapor describes an element or compound in the gas phase at a temperature lower than its critical point," , "http://purl.obolibrary.org/obo/ENVO_01000622" , "http://www.w3.org/2000/01/rdf-schema#subClassOf" , "b636" ,
 "Note that a vapor describes an element or compound in the gas phase at a temperature lower than its critical point," , "http://purl.obolibrary.org/obo/ENVO_01000622" , "http://www.w3.org/2000/01/rdf-schema#subClassOf" , "b637" ,
 ""Not to be confused with planetary core in the core accretion theory, referring to a central accretionary body surrounded by a halo of dust and gas which serves to trap debris and increase the rate of accretion.." WIkipedia:Planetary_core. This class is meant to be applicable accross planets. Earth's core would be an instance. The "layer" aspect of cores may be problematic." , "http://purl.obolibrary.org/obo/ENVO_01000641" , "http://www.w3.org/1999/02/22-rdf-syntax-ns#type" , "http://www.w3.org/2002/07/owl#Class" ,
 ""Not to be confused with planetary core in the core accretion theory, referring to a central accretionary body surrounded by a halo of dust and gas which serves to trap debris and increase the rate of accretion.." WIkipedia:Planetary_core. This class is meant to be applicable accross planets. Earth's core would be an instance. The "layer" aspect of cores may be problematic." , "http://purl.obolibrary.org/obo/ENVO_01000641" , "http://www.w3.org/2000/01/rdf-schema#comment" , ""Not to be confused with planetary core in the core accretion theory, referring to a central accretionary body surrounded by a halo of dust and gas which serves to trap debris and increase the rate of accretion.." WIkipedia:Planetary_core. This class is meant to be applicable accross planets. Earth's core would be an instance. The "layer" aspect of cores may be problematic." ,
 ""Not to be confused with planetary core in the core accretion theory, referring to a central accretionary body surrounded by a halo of dust and gas which serves to trap debris and increase the rate of accretion.." WIkipedia:Planetary_core. This class is meant to be applicable accross planets. Earth's core would be an instance. The "layer" aspect of cores may be problematic." , "http://purl.obolibrary.org/obo/ENVO_01000641" , "http://purl.obolibrary.org/obo/IAO_0000115" , "A planetary core is the innermost structural layer or layers of a planet. The core may be entirely liquid, entirely solid, or have both liquid and solid parts." ,
 ""Not to be confused with planetary core in the core accretion theory, referring to a central accretionary body surrounded by a halo of dust and gas which serves to trap debris and increase the rate of accretion.." WIkipedia:Planetary_core. This class is meant to be applicable accross planets. Earth's core would be an instance. The "layer" aspect of cores may be problematic." , "http://purl.obolibrary.org/obo/ENVO_01000641" , "http://www.w3.org/2000/01/rdf-schema#label" , "planetary core" ,
 ""Not to be confused with planetary core in the core accretion theory, referring to a central accretionary body surrounded by a halo of dust and gas which serves to trap debris and increase the rate of accretion.." WIkipedia:Planetary_core. This class is meant to be applicable accross planets. Earth's core would be an instance. The "layer" aspect of cores may be problematic." , "http://purl.obolibrary.org/obo/ENVO_01000641" , "http://www.geneontology.org/formats/oboInOwl#hasBroadSynonym" , "core" ,
 ""Not to be confused with planetary core in the core accretion theory, referring to a central accretionary body surrounded by a halo of dust and gas which serves to trap debris and increase the rate of accretion.." WIkipedia:Planetary_core. This class is meant to be applicable accross planets. Earth's core would be an instance. The "layer" aspect of cores may be problematic." , "http://purl.obolibrary.org/obo/ENVO_01000641" , "http://www.w3.org/2000/01/rdf-schema#subClassOf" , "http://purl.obolibrary.org/obo/ENVO_01000639" ,
 "Similar, in spirit, to landform. This class may need to be split into aerosols and 'pure' volumes of gas." , "http://purl.obolibrary.org/obo/ENVO_01000755" , "http://www.w3.org/1999/02/22-rdf-syntax-ns#type" , "http://www.w3.org/2002/07/owl#Class" ,
 "Similar, in spirit, to landform. This class may need to be split into aerosols and 'pure' volumes of gas." , "http://purl.obolibrary.org/obo/ENVO_01000755" , "http://www.w3.org/2000/01/rdf-schema#comment" , "Similar, in spirit, to landform. This class may need to be split into aerosols and 'pure' volumes of gas." ,
 "Similar, in spirit, to landform. This class may need to be split into aerosols and 'pure' volumes of gas." , "http://purl.obolibrary.org/obo/ENVO_01000755" , "http://purl.obolibrary.org/obo/IAO_0000115" , "An aeroform is a geographic feature which is primarily composed of a continuous volume of gaseous or aerosolised material held in shape by one or more environmental processes." ,
 "Similar, in spirit, to landform. This class may need to be split into aerosols and 'pure' volumes of gas." , "http://purl.obolibrary.org/obo/ENVO_01000755" , "http://www.w3.org/2000/01/rdf-schema#label" , "aeroform" ,
 "Similar, in spirit, to landform. This class may need to be split into aerosols and 'pure' volumes of gas." , "http://purl.obolibrary.org/obo/ENVO_01000755" , "http://purl.obolibrary.org/obo/IAO_0000116" , "This may not need to be in the atmosphere." ,
 "Similar, in spirit, to landform. This class may need to be split into aerosols and 'pure' volumes of gas." , "http://purl.obolibrary.org/obo/ENVO_01000755" , "http://www.w3.org/2000/01/rdf-schema#subClassOf" , "http://purl.obolibrary.org/obo/ENVO_00000000" ,
 "Similar, in spirit, to landform. This class may need to be split into aerosols and 'pure' volumes of gas." , "http://purl.obolibrary.org/obo/ENVO_01000755" , "http://www.w3.org/2000/01/rdf-schema#subClassOf" , "b638" ,
 "Similar, in spirit, to landform. This class may need to be split into aerosols and 'pure' volumes of gas." , "http://purl.obolibrary.org/obo/ENVO_01000755" , "http://www.w3.org/2000/01/rdf-schema#subClassOf" , "b639" ,
 "Similar, in spirit, to landform. This class may need to be split into aerosols and 'pure' volumes of gas." , "http://purl.obolibrary.org/obo/ENVO_01000755" , "http://www.w3.org/2002/07/owl#equivalentClass" , "b640" ,
 "Not to be confused with a flame - the visible portion of gas released by a fire . Oxidation processes such as rusting or biological digestion are not subsumed here." , "http://purl.obolibrary.org/obo/ENVO_01000786" , "http://www.w3.org/1999/02/22-rdf-syntax-ns#type" , "http://www.w3.org/2002/07/owl#Class" ,
 "Not to be confused with a flame - the visible portion of gas released by a fire . Oxidation processes such as rusting or biological digestion are not subsumed here." , "http://purl.obolibrary.org/obo/ENVO_01000786" , "http://www.w3.org/2000/01/rdf-schema#comment" , "Not to be confused with a flame - the visible portion of gas released by a fire . Oxidation processes such as rusting or biological digestion are not subsumed here." ,
 "Not to be confused with a flame - the visible portion of gas released by a fire . Oxidation processes such as rusting or biological digestion are not subsumed here." , "http://purl.obolibrary.org/obo/ENVO_01000786" , "http://purl.obolibrary.org/obo/IAO_0000115" , "A fire is a process whereby rapid and exothermic oxidation of a material through a combustion process releases heat, light, and other products." ,
 "Not to be confused with a flame - the visible portion of gas released by a fire . Oxidation processes such as rusting or biological digestion are not subsumed here." , "http://purl.obolibrary.org/obo/ENVO_01000786" , "http://www.w3.org/2000/01/rdf-schema#label" , "fire" ,
 "Not to be confused with a flame - the visible portion of gas released by a fire . Oxidation processes such as rusting or biological digestion are not subsumed here." , "http://purl.obolibrary.org/obo/ENVO_01000786" , "http://www.w3.org/2000/01/rdf-schema#subClassOf" , "http://purl.obolibrary.org/obo/ENVO_01000839" ,
 "Smoke is a collection of airborne solid and liquid particulates and gases emitted when a material undergoes combustion or pyrolysis, together with the quantity of gas that is entrained or otherwise mixed into the mass" , "http://purl.obolibrary.org/obo/ENVO_01000838" , "http://www.w3.org/1999/02/22-rdf-syntax-ns#type" , "http://www.w3.org/2002/07/owl#Class" ,
 "Smoke is a collection of airborne solid and liquid particulates and gases emitted when a material undergoes combustion or pyrolysis, together with the quantity of gas that is entrained or otherwise mixed into the mass" , "http://purl.obolibrary.org/obo/ENVO_01000838" , "http://www.w3.org/2000/01/rdf-schema#comment" , "Smoke is a collection of airborne solid and liquid particulates and gases emitted when a material undergoes combustion or pyrolysis, together with the quantity of gas that is entrained or otherwise mixed into the mass" ,
 "Smoke is a collection of airborne solid and liquid particulates and gases emitted when a material undergoes combustion or pyrolysis, together with the quantity of gas that is entrained or otherwise mixed into the mass" , "http://purl.obolibrary.org/obo/ENVO_01000838" , "http://www.w3.org/2000/01/rdf-schema#label" , "smoke" ,
 "Smoke is a collection of airborne solid and liquid particulates and gases emitted when a material undergoes combustion or pyrolysis, together with the quantity of gas that is entrained or otherwise mixed into the mass" , "http://purl.obolibrary.org/obo/ENVO_01000838" , "http://www.w3.org/2000/01/rdf-schema#subClassOf" , "http://purl.obolibrary.org/obo/ENVO_00010483" ,
 "Smoke is a collection of airborne solid and liquid particulates and gases emitted when a material undergoes combustion or pyrolysis, together with the quantity of gas that is entrained or otherwise mixed into the mass" , "http://purl.obolibrary.org/obo/ENVO_01000838" , "http://www.w3.org/2000/01/rdf-schema#subClassOf" , "b632" ,
 "Smoke is a collection of airborne solid and liquid particulates and gases emitted when a material undergoes combustion or pyrolysis, together with the quantity of gas that is entrained or otherwise mixed into the mass" , "http://purl.obolibrary.org/obo/ENVO_01000838" , "http://www.w3.org/2000/01/rdf-schema#subClassOf" , "b569" ,
 "Smoke is a collection of airborne solid and liquid particulates and gases emitted when a material undergoes combustion or pyrolysis, together with the quantity of gas that is entrained or otherwise mixed into the mass" , "http://purl.obolibrary.org/obo/ENVO_01000838" , "http://www.w3.org/2000/01/rdf-schema#subClassOf" , "b633" ,
 "Smoke is a collection of airborne solid and liquid particulates and gases emitted when a material undergoes combustion or pyrolysis, together with the quantity of gas that is entrained or otherwise mixed into the mass" , "http://purl.obolibrary.org/obo/ENVO_01000838" , "http://www.w3.org/2000/01/rdf-schema#subClassOf" , "b634" ,
 ""Examples are Madagascar and Socotra off Africa, the Kerguelen Islands, New Caledonia, New Zealand, and some of the Seychelles." https://en.wikipedia.org/wiki/Island" , "http://purl.obolibrary.org/obo/ENVO_1000749" , "http://www.w3.org/1999/02/22-rdf-syntax-ns#type" , "http://www.w3.org/2002/07/owl#Class" ,
 ""Examples are Madagascar and Socotra off Africa, the Kerguelen Islands, New Caledonia, New Zealand, and some of the Seychelles." https://en.wikipedia.org/wiki/Island" , "http://purl.obolibrary.org/obo/ENVO_1000749" , "http://www.w3.org/2000/01/rdf-schema#comment" , ""Examples are Madagascar and Socotra off Africa, the Kerguelen Islands, New Caledonia, New Zealand, and some of the Seychelles." https://en.wikipedia.org/wiki/Island" ,
 ""Examples are Madagascar and Socotra off Africa, the Kerguelen Islands, New Caledonia, New Zealand, and some of the Seychelles." https://en.wikipedia.org/wiki/Island" , "http://purl.obolibrary.org/obo/ENVO_1000749" , "http://purl.obolibrary.org/obo/IAO_0000115" , "An island created when a continent is rifted." ,
 ""Examples are Madagascar and Socotra off Africa, the Kerguelen Islands, New Caledonia, New Zealand, and some of the Seychelles." https://en.wikipedia.org/wiki/Island" , "http://purl.obolibrary.org/obo/ENVO_1000749" , "http://www.w3.org/2000/01/rdf-schema#label" , "microcontinental island" ,
 ""Examples are Madagascar and Socotra off Africa, the Kerguelen Islands, New Caledonia, New Zealand, and some of the Seychelles." https://en.wikipedia.org/wiki/Island" , "http://purl.obolibrary.org/obo/ENVO_1000749" , "http://www.w3.org/2000/01/rdf-schema#subClassOf" , "http://purl.obolibrary.org/obo/ENVO_00000221" ,
 "There should be  relation here to ENVO:sand, but it's more than "primarily composed of" and must call upon the idea of "ground surface" or layer." , "b641" , "http://www.w3.org/2002/07/owl#annotatedSource" , "http://purl.obolibrary.org/obo/ENVO_00000172" ,
 "There should be  relation here to ENVO:sand, but it's more than "primarily composed of" and must call upon the idea of "ground surface" or layer." , "b642" , "http://www.w3.org/2002/07/owl#annotatedSource" , "http://purl.obolibrary.org/obo/ENVO_00000172" ,
 "There should be  relation here to ENVO:sand, but it's more than "primarily composed of" and must call upon the idea of "ground surface" or layer." , "b643" , "http://www.w3.org/2002/07/owl#annotatedSource" , "http://purl.obolibrary.org/obo/ENVO_00000172" ,
 "There should be  relation here to ENVO:sand, but it's more than "primarily composed of" and must call upon the idea of "ground surface" or layer." , "b644" , "http://www.w3.org/2002/07/owl#annotatedSource" , "http://purl.obolibrary.org/obo/ENVO_00000172" ,
 "There should be  relation here to ENVO:sand, but it's more than "primarily composed of" and must call upon the idea of "ground surface" or layer." , "b645" , "http://www.w3.org/2002/07/owl#annotatedSource" , "http://purl.obolibrary.org/obo/ENVO_00000172" ,
 "There should be  relation here to ENVO:rock, but it's more than "primarily composed of" and must call upon the idea of "ground surface" or layer." , "b646" , "http://www.w3.org/2002/07/owl#annotatedSource" , "http://purl.obolibrary.org/obo/ENVO_00000173" ,
 "There should be  relation here to ENVO:rock, but it's more than "primarily composed of" and must call upon the idea of "ground surface" or layer." , "b647" , "http://www.w3.org/2002/07/owl#annotatedSource" , "http://purl.obolibrary.org/obo/ENVO_00000173" ,
 "There should be  relation here to ENVO:rock and ENVO:gravel, but it's more than "primarily composed of" and must call upon the idea of "ground surface" or layer." , "b648" , "http://www.w3.org/2002/07/owl#annotatedSource" , "http://purl.obolibrary.org/obo/ENVO_00000183" ,
 "There should be  relation here to ENVO:rock and ENVO:gravel, but it's more than "primarily composed of" and must call upon the idea of "ground surface" or layer." , "b649" , "http://www.w3.org/2002/07/owl#annotatedSource" , "http://purl.obolibrary.org/obo/ENVO_00000183" ,
 "There should be  relation here to ENVO:rock and ENVO:gravel, but it's more than "primarily composed of" and must call upon the idea of "ground surface" or layer." , "b650" , "http://www.w3.org/2002/07/owl#annotatedSource" , "http://purl.obolibrary.org/obo/ENVO_00000183" ,
 "'In engineering terms, soil is referred to as regolith, or loose rock material that lies above the 'solid geology'. Soil is commonly referred to as "earth" or "dirt"; technically, the term "dirt" should be restricted to displaced soil.' https://en.wikipedia.org/wiki/Soil

" The upper limit of soil is the boundary between soil and air, shallow water, live plants, or plant materials that have not begun to decompose. Areas are not considered to have soil if the surface is permanently covered by water too deep (typically more than 2.5 meters) for the growth of rooted plants.

The lower boundary that separates soil from the nonsoil underneath is most difficult to define. Soil consists of horizons near the Earth's surface that, in contrast to the underlying parent material, have been altered by the interactions of climate, relief, and living organisms over time. Commonly, soil grades at its lower boundary to hard rock or to earthy materials virtually devoid of animals, roots, or other marks of biological activity. For purposes of classification, the lower boundary of soil is arbitrarily set at 200 cm."  Soil taxonomy, 2nd Ed., quoted in http://www.nrcs.usda.gov/wps/portal/nrcs/detail/soils/edu/?cid=nrcs142p2_054280" , "http://purl.obolibrary.org/obo/ENVO_00005774" , "http://www.w3.org/2000/01/rdf-schema#subClassOf" , "http://purl.obolibrary.org/obo/ENVO_00001998" ,
 "'In engineering terms, soil is referred to as regolith, or loose rock material that lies above the 'solid geology'. Soil is commonly referred to as "earth" or "dirt"; technically, the term "dirt" should be restricted to displaced soil.' https://en.wikipedia.org/wiki/Soil

" The upper limit of soil is the boundary between soil and air, shallow water, live plants, or plant materials that have not begun to decompose. Areas are not considered to have soil if the surface is permanently covered by water too deep (typically more than 2.5 meters) for the growth of rooted plants.

The lower boundary that separates soil from the nonsoil underneath is most difficult to define. Soil consists of horizons near the Earth's surface that, in contrast to the underlying parent material, have been altered by the interactions of climate, relief, and living organisms over time. Commonly, soil grades at its lower boundary to hard rock or to earthy materials virtually devoid of animals, roots, or other marks of biological activity. For purposes of classification, the lower boundary of soil is arbitrarily set at 200 cm."  Soil taxonomy, 2nd Ed., quoted in http://www.nrcs.usda.gov/wps/portal/nrcs/detail/soils/edu/?cid=nrcs142p2_054280" , "http://purl.obolibrary.org/obo/ENVO_00000134" , "http://www.w3.org/2000/01/rdf-schema#subClassOf" , "http://purl.obolibrary.org/obo/ENVO_00001998" ,
 "'In engineering terms, soil is referred to as regolith, or loose rock material that lies above the 'solid geology'. Soil is commonly referred to as "earth" or "dirt"; technically, the term "dirt" should be restricted to displaced soil.' https://en.wikipedia.org/wiki/Soil

" The upper limit of soil is the boundary between soil and air, shallow water, live plants, or plant materials that have not begun to decompose. Areas are not considered to have soil if the surface is permanently covered by water too deep (typically more than 2.5 meters) for the growth of rooted plants.

The lower boundary that separates soil from the nonsoil underneath is most difficult to define. Soil consists of horizons near the Earth's surface that, in contrast to the underlying parent material, have been altered by the interactions of climate, relief, and living organisms over time. Commonly, soil grades at its lower boundary to hard rock or to earthy materials virtually devoid of animals, roots, or other marks of biological activity. For purposes of classification, the lower boundary of soil is arbitrarily set at 200 cm."  Soil taxonomy, 2nd Ed., quoted in http://www.nrcs.usda.gov/wps/portal/nrcs/detail/soils/edu/?cid=nrcs142p2_054280" , "http://purl.obolibrary.org/obo/ENVO_00002871" , "http://www.w3.org/2000/01/rdf-schema#subClassOf" , "http://purl.obolibrary.org/obo/ENVO_00001998" ,
 "'In engineering terms, soil is referred to as regolith, or loose rock material that lies above the 'solid geology'. Soil is commonly referred to as "earth" or "dirt"; technically, the term "dirt" should be restricted to displaced soil.' https://en.wikipedia.org/wiki/Soil

" The upper limit of soil is the boundary between soil and air, shallow water, live plants, or plant materials that have not begun to decompose. Areas are not considered to have soil if the surface is permanently covered by water too deep (typically more than 2.5 meters) for the growth of rooted plants.

The lower boundary that separates soil from the nonsoil underneath is most difficult to define. Soil consists of horizons near the Earth's surface that, in contrast to the underlying parent material, have been altered by the interactions of climate, relief, and living organisms over time. Commonly, soil grades at its lower boundary to hard rock or to earthy materials virtually devoid of animals, roots, or other marks of biological activity. For purposes of classification, the lower boundary of soil is arbitrarily set at 200 cm."  Soil taxonomy, 2nd Ed., quoted in http://www.nrcs.usda.gov/wps/portal/nrcs/detail/soils/edu/?cid=nrcs142p2_054280" , "b651" , "http://www.w3.org/2002/07/owl#someValuesFrom" , "http://purl.obolibrary.org/obo/ENVO_00001998" ,
 "'In engineering terms, soil is referred to as regolith, or loose rock material that lies above the 'solid geology'. Soil is commonly referred to as "earth" or "dirt"; technically, the term "dirt" should be restricted to displaced soil.' https://en.wikipedia.org/wiki/Soil

" The upper limit of soil is the boundary between soil and air, shallow water, live plants, or plant materials that have not begun to decompose. Areas are not considered to have soil if the surface is permanently covered by water too deep (typically more than 2.5 meters) for the growth of rooted plants.

The lower boundary that separates soil from the nonsoil underneath is most difficult to define. Soil consists of horizons near the Earth's surface that, in contrast to the underlying parent material, have been altered by the interactions of climate, relief, and living organisms over time. Commonly, soil grades at its lower boundary to hard rock or to earthy materials virtually devoid of animals, roots, or other marks of biological activity. For purposes of classification, the lower boundary of soil is arbitrarily set at 200 cm."  Soil taxonomy, 2nd Ed., quoted in http://www.nrcs.usda.gov/wps/portal/nrcs/detail/soils/edu/?cid=nrcs142p2_054280" , "b652" , "http://www.w3.org/1999/02/22-rdf-syntax-ns#first" , "http://purl.obolibrary.org/obo/ENVO_00001998" ,
 "'In engineering terms, soil is referred to as regolith, or loose rock material that lies above the 'solid geology'. Soil is commonly referred to as "earth" or "dirt"; technically, the term "dirt" should be restricted to displaced soil.' https://en.wikipedia.org/wiki/Soil

" The upper limit of soil is the boundary between soil and air, shallow water, live plants, or plant materials that have not begun to decompose. Areas are not considered to have soil if the surface is permanently covered by water too deep (typically more than 2.5 meters) for the growth of rooted plants.

The lower boundary that separates soil from the nonsoil underneath is most difficult to define. Soil consists of horizons near the Earth's surface that, in contrast to the underlying parent material, have been altered by the interactions of climate, relief, and living organisms over time. Commonly, soil grades at its lower boundary to hard rock or to earthy materials virtually devoid of animals, roots, or other marks of biological activity. For purposes of classification, the lower boundary of soil is arbitrarily set at 200 cm."  Soil taxonomy, 2nd Ed., quoted in http://www.nrcs.usda.gov/wps/portal/nrcs/detail/soils/edu/?cid=nrcs142p2_054280" , "b653" , "http://www.w3.org/2002/07/owl#annotatedSource" , "http://purl.obolibrary.org/obo/ENVO_00001998" ,
 "'In engineering terms, soil is referred to as regolith, or loose rock material that lies above the 'solid geology'. Soil is commonly referred to as "earth" or "dirt"; technically, the term "dirt" should be restricted to displaced soil.' https://en.wikipedia.org/wiki/Soil

" The upper limit of soil is the boundary between soil and air, shallow water, live plants, or plant materials that have not begun to decompose. Areas are not considered to have soil if the surface is permanently covered by water too deep (typically more than 2.5 meters) for the growth of rooted plants.

The lower boundary that separates soil from the nonsoil underneath is most difficult to define. Soil consists of horizons near the Earth's surface that, in contrast to the underlying parent material, have been altered by the interactions of climate, relief, and living organisms over time. Commonly, soil grades at its lower boundary to hard rock or to earthy materials virtually devoid of animals, roots, or other marks of biological activity. For purposes of classification, the lower boundary of soil is arbitrarily set at 200 cm."  Soil taxonomy, 2nd Ed., quoted in http://www.nrcs.usda.gov/wps/portal/nrcs/detail/soils/edu/?cid=nrcs142p2_054280" , "http://purl.obolibrary.org/obo/ENVO_00003082" , "http://www.w3.org/2000/01/rdf-schema#subClassOf" , "http://purl.obolibrary.org/obo/ENVO_00001998" ,
 "'In engineering terms, soil is referred to as regolith, or loose rock material that lies above the 'solid geology'. Soil is commonly referred to as "earth" or "dirt"; technically, the term "dirt" should be restricted to displaced soil.' https://en.wikipedia.org/wiki/Soil

" The upper limit of soil is the boundary between soil and air, shallow water, live plants, or plant materials that have not begun to decompose. Areas are not considered to have soil if the surface is permanently covered by water too deep (typically more than 2.5 meters) for the growth of rooted plants.

The lower boundary that separates soil from the nonsoil underneath is most difficult to define. Soil consists of horizons near the Earth's surface that, in contrast to the underlying parent material, have been altered by the interactions of climate, relief, and living organisms over time. Commonly, soil grades at its lower boundary to hard rock or to earthy materials virtually devoid of animals, roots, or other marks of biological activity. For purposes of classification, the lower boundary of soil is arbitrarily set at 200 cm."  Soil taxonomy, 2nd Ed., quoted in http://www.nrcs.usda.gov/wps/portal/nrcs/detail/soils/edu/?cid=nrcs142p2_054280" , "http://purl.obolibrary.org/obo/ENVO_00002229" , "http://www.w3.org/2000/01/rdf-schema#subClassOf" , "http://purl.obolibrary.org/obo/ENVO_00001998" ,
 "'In engineering terms, soil is referred to as regolith, or loose rock material that lies above the 'solid geology'. Soil is commonly referred to as "earth" or "dirt"; technically, the term "dirt" should be restricted to displaced soil.' https://en.wikipedia.org/wiki/Soil

" The upper limit of soil is the boundary between soil and air, shallow water, live plants, or plant materials that have not begun to decompose. Areas are not considered to have soil if the surface is permanently covered by water too deep (typically more than 2.5 meters) for the growth of rooted plants.

The lower boundary that separates soil from the nonsoil underneath is most difficult to define. Soil consists of horizons near the Earth's surface that, in contrast to the underlying parent material, have been altered by the interactions of climate, relief, and living organisms over time. Commonly, soil grades at its lower boundary to hard rock or to earthy materials virtually devoid of animals, roots, or other marks of biological activity. For purposes of classification, the lower boundary of soil is arbitrarily set at 200 cm."  Soil taxonomy, 2nd Ed., quoted in http://www.nrcs.usda.gov/wps/portal/nrcs/detail/soils/edu/?cid=nrcs142p2_054280" , "http://purl.obolibrary.org/obo/ENVO_00002230" , "http://www.w3.org/2000/01/rdf-schema#subClassOf" , "http://purl.obolibrary.org/obo/ENVO_00001998" ,
 "'In engineering terms, soil is referred to as regolith, or loose rock material that lies above the 'solid geology'. Soil is commonly referred to as "earth" or "dirt"; technically, the term "dirt" should be restricted to displaced soil.' https://en.wikipedia.org/wiki/Soil

" The upper limit of soil is the boundary between soil and air, shallow water, live plants, or plant materials that have not begun to decompose. Areas are not considered to have soil if the surface is permanently covered by water too deep (typically more than 2.5 meters) for the growth of rooted plants.

The lower boundary that separates soil from the nonsoil underneath is most difficult to define. Soil consists of horizons near the Earth's surface that, in contrast to the underlying parent material, have been altered by the interactions of climate, relief, and living organisms over time. Commonly, soil grades at its lower boundary to hard rock or to earthy materials virtually devoid of animals, roots, or other marks of biological activity. For purposes of classification, the lower boundary of soil is arbitrarily set at 200 cm."  Soil taxonomy, 2nd Ed., quoted in http://www.nrcs.usda.gov/wps/portal/nrcs/detail/soils/edu/?cid=nrcs142p2_054280" , "http://purl.obolibrary.org/obo/ENVO_00002231" , "http://www.w3.org/2000/01/rdf-schema#subClassOf" , "http://purl.obolibrary.org/obo/ENVO_00001998" ,
 "'In engineering terms, soil is referred to as regolith, or loose rock material that lies above the 'solid geology'. Soil is commonly referred to as "earth" or "dirt"; technically, the term "dirt" should be restricted to displaced soil.' https://en.wikipedia.org/wiki/Soil

" The upper limit of soil is the boundary between soil and air, shallow water, live plants, or plant materials that have not begun to decompose. Areas are not considered to have soil if the surface is permanently covered by water too deep (typically more than 2.5 meters) for the growth of rooted plants.

The lower boundary that separates soil from the nonsoil underneath is most difficult to define. Soil consists of horizons near the Earth's surface that, in contrast to the underlying parent material, have been altered by the interactions of climate, relief, and living organisms over time. Commonly, soil grades at its lower boundary to hard rock or to earthy materials virtually devoid of animals, roots, or other marks of biological activity. For purposes of classification, the lower boundary of soil is arbitrarily set at 200 cm."  Soil taxonomy, 2nd Ed., quoted in http://www.nrcs.usda.gov/wps/portal/nrcs/detail/soils/edu/?cid=nrcs142p2_054280" , "http://purl.obolibrary.org/obo/ENVO_00002232" , "http://www.w3.org/2000/01/rdf-schema#subClassOf" , "http://purl.obolibrary.org/obo/ENVO_00001998" ,
 "'In engineering terms, soil is referred to as regolith, or loose rock material that lies above the 'solid geology'. Soil is commonly referred to as "earth" or "dirt"; technically, the term "dirt" should be restricted to displaced soil.' https://en.wikipedia.org/wiki/Soil

" The upper limit of soil is the boundary between soil and air, shallow water, live plants, or plant materials that have not begun to decompose. Areas are not considered to have soil if the surface is permanently covered by water too deep (typically more than 2.5 meters) for the growth of rooted plants.

The lower boundary that separates soil from the nonsoil underneath is most difficult to define. Soil consists of horizons near the Earth's surface that, in contrast to the underlying parent material, have been altered by the interactions of climate, relief, and living organisms over time. Commonly, soil grades at its lower boundary to hard rock or to earthy materials virtually devoid of animals, roots, or other marks of biological activity. For purposes of classification, the lower boundary of soil is arbitrarily set at 200 cm."  Soil taxonomy, 2nd Ed., quoted in http://www.nrcs.usda.gov/wps/portal/nrcs/detail/soils/edu/?cid=nrcs142p2_054280" , "http://purl.obolibrary.org/obo/ENVO_00002233" , "http://www.w3.org/2000/01/rdf-schema#subClassOf" , "http://purl.obolibrary.org/obo/ENVO_00001998" ,
 "'In engineering terms, soil is referred to as regolith, or loose rock material that lies above the 'solid geology'. Soil is commonly referred to as "earth" or "dirt"; technically, the term "dirt" should be restricted to displaced soil.' https://en.wikipedia.org/wiki/Soil

" The upper limit of soil is the boundary between soil and air, shallow water, live plants, or plant materials that have not begun to decompose. Areas are not considered to have soil if the surface is permanently covered by water too deep (typically more than 2.5 meters) for the growth of rooted plants.

The lower boundary that separates soil from the nonsoil underneath is most difficult to define. Soil consists of horizons near the Earth's surface that, in contrast to the underlying parent material, have been altered by the interactions of climate, relief, and living organisms over time. Commonly, soil grades at its lower boundary to hard rock or to earthy materials virtually devoid of animals, roots, or other marks of biological activity. For purposes of classification, the lower boundary of soil is arbitrarily set at 200 cm."  Soil taxonomy, 2nd Ed., quoted in http://www.nrcs.usda.gov/wps/portal/nrcs/detail/soils/edu/?cid=nrcs142p2_054280" , "http://purl.obolibrary.org/obo/ENVO_00002234" , "http://www.w3.org/2000/01/rdf-schema#subClassOf" , "http://purl.obolibrary.org/obo/ENVO_00001998" ,
 "'In engineering terms, soil is referred to as regolith, or loose rock material that lies above the 'solid geology'. Soil is commonly referred to as "earth" or "dirt"; technically, the term "dirt" should be restricted to displaced soil.' https://en.wikipedia.org/wiki/Soil

" The upper limit of soil is the boundary between soil and air, shallow water, live plants, or plant materials that have not begun to decompose. Areas are not considered to have soil if the surface is permanently covered by water too deep (typically more than 2.5 meters) for the growth of rooted plants.

The lower boundary that separates soil from the nonsoil underneath is most difficult to define. Soil consists of horizons near the Earth's surface that, in contrast to the underlying parent material, have been altered by the interactions of climate, relief, and living organisms over time. Commonly, soil grades at its lower boundary to hard rock or to earthy materials virtually devoid of animals, roots, or other marks of biological activity. For purposes of classification, the lower boundary of soil is arbitrarily set at 200 cm."  Soil taxonomy, 2nd Ed., quoted in http://www.nrcs.usda.gov/wps/portal/nrcs/detail/soils/edu/?cid=nrcs142p2_054280" , "http://purl.obolibrary.org/obo/ENVO_00002235" , "http://www.w3.org/2000/01/rdf-schema#subClassOf" , "http://purl.obolibrary.org/obo/ENVO_00001998" ,
 "'In engineering terms, soil is referred to as regolith, or loose rock material that lies above the 'solid geology'. Soil is commonly referred to as "earth" or "dirt"; technically, the term "dirt" should be restricted to displaced soil.' https://en.wikipedia.org/wiki/Soil

" The upper limit of soil is the boundary between soil and air, shallow water, live plants, or plant materials that have not begun to decompose. Areas are not considered to have soil if the surface is permanently covered by water too deep (typically more than 2.5 meters) for the growth of rooted plants.

The lower boundary that separates soil from the nonsoil underneath is most difficult to define. Soil consists of horizons near the Earth's surface that, in contrast to the underlying parent material, have been altered by the interactions of climate, relief, and living organisms over time. Commonly, soil grades at its lower boundary to hard rock or to earthy materials virtually devoid of animals, roots, or other marks of biological activity. For purposes of classification, the lower boundary of soil is arbitrarily set at 200 cm."  Soil taxonomy, 2nd Ed., quoted in http://www.nrcs.usda.gov/wps/portal/nrcs/detail/soils/edu/?cid=nrcs142p2_054280" , "http://purl.obolibrary.org/obo/ENVO_00002236" , "http://www.w3.org/2000/01/rdf-schema#subClassOf" , "http://purl.obolibrary.org/obo/ENVO_00001998" ,
 "'In engineering terms, soil is referred to as regolith, or loose rock material that lies above the 'solid geology'. Soil is commonly referred to as "earth" or "dirt"; technically, the term "dirt" should be restricted to displaced soil.' https://en.wikipedia.org/wiki/Soil

" The upper limit of soil is the boundary between soil and air, shallow water, live plants, or plant materials that have not begun to decompose. Areas are not considered to have soil if the surface is permanently covered by water too deep (typically more than 2.5 meters) for the growth of rooted plants.

The lower boundary that separates soil from the nonsoil underneath is most difficult to define. Soil consists of horizons near the Earth's surface that, in contrast to the underlying parent material, have been altered by the interactions of climate, relief, and living organisms over time. Commonly, soil grades at its lower boundary to hard rock or to earthy materials virtually devoid of animals, roots, or other marks of biological activity. For purposes of classification, the lower boundary of soil is arbitrarily set at 200 cm."  Soil taxonomy, 2nd Ed., quoted in http://www.nrcs.usda.gov/wps/portal/nrcs/detail/soils/edu/?cid=nrcs142p2_054280" , "http://purl.obolibrary.org/obo/ENVO_00002237" , "http://www.w3.org/2000/01/rdf-schema#subClassOf" , "http://purl.obolibrary.org/obo/ENVO_00001998" ,
 "'In engineering terms, soil is referred to as regolith, or loose rock material that lies above the 'solid geology'. Soil is commonly referred to as "earth" or "dirt"; technically, the term "dirt" should be restricted to displaced soil.' https://en.wikipedia.org/wiki/Soil

" The upper limit of soil is the boundary between soil and air, shallow water, live plants, or plant materials that have not begun to decompose. Areas are not considered to have soil if the surface is permanently covered by water too deep (typically more than 2.5 meters) for the growth of rooted plants.

The lower boundary that separates soil from the nonsoil underneath is most difficult to define. Soil consists of horizons near the Earth's surface that, in contrast to the underlying parent material, have been altered by the interactions of climate, relief, and living organisms over time. Commonly, soil grades at its lower boundary to hard rock or to earthy materials virtually devoid of animals, roots, or other marks of biological activity. For purposes of classification, the lower boundary of soil is arbitrarily set at 200 cm."  Soil taxonomy, 2nd Ed., quoted in http://www.nrcs.usda.gov/wps/portal/nrcs/detail/soils/edu/?cid=nrcs142p2_054280" , "http://purl.obolibrary.org/obo/ENVO_00002238" , "http://www.w3.org/2000/01/rdf-schema#subClassOf" , "http://purl.obolibrary.org/obo/ENVO_00001998" ,
 "'In engineering terms, soil is referred to as regolith, or loose rock material that lies above the 'solid geology'. Soil is commonly referred to as "earth" or "dirt"; technically, the term "dirt" should be restricted to displaced soil.' https://en.wikipedia.org/wiki/Soil

" The upper limit of soil is the boundary between soil and air, shallow water, live plants, or plant materials that have not begun to decompose. Areas are not considered to have soil if the surface is permanently covered by water too deep (typically more than 2.5 meters) for the growth of rooted plants.

The lower boundary that separates soil from the nonsoil underneath is most difficult to define. Soil consists of horizons near the Earth's surface that, in contrast to the underlying parent material, have been altered by the interactions of climate, relief, and living organisms over time. Commonly, soil grades at its lower boundary to hard rock or to earthy materials virtually devoid of animals, roots, or other marks of biological activity. For purposes of classification, the lower boundary of soil is arbitrarily set at 200 cm."  Soil taxonomy, 2nd Ed., quoted in http://www.nrcs.usda.gov/wps/portal/nrcs/detail/soils/edu/?cid=nrcs142p2_054280" , "http://purl.obolibrary.org/obo/ENVO_00002239" , "http://www.w3.org/2000/01/rdf-schema#subClassOf" , "http://purl.obolibrary.org/obo/ENVO_00001998" ,
 "'In engineering terms, soil is referred to as regolith, or loose rock material that lies above the 'solid geology'. Soil is commonly referred to as "earth" or "dirt"; technically, the term "dirt" should be restricted to displaced soil.' https://en.wikipedia.org/wiki/Soil

" The upper limit of soil is the boundary between soil and air, shallow water, live plants, or plant materials that have not begun to decompose. Areas are not considered to have soil if the surface is permanently covered by water too deep (typically more than 2.5 meters) for the growth of rooted plants.

The lower boundary that separates soil from the nonsoil underneath is most difficult to define. Soil consists of horizons near the Earth's surface that, in contrast to the underlying parent material, have been altered by the interactions of climate, relief, and living organisms over time. Commonly, soil grades at its lower boundary to hard rock or to earthy materials virtually devoid of animals, roots, or other marks of biological activity. For purposes of classification, the lower boundary of soil is arbitrarily set at 200 cm."  Soil taxonomy, 2nd Ed., quoted in http://www.nrcs.usda.gov/wps/portal/nrcs/detail/soils/edu/?cid=nrcs142p2_054280" , "http://purl.obolibrary.org/obo/ENVO_00002240" , "http://www.w3.org/2000/01/rdf-schema#subClassOf" , "http://purl.obolibrary.org/obo/ENVO_00001998" ,
 "'In engineering terms, soil is referred to as regolith, or loose rock material that lies above the 'solid geology'. Soil is commonly referred to as "earth" or "dirt"; technically, the term "dirt" should be restricted to displaced soil.' https://en.wikipedia.org/wiki/Soil

" The upper limit of soil is the boundary between soil and air, shallow water, live plants, or plant materials that have not begun to decompose. Areas are not considered to have soil if the surface is permanently covered by water too deep (typically more than 2.5 meters) for the growth of rooted plants.

The lower boundary that separates soil from the nonsoil underneath is most difficult to define. Soil consists of horizons near the Earth's surface that, in contrast to the underlying parent material, have been altered by the interactions of climate, relief, and living organisms over time. Commonly, soil grades at its lower boundary to hard rock or to earthy materials virtually devoid of animals, roots, or other marks of biological activity. For purposes of classification, the lower boundary of soil is arbitrarily set at 200 cm."  Soil taxonomy, 2nd Ed., quoted in http://www.nrcs.usda.gov/wps/portal/nrcs/detail/soils/edu/?cid=nrcs142p2_054280" , "http://purl.obolibrary.org/obo/ENVO_00002241" , "http://www.w3.org/2000/01/rdf-schema#subClassOf" , "http://purl.obolibrary.org/obo/ENVO_00001998" ,
 "'In engineering terms, soil is referred to as regolith, or loose rock material that lies above the 'solid geology'. Soil is commonly referred to as "earth" or "dirt"; technically, the term "dirt" should be restricted to displaced soil.' https://en.wikipedia.org/wiki/Soil

" The upper limit of soil is the boundary between soil and air, shallow water, live plants, or plant materials that have not begun to decompose. Areas are not considered to have soil if the surface is permanently covered by water too deep (typically more than 2.5 meters) for the growth of rooted plants.

The lower boundary that separates soil from the nonsoil underneath is most difficult to define. Soil consists of horizons near the Earth's surface that, in contrast to the underlying parent material, have been altered by the interactions of climate, relief, and living organisms over time. Commonly, soil grades at its lower boundary to hard rock or to earthy materials virtually devoid of animals, roots, or other marks of biological activity. For purposes of classification, the lower boundary of soil is arbitrarily set at 200 cm."  Soil taxonomy, 2nd Ed., quoted in http://www.nrcs.usda.gov/wps/portal/nrcs/detail/soils/edu/?cid=nrcs142p2_054280" , "http://purl.obolibrary.org/obo/ENVO_00002242" , "http://www.w3.org/2000/01/rdf-schema#subClassOf" , "http://purl.obolibrary.org/obo/ENVO_00001998" ,
 "'In engineering terms, soil is referred to as regolith, or loose rock material that lies above the 'solid geology'. Soil is commonly referred to as "earth" or "dirt"; technically, the term "dirt" should be restricted to displaced soil.' https://en.wikipedia.org/wiki/Soil

" The upper limit of soil is the boundary between soil and air, shallow water, live plants, or plant materials that have not begun to decompose. Areas are not considered to have soil if the surface is permanently covered by water too deep (typically more than 2.5 meters) for the growth of rooted plants.

The lower boundary that separates soil from the nonsoil underneath is most difficult to define. Soil consists of horizons near the Earth's surface that, in contrast to the underlying parent material, have been altered by the interactions of climate, relief, and living organisms over time. Commonly, soil grades at its lower boundary to hard rock or to earthy materials virtually devoid of animals, roots, or other marks of biological activity. For purposes of classification, the lower boundary of soil is arbitrarily set at 200 cm."  Soil taxonomy, 2nd Ed., quoted in http://www.nrcs.usda.gov/wps/portal/nrcs/detail/soils/edu/?cid=nrcs142p2_054280" , "http://purl.obolibrary.org/obo/ENVO_00002243" , "http://www.w3.org/2000/01/rdf-schema#subClassOf" , "http://purl.obolibrary.org/obo/ENVO_00001998" ,
 "'In engineering terms, soil is referred to as regolith, or loose rock material that lies above the 'solid geology'. Soil is commonly referred to as "earth" or "dirt"; technically, the term "dirt" should be restricted to displaced soil.' https://en.wikipedia.org/wiki/Soil

" The upper limit of soil is the boundary between soil and air, shallow water, live plants, or plant materials that have not begun to decompose. Areas are not considered to have soil if the surface is permanently covered by water too deep (typically more than 2.5 meters) for the growth of rooted plants.

The lower boundary that separates soil from the nonsoil underneath is most difficult to define. Soil consists of horizons near the Earth's surface that, in contrast to the underlying parent material, have been altered by the interactions of climate, relief, and living organisms over time. Commonly, soil grades at its lower boundary to hard rock or to earthy materials virtually devoid of animals, roots, or other marks of biological activity. For purposes of classification, the lower boundary of soil is arbitrarily set at 200 cm."  Soil taxonomy, 2nd Ed., quoted in http://www.nrcs.usda.gov/wps/portal/nrcs/detail/soils/edu/?cid=nrcs142p2_054280" , "http://purl.obolibrary.org/obo/ENVO_00002244" , "http://www.w3.org/2000/01/rdf-schema#subClassOf" , "http://purl.obolibrary.org/obo/ENVO_00001998" ,
 "'In engineering terms, soil is referred to as regolith, or loose rock material that lies above the 'solid geology'. Soil is commonly referred to as "earth" or "dirt"; technically, the term "dirt" should be restricted to displaced soil.' https://en.wikipedia.org/wiki/Soil

" The upper limit of soil is the boundary between soil and air, shallow water, live plants, or plant materials that have not begun to decompose. Areas are not considered to have soil if the surface is permanently covered by water too deep (typically more than 2.5 meters) for the growth of rooted plants.

The lower boundary that separates soil from the nonsoil underneath is most difficult to define. Soil consists of horizons near the Earth's surface that, in contrast to the underlying parent material, have been altered by the interactions of climate, relief, and living organisms over time. Commonly, soil grades at its lower boundary to hard rock or to earthy materials virtually devoid of animals, roots, or other marks of biological activity. For purposes of classification, the lower boundary of soil is arbitrarily set at 200 cm."  Soil taxonomy, 2nd Ed., quoted in http://www.nrcs.usda.gov/wps/portal/nrcs/detail/soils/edu/?cid=nrcs142p2_054280" , "http://purl.obolibrary.org/obo/ENVO_00002245" , "http://www.w3.org/2000/01/rdf-schema#subClassOf" , "http://purl.obolibrary.org/obo/ENVO_00001998" ,
 "'In engineering terms, soil is referred to as regolith, or loose rock material that lies above the 'solid geology'. Soil is commonly referred to as "earth" or "dirt"; technically, the term "dirt" should be restricted to displaced soil.' https://en.wikipedia.org/wiki/Soil

" The upper limit of soil is the boundary between soil and air, shallow water, live plants, or plant materials that have not begun to decompose. Areas are not considered to have soil if the surface is permanently covered by water too deep (typically more than 2.5 meters) for the growth of rooted plants.

The lower boundary that separates soil from the nonsoil underneath is most difficult to define. Soil consists of horizons near the Earth's surface that, in contrast to the underlying parent material, have been altered by the interactions of climate, relief, and living organisms over time. Commonly, soil grades at its lower boundary to hard rock or to earthy materials virtually devoid of animals, roots, or other marks of biological activity. For purposes of classification, the lower boundary of soil is arbitrarily set at 200 cm."  Soil taxonomy, 2nd Ed., quoted in http://www.nrcs.usda.gov/wps/portal/nrcs/detail/soils/edu/?cid=nrcs142p2_054280" , "http://purl.obolibrary.org/obo/ENVO_00002246" , "http://www.w3.org/2000/01/rdf-schema#subClassOf" , "http://purl.obolibrary.org/obo/ENVO_00001998" ,
 "'In engineering terms, soil is referred to as regolith, or loose rock material that lies above the 'solid geology'. Soil is commonly referred to as "earth" or "dirt"; technically, the term "dirt" should be restricted to displaced soil.' https://en.wikipedia.org/wiki/Soil

" The upper limit of soil is the boundary between soil and air, shallow water, live plants, or plant materials that have not begun to decompose. Areas are not considered to have soil if the surface is permanently covered by water too deep (typically more than 2.5 meters) for the growth of rooted plants.

The lower boundary that separates soil from the nonsoil underneath is most difficult to define. Soil consists of horizons near the Earth's surface that, in contrast to the underlying parent material, have been altered by the interactions of climate, relief, and living organisms over time. Commonly, soil grades at its lower boundary to hard rock or to earthy materials virtually devoid of animals, roots, or other marks of biological activity. For purposes of classification, the lower boundary of soil is arbitrarily set at 200 cm."  Soil taxonomy, 2nd Ed., quoted in http://www.nrcs.usda.gov/wps/portal/nrcs/detail/soils/edu/?cid=nrcs142p2_054280" , "http://purl.obolibrary.org/obo/ENVO_00002247" , "http://www.w3.org/2000/01/rdf-schema#subClassOf" , "http://purl.obolibrary.org/obo/ENVO_00001998" ,
 "'In engineering terms, soil is referred to as regolith, or loose rock material that lies above the 'solid geology'. Soil is commonly referred to as "earth" or "dirt"; technically, the term "dirt" should be restricted to displaced soil.' https://en.wikipedia.org/wiki/Soil

" The upper limit of soil is the boundary between soil and air, shallow water, live plants, or plant materials that have not begun to decompose. Areas are not considered to have soil if the surface is permanently covered by water too deep (typically more than 2.5 meters) for the growth of rooted plants.

The lower boundary that separates soil from the nonsoil underneath is most difficult to define. Soil consists of horizons near the Earth's surface that, in contrast to the underlying parent material, have been altered by the interactions of climate, relief, and living organisms over time. Commonly, soil grades at its lower boundary to hard rock or to earthy materials virtually devoid of animals, roots, or other marks of biological activity. For purposes of classification, the lower boundary of soil is arbitrarily set at 200 cm."  Soil taxonomy, 2nd Ed., quoted in http://www.nrcs.usda.gov/wps/portal/nrcs/detail/soils/edu/?cid=nrcs142p2_054280" , "http://purl.obolibrary.org/obo/ENVO_00002248" , "http://www.w3.org/2000/01/rdf-schema#subClassOf" , "http://purl.obolibrary.org/obo/ENVO_00001998" ,
 "'In engineering terms, soil is referred to as regolith, or loose rock material that lies above the 'solid geology'. Soil is commonly referred to as "earth" or "dirt"; technically, the term "dirt" should be restricted to displaced soil.' https://en.wikipedia.org/wiki/Soil

" The upper limit of soil is the boundary between soil and air, shallow water, live plants, or plant materials that have not begun to decompose. Areas are not considered to have soil if the surface is permanently covered by water too deep (typically more than 2.5 meters) for the growth of rooted plants.

The lower boundary that separates soil from the nonsoil underneath is most difficult to define. Soil consists of horizons near the Earth's surface that, in contrast to the underlying parent material, have been altered by the interactions of climate, relief, and living organisms over time. Commonly, soil grades at its lower boundary to hard rock or to earthy materials virtually devoid of animals, roots, or other marks of biological activity. For purposes of classification, the lower boundary of soil is arbitrarily set at 200 cm."  Soil taxonomy, 2nd Ed., quoted in http://www.nrcs.usda.gov/wps/portal/nrcs/detail/soils/edu/?cid=nrcs142p2_054280" , "http://purl.obolibrary.org/obo/ENVO_00002249" , "http://www.w3.org/2000/01/rdf-schema#subClassOf" , "http://purl.obolibrary.org/obo/ENVO_00001998" ,
 "'In engineering terms, soil is referred to as regolith, or loose rock material that lies above the 'solid geology'. Soil is commonly referred to as "earth" or "dirt"; technically, the term "dirt" should be restricted to displaced soil.' https://en.wikipedia.org/wiki/Soil

" The upper limit of soil is the boundary between soil and air, shallow water, live plants, or plant materials that have not begun to decompose. Areas are not considered to have soil if the surface is permanently covered by water too deep (typically more than 2.5 meters) for the growth of rooted plants.

The lower boundary that separates soil from the nonsoil underneath is most difficult to define. Soil consists of horizons near the Earth's surface that, in contrast to the underlying parent material, have been altered by the interactions of climate, relief, and living organisms over time. Commonly, soil grades at its lower boundary to hard rock or to earthy materials virtually devoid of animals, roots, or other marks of biological activity. For purposes of classification, the lower boundary of soil is arbitrarily set at 200 cm."  Soil taxonomy, 2nd Ed., quoted in http://www.nrcs.usda.gov/wps/portal/nrcs/detail/soils/edu/?cid=nrcs142p2_054280" , "http://purl.obolibrary.org/obo/ENVO_00002250" , "http://www.w3.org/2000/01/rdf-schema#subClassOf" , "http://purl.obolibrary.org/obo/ENVO_00001998" ,
 "'In engineering terms, soil is referred to as regolith, or loose rock material that lies above the 'solid geology'. Soil is commonly referred to as "earth" or "dirt"; technically, the term "dirt" should be restricted to displaced soil.' https://en.wikipedia.org/wiki/Soil

" The upper limit of soil is the boundary between soil and air, shallow water, live plants, or plant materials that have not begun to decompose. Areas are not considered to have soil if the surface is permanently covered by water too deep (typically more than 2.5 meters) for the growth of rooted plants.

The lower boundary that separates soil from the nonsoil underneath is most difficult to define. Soil consists of horizons near the Earth's surface that, in contrast to the underlying parent material, have been altered by the interactions of climate, relief, and living organisms over time. Commonly, soil grades at its lower boundary to hard rock or to earthy materials virtually devoid of animals, roots, or other marks of biological activity. For purposes of classification, the lower boundary of soil is arbitrarily set at 200 cm."  Soil taxonomy, 2nd Ed., quoted in http://www.nrcs.usda.gov/wps/portal/nrcs/detail/soils/edu/?cid=nrcs142p2_054280" , "http://purl.obolibrary.org/obo/ENVO_00002251" , "http://www.w3.org/2000/01/rdf-schema#subClassOf" , "http://purl.obolibrary.org/obo/ENVO_00001998" ,
 "'In engineering terms, soil is referred to as regolith, or loose rock material that lies above the 'solid geology'. Soil is commonly referred to as "earth" or "dirt"; technically, the term "dirt" should be restricted to displaced soil.' https://en.wikipedia.org/wiki/Soil

" The upper limit of soil is the boundary between soil and air, shallow water, live plants, or plant materials that have not begun to decompose. Areas are not considered to have soil if the surface is permanently covered by water too deep (typically more than 2.5 meters) for the growth of rooted plants.

The lower boundary that separates soil from the nonsoil underneath is most difficult to define. Soil consists of horizons near the Earth's surface that, in contrast to the underlying parent material, have been altered by the interactions of climate, relief, and living organisms over time. Commonly, soil grades at its lower boundary to hard rock or to earthy materials virtually devoid of animals, roots, or other marks of biological activity. For purposes of classification, the lower boundary of soil is arbitrarily set at 200 cm."  Soil taxonomy, 2nd Ed., quoted in http://www.nrcs.usda.gov/wps/portal/nrcs/detail/soils/edu/?cid=nrcs142p2_054280" , "http://purl.obolibrary.org/obo/ENVO_00002252" , "http://www.w3.org/2000/01/rdf-schema#subClassOf" , "http://purl.obolibrary.org/obo/ENVO_00001998" ,
 "'In engineering terms, soil is referred to as regolith, or loose rock material that lies above the 'solid geology'. Soil is commonly referred to as "earth" or "dirt"; technically, the term "dirt" should be restricted to displaced soil.' https://en.wikipedia.org/wiki/Soil

" The upper limit of soil is the boundary between soil and air, shallow water, live plants, or plant materials that have not begun to decompose. Areas are not considered to have soil if the surface is permanently covered by water too deep (typically more than 2.5 meters) for the growth of rooted plants.

The lower boundary that separates soil from the nonsoil underneath is most difficult to define. Soil consists of horizons near the Earth's surface that, in contrast to the underlying parent material, have been altered by the interactions of climate, relief, and living organisms over time. Commonly, soil grades at its lower boundary to hard rock or to earthy materials virtually devoid of animals, roots, or other marks of biological activity. For purposes of classification, the lower boundary of soil is arbitrarily set at 200 cm."  Soil taxonomy, 2nd Ed., quoted in http://www.nrcs.usda.gov/wps/portal/nrcs/detail/soils/edu/?cid=nrcs142p2_054280" , "http://purl.obolibrary.org/obo/ENVO_00002253" , "http://www.w3.org/2000/01/rdf-schema#subClassOf" , "http://purl.obolibrary.org/obo/ENVO_00001998" ,
 "'In engineering terms, soil is referred to as regolith, or loose rock material that lies above the 'solid geology'. Soil is commonly referred to as "earth" or "dirt"; technically, the term "dirt" should be restricted to displaced soil.' https://en.wikipedia.org/wiki/Soil

" The upper limit of soil is the boundary between soil and air, shallow water, live plants, or plant materials that have not begun to decompose. Areas are not considered to have soil if the surface is permanently covered by water too deep (typically more than 2.5 meters) for the growth of rooted plants.

The lower boundary that separates soil from the nonsoil underneath is most difficult to define. Soil consists of horizons near the Earth's surface that, in contrast to the underlying parent material, have been altered by the interactions of climate, relief, and living organisms over time. Commonly, soil grades at its lower boundary to hard rock or to earthy materials virtually devoid of animals, roots, or other marks of biological activity. For purposes of classification, the lower boundary of soil is arbitrarily set at 200 cm."  Soil taxonomy, 2nd Ed., quoted in http://www.nrcs.usda.gov/wps/portal/nrcs/detail/soils/edu/?cid=nrcs142p2_054280" , "http://purl.obolibrary.org/obo/ENVO_00002254" , "http://www.w3.org/2000/01/rdf-schema#subClassOf" , "http://purl.obolibrary.org/obo/ENVO_00001998" ,
 "'In engineering terms, soil is referred to as regolith, or loose rock material that lies above the 'solid geology'. Soil is commonly referred to as "earth" or "dirt"; technically, the term "dirt" should be restricted to displaced soil.' https://en.wikipedia.org/wiki/Soil

" The upper limit of soil is the boundary between soil and air, shallow water, live plants, or plant materials that have not begun to decompose. Areas are not considered to have soil if the surface is permanently covered by water too deep (typically more than 2.5 meters) for the growth of rooted plants.

The lower boundary that separates soil from the nonsoil underneath is most difficult to define. Soil consists of horizons near the Earth's surface that, in contrast to the underlying parent material, have been altered by the interactions of climate, relief, and living organisms over time. Commonly, soil grades at its lower boundary to hard rock or to earthy materials virtually devoid of animals, roots, or other marks of biological activity. For purposes of classification, the lower boundary of soil is arbitrarily set at 200 cm."  Soil taxonomy, 2nd Ed., quoted in http://www.nrcs.usda.gov/wps/portal/nrcs/detail/soils/edu/?cid=nrcs142p2_054280" , "http://purl.obolibrary.org/obo/ENVO_00002255" , "http://www.w3.org/2000/01/rdf-schema#subClassOf" , "http://purl.obolibrary.org/obo/ENVO_00001998" ,
 "'In engineering terms, soil is referred to as regolith, or loose rock material that lies above the 'solid geology'. Soil is commonly referred to as "earth" or "dirt"; technically, the term "dirt" should be restricted to displaced soil.' https://en.wikipedia.org/wiki/Soil

" The upper limit of soil is the boundary between soil and air, shallow water, live plants, or plant materials that have not begun to decompose. Areas are not considered to have soil if the surface is permanently covered by water too deep (typically more than 2.5 meters) for the growth of rooted plants.

The lower boundary that separates soil from the nonsoil underneath is most difficult to define. Soil consists of horizons near the Earth's surface that, in contrast to the underlying parent material, have been altered by the interactions of climate, relief, and living organisms over time. Commonly, soil grades at its lower boundary to hard rock or to earthy materials virtually devoid of animals, roots, or other marks of biological activity. For purposes of classification, the lower boundary of soil is arbitrarily set at 200 cm."  Soil taxonomy, 2nd Ed., quoted in http://www.nrcs.usda.gov/wps/portal/nrcs/detail/soils/edu/?cid=nrcs142p2_054280" , "http://purl.obolibrary.org/obo/ENVO_00002256" , "http://www.w3.org/2000/01/rdf-schema#subClassOf" , "http://purl.obolibrary.org/obo/ENVO_00001998" ,
 "'In engineering terms, soil is referred to as regolith, or loose rock material that lies above the 'solid geology'. Soil is commonly referred to as "earth" or "dirt"; technically, the term "dirt" should be restricted to displaced soil.' https://en.wikipedia.org/wiki/Soil

" The upper limit of soil is the boundary between soil and air, shallow water, live plants, or plant materials that have not begun to decompose. Areas are not considered to have soil if the surface is permanently covered by water too deep (typically more than 2.5 meters) for the growth of rooted plants.

The lower boundary that separates soil from the nonsoil underneath is most difficult to define. Soil consists of horizons near the Earth's surface that, in contrast to the underlying parent material, have been altered by the interactions of climate, relief, and living organisms over time. Commonly, soil grades at its lower boundary to hard rock or to earthy materials virtually devoid of animals, roots, or other marks of biological activity. For purposes of classification, the lower boundary of soil is arbitrarily set at 200 cm."  Soil taxonomy, 2nd Ed., quoted in http://www.nrcs.usda.gov/wps/portal/nrcs/detail/soils/edu/?cid=nrcs142p2_054280" , "http://purl.obolibrary.org/obo/ENVO_00002257" , "http://www.w3.org/2000/01/rdf-schema#subClassOf" , "http://purl.obolibrary.org/obo/ENVO_00001998" ,
 "'In engineering terms, soil is referred to as regolith, or loose rock material that lies above the 'solid geology'. Soil is commonly referred to as "earth" or "dirt"; technically, the term "dirt" should be restricted to displaced soil.' https://en.wikipedia.org/wiki/Soil

" The upper limit of soil is the boundary between soil and air, shallow water, live plants, or plant materials that have not begun to decompose. Areas are not considered to have soil if the surface is permanently covered by water too deep (typically more than 2.5 meters) for the growth of rooted plants.

The lower boundary that separates soil from the nonsoil underneath is most difficult to define. Soil consists of horizons near the Earth's surface that, in contrast to the underlying parent material, have been altered by the interactions of climate, relief, and living organisms over time. Commonly, soil grades at its lower boundary to hard rock or to earthy materials virtually devoid of animals, roots, or other marks of biological activity. For purposes of classification, the lower boundary of soil is arbitrarily set at 200 cm."  Soil taxonomy, 2nd Ed., quoted in http://www.nrcs.usda.gov/wps/portal/nrcs/detail/soils/edu/?cid=nrcs142p2_054280" , "http://purl.obolibrary.org/obo/ENVO_00002258" , "http://www.w3.org/2000/01/rdf-schema#subClassOf" , "http://purl.obolibrary.org/obo/ENVO_00001998" ,
 "'In engineering terms, soil is referred to as regolith, or loose rock material that lies above the 'solid geology'. Soil is commonly referred to as "earth" or "dirt"; technically, the term "dirt" should be restricted to displaced soil.' https://en.wikipedia.org/wiki/Soil

" The upper limit of soil is the boundary between soil and air, shallow water, live plants, or plant materials that have not begun to decompose. Areas are not considered to have soil if the surface is permanently covered by water too deep (typically more than 2.5 meters) for the growth of rooted plants.

The lower boundary that separates soil from the nonsoil underneath is most difficult to define. Soil consists of horizons near the Earth's surface that, in contrast to the underlying parent material, have been altered by the interactions of climate, relief, and living organisms over time. Commonly, soil grades at its lower boundary to hard rock or to earthy materials virtually devoid of animals, roots, or other marks of biological activity. For purposes of classification, the lower boundary of soil is arbitrarily set at 200 cm."  Soil taxonomy, 2nd Ed., quoted in http://www.nrcs.usda.gov/wps/portal/nrcs/detail/soils/edu/?cid=nrcs142p2_054280" , "http://purl.obolibrary.org/obo/ENVO_00002259" , "http://www.w3.org/2000/01/rdf-schema#subClassOf" , "http://purl.obolibrary.org/obo/ENVO_00001998" ,
 "'In engineering terms, soil is referred to as regolith, or loose rock material that lies above the 'solid geology'. Soil is commonly referred to as "earth" or "dirt"; technically, the term "dirt" should be restricted to displaced soil.' https://en.wikipedia.org/wiki/Soil

" The upper limit of soil is the boundary between soil and air, shallow water, live plants, or plant materials that have not begun to decompose. Areas are not considered to have soil if the surface is permanently covered by water too deep (typically more than 2.5 meters) for the growth of rooted plants.

The lower boundary that separates soil from the nonsoil underneath is most difficult to define. Soil consists of horizons near the Earth's surface that, in contrast to the underlying parent material, have been altered by the interactions of climate, relief, and living organisms over time. Commonly, soil grades at its lower boundary to hard rock or to earthy materials virtually devoid of animals, roots, or other marks of biological activity. For purposes of classification, the lower boundary of soil is arbitrarily set at 200 cm."  Soil taxonomy, 2nd Ed., quoted in http://www.nrcs.usda.gov/wps/portal/nrcs/detail/soils/edu/?cid=nrcs142p2_054280" , "http://purl.obolibrary.org/obo/ENVO_00002260" , "http://www.w3.org/2000/01/rdf-schema#subClassOf" , "http://purl.obolibrary.org/obo/ENVO_00001998" ,
 "'In engineering terms, soil is referred to as regolith, or loose rock material that lies above the 'solid geology'. Soil is commonly referred to as "earth" or "dirt"; technically, the term "dirt" should be restricted to displaced soil.' https://en.wikipedia.org/wiki/Soil

" The upper limit of soil is the boundary between soil and air, shallow water, live plants, or plant materials that have not begun to decompose. Areas are not considered to have soil if the surface is permanently covered by water too deep (typically more than 2.5 meters) for the growth of rooted plants.

The lower boundary that separates soil from the nonsoil underneath is most difficult to define. Soil consists of horizons near the Earth's surface that, in contrast to the underlying parent material, have been altered by the interactions of climate, relief, and living organisms over time. Commonly, soil grades at its lower boundary to hard rock or to earthy materials virtually devoid of animals, roots, or other marks of biological activity. For purposes of classification, the lower boundary of soil is arbitrarily set at 200 cm."  Soil taxonomy, 2nd Ed., quoted in http://www.nrcs.usda.gov/wps/portal/nrcs/detail/soils/edu/?cid=nrcs142p2_054280" , "http://purl.obolibrary.org/obo/ENVO_00002261" , "http://www.w3.org/2000/01/rdf-schema#subClassOf" , "http://purl.obolibrary.org/obo/ENVO_00001998" ,
 "'In engineering terms, soil is referred to as regolith, or loose rock material that lies above the 'solid geology'. Soil is commonly referred to as "earth" or "dirt"; technically, the term "dirt" should be restricted to displaced soil.' https://en.wikipedia.org/wiki/Soil

" The upper limit of soil is the boundary between soil and air, shallow water, live plants, or plant materials that have not begun to decompose. Areas are not considered to have soil if the surface is permanently covered by water too deep (typically more than 2.5 meters) for the growth of rooted plants.

The lower boundary that separates soil from the nonsoil underneath is most difficult to define. Soil consists of horizons near the Earth's surface that, in contrast to the underlying parent material, have been altered by the interactions of climate, relief, and living organisms over time. Commonly, soil grades at its lower boundary to hard rock or to earthy materials virtually devoid of animals, roots, or other marks of biological activity. For purposes of classification, the lower boundary of soil is arbitrarily set at 200 cm."  Soil taxonomy, 2nd Ed., quoted in http://www.nrcs.usda.gov/wps/portal/nrcs/detail/soils/edu/?cid=nrcs142p2_054280" , "b654" , "http://www.w3.org/1999/02/22-rdf-syntax-ns#first" , "http://purl.obolibrary.org/obo/ENVO_00001998" ,
 "'In engineering terms, soil is referred to as regolith, or loose rock material that lies above the 'solid geology'. Soil is commonly referred to as "earth" or "dirt"; technically, the term "dirt" should be restricted to displaced soil.' https://en.wikipedia.org/wiki/Soil

" The upper limit of soil is the boundary between soil and air, shallow water, live plants, or plant materials that have not begun to decompose. Areas are not considered to have soil if the surface is permanently covered by water too deep (typically more than 2.5 meters) for the growth of rooted plants.

The lower boundary that separates soil from the nonsoil underneath is most difficult to define. Soil consists of horizons near the Earth's surface that, in contrast to the underlying parent material, have been altered by the interactions of climate, relief, and living organisms over time. Commonly, soil grades at its lower boundary to hard rock or to earthy materials virtually devoid of animals, roots, or other marks of biological activity. For purposes of classification, the lower boundary of soil is arbitrarily set at 200 cm."  Soil taxonomy, 2nd Ed., quoted in http://www.nrcs.usda.gov/wps/portal/nrcs/detail/soils/edu/?cid=nrcs142p2_054280" , "http://purl.obolibrary.org/obo/ENVO_00002262" , "http://www.w3.org/2000/01/rdf-schema#subClassOf" , "http://purl.obolibrary.org/obo/ENVO_00001998" ,
 "'In engineering terms, soil is referred to as regolith, or loose rock material that lies above the 'solid geology'. Soil is commonly referred to as "earth" or "dirt"; technically, the term "dirt" should be restricted to displaced soil.' https://en.wikipedia.org/wiki/Soil

" The upper limit of soil is the boundary between soil and air, shallow water, live plants, or plant materials that have not begun to decompose. Areas are not considered to have soil if the surface is permanently covered by water too deep (typically more than 2.5 meters) for the growth of rooted plants.

The lower boundary that separates soil from the nonsoil underneath is most difficult to define. Soil consists of horizons near the Earth's surface that, in contrast to the underlying parent material, have been altered by the interactions of climate, relief, and living organisms over time. Commonly, soil grades at its lower boundary to hard rock or to earthy materials virtually devoid of animals, roots, or other marks of biological activity. For purposes of classification, the lower boundary of soil is arbitrarily set at 200 cm."  Soil taxonomy, 2nd Ed., quoted in http://www.nrcs.usda.gov/wps/portal/nrcs/detail/soils/edu/?cid=nrcs142p2_054280" , "http://purl.obolibrary.org/obo/ENVO_00002263" , "http://www.w3.org/2000/01/rdf-schema#subClassOf" , "http://purl.obolibrary.org/obo/ENVO_00001998" ,
 "'In engineering terms, soil is referred to as regolith, or loose rock material that lies above the 'solid geology'. Soil is commonly referred to as "earth" or "dirt"; technically, the term "dirt" should be restricted to displaced soil.' https://en.wikipedia.org/wiki/Soil

" The upper limit of soil is the boundary between soil and air, shallow water, live plants, or plant materials that have not begun to decompose. Areas are not considered to have soil if the surface is permanently covered by water too deep (typically more than 2.5 meters) for the growth of rooted plants.

The lower boundary that separates soil from the nonsoil underneath is most difficult to define. Soil consists of horizons near the Earth's surface that, in contrast to the underlying parent material, have been altered by the interactions of climate, relief, and living organisms over time. Commonly, soil grades at its lower boundary to hard rock or to earthy materials virtually devoid of animals, roots, or other marks of biological activity. For purposes of classification, the lower boundary of soil is arbitrarily set at 200 cm."  Soil taxonomy, 2nd Ed., quoted in http://www.nrcs.usda.gov/wps/portal/nrcs/detail/soils/edu/?cid=nrcs142p2_054280" , "b655" , "http://www.w3.org/1999/02/22-rdf-syntax-ns#first" , "http://purl.obolibrary.org/obo/ENVO_00001998" ,
 "'In engineering terms, soil is referred to as regolith, or loose rock material that lies above the 'solid geology'. Soil is commonly referred to as "earth" or "dirt"; technically, the term "dirt" should be restricted to displaced soil.' https://en.wikipedia.org/wiki/Soil

" The upper limit of soil is the boundary between soil and air, shallow water, live plants, or plant materials that have not begun to decompose. Areas are not considered to have soil if the surface is permanently covered by water too deep (typically more than 2.5 meters) for the growth of rooted plants.

The lower boundary that separates soil from the nonsoil underneath is most difficult to define. Soil consists of horizons near the Earth's surface that, in contrast to the underlying parent material, have been altered by the interactions of climate, relief, and living organisms over time. Commonly, soil grades at its lower boundary to hard rock or to earthy materials virtually devoid of animals, roots, or other marks of biological activity. For purposes of classification, the lower boundary of soil is arbitrarily set at 200 cm."  Soil taxonomy, 2nd Ed., quoted in http://www.nrcs.usda.gov/wps/portal/nrcs/detail/soils/edu/?cid=nrcs142p2_054280" , "http://purl.obolibrary.org/obo/ENVO_00002273" , "http://www.w3.org/2000/01/rdf-schema#subClassOf" , "http://purl.obolibrary.org/obo/ENVO_00001998" ,
 "'In engineering terms, soil is referred to as regolith, or loose rock material that lies above the 'solid geology'. Soil is commonly referred to as "earth" or "dirt"; technically, the term "dirt" should be restricted to displaced soil.' https://en.wikipedia.org/wiki/Soil

" The upper limit of soil is the boundary between soil and air, shallow water, live plants, or plant materials that have not begun to decompose. Areas are not considered to have soil if the surface is permanently covered by water too deep (typically more than 2.5 meters) for the growth of rooted plants.

The lower boundary that separates soil from the nonsoil underneath is most difficult to define. Soil consists of horizons near the Earth's surface that, in contrast to the underlying parent material, have been altered by the interactions of climate, relief, and living organisms over time. Commonly, soil grades at its lower boundary to hard rock or to earthy materials virtually devoid of animals, roots, or other marks of biological activity. For purposes of classification, the lower boundary of soil is arbitrarily set at 200 cm."  Soil taxonomy, 2nd Ed., quoted in http://www.nrcs.usda.gov/wps/portal/nrcs/detail/soils/edu/?cid=nrcs142p2_054280" , "http://purl.obolibrary.org/obo/ENVO_00002274" , "http://www.w3.org/2000/01/rdf-schema#subClassOf" , "http://purl.obolibrary.org/obo/ENVO_00001998" ,
 "'In engineering terms, soil is referred to as regolith, or loose rock material that lies above the 'solid geology'. Soil is commonly referred to as "earth" or "dirt"; technically, the term "dirt" should be restricted to displaced soil.' https://en.wikipedia.org/wiki/Soil

" The upper limit of soil is the boundary between soil and air, shallow water, live plants, or plant materials that have not begun to decompose. Areas are not considered to have soil if the surface is permanently covered by water too deep (typically more than 2.5 meters) for the growth of rooted plants.

The lower boundary that separates soil from the nonsoil underneath is most difficult to define. Soil consists of horizons near the Earth's surface that, in contrast to the underlying parent material, have been altered by the interactions of climate, relief, and living organisms over time. Commonly, soil grades at its lower boundary to hard rock or to earthy materials virtually devoid of animals, roots, or other marks of biological activity. For purposes of classification, the lower boundary of soil is arbitrarily set at 200 cm."  Soil taxonomy, 2nd Ed., quoted in http://www.nrcs.usda.gov/wps/portal/nrcs/detail/soils/edu/?cid=nrcs142p2_054280" , "http://purl.obolibrary.org/obo/ENVO_00002275" , "http://www.w3.org/2000/01/rdf-schema#subClassOf" , "http://purl.obolibrary.org/obo/ENVO_00001998" ,
 "'In engineering terms, soil is referred to as regolith, or loose rock material that lies above the 'solid geology'. Soil is commonly referred to as "earth" or "dirt"; technically, the term "dirt" should be restricted to displaced soil.' https://en.wikipedia.org/wiki/Soil

" The upper limit of soil is the boundary between soil and air, shallow water, live plants, or plant materials that have not begun to decompose. Areas are not considered to have soil if the surface is permanently covered by water too deep (typically more than 2.5 meters) for the growth of rooted plants.

The lower boundary that separates soil from the nonsoil underneath is most difficult to define. Soil consists of horizons near the Earth's surface that, in contrast to the underlying parent material, have been altered by the interactions of climate, relief, and living organisms over time. Commonly, soil grades at its lower boundary to hard rock or to earthy materials virtually devoid of animals, roots, or other marks of biological activity. For purposes of classification, the lower boundary of soil is arbitrarily set at 200 cm."  Soil taxonomy, 2nd Ed., quoted in http://www.nrcs.usda.gov/wps/portal/nrcs/detail/soils/edu/?cid=nrcs142p2_054280" , "b656" , "http://www.w3.org/1999/02/22-rdf-syntax-ns#first" , "http://purl.obolibrary.org/obo/ENVO_00001998" ,
 "'In engineering terms, soil is referred to as regolith, or loose rock material that lies above the 'solid geology'. Soil is commonly referred to as "earth" or "dirt"; technically, the term "dirt" should be restricted to displaced soil.' https://en.wikipedia.org/wiki/Soil

" The upper limit of soil is the boundary between soil and air, shallow water, live plants, or plant materials that have not begun to decompose. Areas are not considered to have soil if the surface is permanently covered by water too deep (typically more than 2.5 meters) for the growth of rooted plants.

The lower boundary that separates soil from the nonsoil underneath is most difficult to define. Soil consists of horizons near the Earth's surface that, in contrast to the underlying parent material, have been altered by the interactions of climate, relief, and living organisms over time. Commonly, soil grades at its lower boundary to hard rock or to earthy materials virtually devoid of animals, roots, or other marks of biological activity. For purposes of classification, the lower boundary of soil is arbitrarily set at 200 cm."  Soil taxonomy, 2nd Ed., quoted in http://www.nrcs.usda.gov/wps/portal/nrcs/detail/soils/edu/?cid=nrcs142p2_054280" , "b657" , "http://www.w3.org/1999/02/22-rdf-syntax-ns#first" , "http://purl.obolibrary.org/obo/ENVO_00001998" ,
 "'In engineering terms, soil is referred to as regolith, or loose rock material that lies above the 'solid geology'. Soil is commonly referred to as "earth" or "dirt"; technically, the term "dirt" should be restricted to displaced soil.' https://en.wikipedia.org/wiki/Soil

" The upper limit of soil is the boundary between soil and air, shallow water, live plants, or plant materials that have not begun to decompose. Areas are not considered to have soil if the surface is permanently covered by water too deep (typically more than 2.5 meters) for the growth of rooted plants.

The lower boundary that separates soil from the nonsoil underneath is most difficult to define. Soil consists of horizons near the Earth's surface that, in contrast to the underlying parent material, have been altered by the interactions of climate, relief, and living organisms over time. Commonly, soil grades at its lower boundary to hard rock or to earthy materials virtually devoid of animals, roots, or other marks of biological activity. For purposes of classification, the lower boundary of soil is arbitrarily set at 200 cm."  Soil taxonomy, 2nd Ed., quoted in http://www.nrcs.usda.gov/wps/portal/nrcs/detail/soils/edu/?cid=nrcs142p2_054280" , "http://purl.obolibrary.org/obo/ENVO_00005741" , "http://www.w3.org/2000/01/rdf-schema#subClassOf" , "http://purl.obolibrary.org/obo/ENVO_00001998" ,
 "'In engineering terms, soil is referred to as regolith, or loose rock material that lies above the 'solid geology'. Soil is commonly referred to as "earth" or "dirt"; technically, the term "dirt" should be restricted to displaced soil.' https://en.wikipedia.org/wiki/Soil

" The upper limit of soil is the boundary between soil and air, shallow water, live plants, or plant materials that have not begun to decompose. Areas are not considered to have soil if the surface is permanently covered by water too deep (typically more than 2.5 meters) for the growth of rooted plants.

The lower boundary that separates soil from the nonsoil underneath is most difficult to define. Soil consists of horizons near the Earth's surface that, in contrast to the underlying parent material, have been altered by the interactions of climate, relief, and living organisms over time. Commonly, soil grades at its lower boundary to hard rock or to earthy materials virtually devoid of animals, roots, or other marks of biological activity. For purposes of classification, the lower boundary of soil is arbitrarily set at 200 cm."  Soil taxonomy, 2nd Ed., quoted in http://www.nrcs.usda.gov/wps/portal/nrcs/detail/soils/edu/?cid=nrcs142p2_054280" , "http://purl.obolibrary.org/obo/ENVO_00005742" , "http://www.w3.org/2000/01/rdf-schema#subClassOf" , "http://purl.obolibrary.org/obo/ENVO_00001998" ,
 "'In engineering terms, soil is referred to as regolith, or loose rock material that lies above the 'solid geology'. Soil is commonly referred to as "earth" or "dirt"; technically, the term "dirt" should be restricted to displaced soil.' https://en.wikipedia.org/wiki/Soil

" The upper limit of soil is the boundary between soil and air, shallow water, live plants, or plant materials that have not begun to decompose. Areas are not considered to have soil if the surface is permanently covered by water too deep (typically more than 2.5 meters) for the growth of rooted plants.

The lower boundary that separates soil from the nonsoil underneath is most difficult to define. Soil consists of horizons near the Earth's surface that, in contrast to the underlying parent material, have been altered by the interactions of climate, relief, and living organisms over time. Commonly, soil grades at its lower boundary to hard rock or to earthy materials virtually devoid of animals, roots, or other marks of biological activity. For purposes of classification, the lower boundary of soil is arbitrarily set at 200 cm."  Soil taxonomy, 2nd Ed., quoted in http://www.nrcs.usda.gov/wps/portal/nrcs/detail/soils/edu/?cid=nrcs142p2_054280" , "http://purl.obolibrary.org/obo/ENVO_00005743" , "http://www.w3.org/2000/01/rdf-schema#subClassOf" , "http://purl.obolibrary.org/obo/ENVO_00001998" ,
 "'In engineering terms, soil is referred to as regolith, or loose rock material that lies above the 'solid geology'. Soil is commonly referred to as "earth" or "dirt"; technically, the term "dirt" should be restricted to displaced soil.' https://en.wikipedia.org/wiki/Soil

" The upper limit of soil is the boundary between soil and air, shallow water, live plants, or plant materials that have not begun to decompose. Areas are not considered to have soil if the surface is permanently covered by water too deep (typically more than 2.5 meters) for the growth of rooted plants.

The lower boundary that separates soil from the nonsoil underneath is most difficult to define. Soil consists of horizons near the Earth's surface that, in contrast to the underlying parent material, have been altered by the interactions of climate, relief, and living organisms over time. Commonly, soil grades at its lower boundary to hard rock or to earthy materials virtually devoid of animals, roots, or other marks of biological activity. For purposes of classification, the lower boundary of soil is arbitrarily set at 200 cm."  Soil taxonomy, 2nd Ed., quoted in http://www.nrcs.usda.gov/wps/portal/nrcs/detail/soils/edu/?cid=nrcs142p2_054280" , "b658" , "http://www.w3.org/1999/02/22-rdf-syntax-ns#first" , "http://purl.obolibrary.org/obo/ENVO_00001998" ,
 "'In engineering terms, soil is referred to as regolith, or loose rock material that lies above the 'solid geology'. Soil is commonly referred to as "earth" or "dirt"; technically, the term "dirt" should be restricted to displaced soil.' https://en.wikipedia.org/wiki/Soil

" The upper limit of soil is the boundary between soil and air, shallow water, live plants, or plant materials that have not begun to decompose. Areas are not considered to have soil if the surface is permanently covered by water too deep (typically more than 2.5 meters) for the growth of rooted plants.

The lower boundary that separates soil from the nonsoil underneath is most difficult to define. Soil consists of horizons near the Earth's surface that, in contrast to the underlying parent material, have been altered by the interactions of climate, relief, and living organisms over time. Commonly, soil grades at its lower boundary to hard rock or to earthy materials virtually devoid of animals, roots, or other marks of biological activity. For purposes of classification, the lower boundary of soil is arbitrarily set at 200 cm."  Soil taxonomy, 2nd Ed., quoted in http://www.nrcs.usda.gov/wps/portal/nrcs/detail/soils/edu/?cid=nrcs142p2_054280" , "b659" , "http://www.w3.org/1999/02/22-rdf-syntax-ns#first" , "http://purl.obolibrary.org/obo/ENVO_00001998" ,
 "'In engineering terms, soil is referred to as regolith, or loose rock material that lies above the 'solid geology'. Soil is commonly referred to as "earth" or "dirt"; technically, the term "dirt" should be restricted to displaced soil.' https://en.wikipedia.org/wiki/Soil

" The upper limit of soil is the boundary between soil and air, shallow water, live plants, or plant materials that have not begun to decompose. Areas are not considered to have soil if the surface is permanently covered by water too deep (typically more than 2.5 meters) for the growth of rooted plants.

The lower boundary that separates soil from the nonsoil underneath is most difficult to define. Soil consists of horizons near the Earth's surface that, in contrast to the underlying parent material, have been altered by the interactions of climate, relief, and living organisms over time. Commonly, soil grades at its lower boundary to hard rock or to earthy materials virtually devoid of animals, roots, or other marks of biological activity. For purposes of classification, the lower boundary of soil is arbitrarily set at 200 cm."  Soil taxonomy, 2nd Ed., quoted in http://www.nrcs.usda.gov/wps/portal/nrcs/detail/soils/edu/?cid=nrcs142p2_054280" , "http://purl.obolibrary.org/obo/ENVO_00005750" , "http://www.w3.org/2000/01/rdf-schema#subClassOf" , "http://purl.obolibrary.org/obo/ENVO_00001998" ,
 "'In engineering terms, soil is referred to as regolith, or loose rock material that lies above the 'solid geology'. Soil is commonly referred to as "earth" or "dirt"; technically, the term "dirt" should be restricted to displaced soil.' https://en.wikipedia.org/wiki/Soil

" The upper limit of soil is the boundary between soil and air, shallow water, live plants, or plant materials that have not begun to decompose. Areas are not considered to have soil if the surface is permanently covered by water too deep (typically more than 2.5 meters) for the growth of rooted plants.

The lower boundary that separates soil from the nonsoil underneath is most difficult to define. Soil consists of horizons near the Earth's surface that, in contrast to the underlying parent material, have been altered by the interactions of climate, relief, and living organisms over time. Commonly, soil grades at its lower boundary to hard rock or to earthy materials virtually devoid of animals, roots, or other marks of biological activity. For purposes of classification, the lower boundary of soil is arbitrarily set at 200 cm."  Soil taxonomy, 2nd Ed., quoted in http://www.nrcs.usda.gov/wps/portal/nrcs/detail/soils/edu/?cid=nrcs142p2_054280" , "http://purl.obolibrary.org/obo/ENVO_00005747" , "http://www.w3.org/2000/01/rdf-schema#subClassOf" , "http://purl.obolibrary.org/obo/ENVO_00001998" ,
 "'In engineering terms, soil is referred to as regolith, or loose rock material that lies above the 'solid geology'. Soil is commonly referred to as "earth" or "dirt"; technically, the term "dirt" should be restricted to displaced soil.' https://en.wikipedia.org/wiki/Soil

" The upper limit of soil is the boundary between soil and air, shallow water, live plants, or plant materials that have not begun to decompose. Areas are not considered to have soil if the surface is permanently covered by water too deep (typically more than 2.5 meters) for the growth of rooted plants.

The lower boundary that separates soil from the nonsoil underneath is most difficult to define. Soil consists of horizons near the Earth's surface that, in contrast to the underlying parent material, have been altered by the interactions of climate, relief, and living organisms over time. Commonly, soil grades at its lower boundary to hard rock or to earthy materials virtually devoid of animals, roots, or other marks of biological activity. For purposes of classification, the lower boundary of soil is arbitrarily set at 200 cm."  Soil taxonomy, 2nd Ed., quoted in http://www.nrcs.usda.gov/wps/portal/nrcs/detail/soils/edu/?cid=nrcs142p2_054280" , "b660" , "http://www.w3.org/1999/02/22-rdf-syntax-ns#first" , "http://purl.obolibrary.org/obo/ENVO_00001998" ,
 "'In engineering terms, soil is referred to as regolith, or loose rock material that lies above the 'solid geology'. Soil is commonly referred to as "earth" or "dirt"; technically, the term "dirt" should be restricted to displaced soil.' https://en.wikipedia.org/wiki/Soil

" The upper limit of soil is the boundary between soil and air, shallow water, live plants, or plant materials that have not begun to decompose. Areas are not considered to have soil if the surface is permanently covered by water too deep (typically more than 2.5 meters) for the growth of rooted plants.

The lower boundary that separates soil from the nonsoil underneath is most difficult to define. Soil consists of horizons near the Earth's surface that, in contrast to the underlying parent material, have been altered by the interactions of climate, relief, and living organisms over time. Commonly, soil grades at its lower boundary to hard rock or to earthy materials virtually devoid of animals, roots, or other marks of biological activity. For purposes of classification, the lower boundary of soil is arbitrarily set at 200 cm."  Soil taxonomy, 2nd Ed., quoted in http://www.nrcs.usda.gov/wps/portal/nrcs/detail/soils/edu/?cid=nrcs142p2_054280" , "http://purl.obolibrary.org/obo/ENVO_00005748" , "http://www.w3.org/2000/01/rdf-schema#subClassOf" , "http://purl.obolibrary.org/obo/ENVO_00001998" ,
 "'In engineering terms, soil is referred to as regolith, or loose rock material that lies above the 'solid geology'. Soil is commonly referred to as "earth" or "dirt"; technically, the term "dirt" should be restricted to displaced soil.' https://en.wikipedia.org/wiki/Soil

" The upper limit of soil is the boundary between soil and air, shallow water, live plants, or plant materials that have not begun to decompose. Areas are not considered to have soil if the surface is permanently covered by water too deep (typically more than 2.5 meters) for the growth of rooted plants.

The lower boundary that separates soil from the nonsoil underneath is most difficult to define. Soil consists of horizons near the Earth's surface that, in contrast to the underlying parent material, have been altered by the interactions of climate, relief, and living organisms over time. Commonly, soil grades at its lower boundary to hard rock or to earthy materials virtually devoid of animals, roots, or other marks of biological activity. For purposes of classification, the lower boundary of soil is arbitrarily set at 200 cm."  Soil taxonomy, 2nd Ed., quoted in http://www.nrcs.usda.gov/wps/portal/nrcs/detail/soils/edu/?cid=nrcs142p2_054280" , "b661" , "http://www.w3.org/1999/02/22-rdf-syntax-ns#first" , "http://purl.obolibrary.org/obo/ENVO_00001998" ,
 "'In engineering terms, soil is referred to as regolith, or loose rock material that lies above the 'solid geology'. Soil is commonly referred to as "earth" or "dirt"; technically, the term "dirt" should be restricted to displaced soil.' https://en.wikipedia.org/wiki/Soil

" The upper limit of soil is the boundary between soil and air, shallow water, live plants, or plant materials that have not begun to decompose. Areas are not considered to have soil if the surface is permanently covered by water too deep (typically more than 2.5 meters) for the growth of rooted plants.

The lower boundary that separates soil from the nonsoil underneath is most difficult to define. Soil consists of horizons near the Earth's surface that, in contrast to the underlying parent material, have been altered by the interactions of climate, relief, and living organisms over time. Commonly, soil grades at its lower boundary to hard rock or to earthy materials virtually devoid of animals, roots, or other marks of biological activity. For purposes of classification, the lower boundary of soil is arbitrarily set at 200 cm."  Soil taxonomy, 2nd Ed., quoted in http://www.nrcs.usda.gov/wps/portal/nrcs/detail/soils/edu/?cid=nrcs142p2_054280" , "http://purl.obolibrary.org/obo/ENVO_00005749" , "http://www.w3.org/2000/01/rdf-schema#subClassOf" , "http://purl.obolibrary.org/obo/ENVO_00001998" ,
 "'In engineering terms, soil is referred to as regolith, or loose rock material that lies above the 'solid geology'. Soil is commonly referred to as "earth" or "dirt"; technically, the term "dirt" should be restricted to displaced soil.' https://en.wikipedia.org/wiki/Soil

" The upper limit of soil is the boundary between soil and air, shallow water, live plants, or plant materials that have not begun to decompose. Areas are not considered to have soil if the surface is permanently covered by water too deep (typically more than 2.5 meters) for the growth of rooted plants.

The lower boundary that separates soil from the nonsoil underneath is most difficult to define. Soil consists of horizons near the Earth's surface that, in contrast to the underlying parent material, have been altered by the interactions of climate, relief, and living organisms over time. Commonly, soil grades at its lower boundary to hard rock or to earthy materials virtually devoid of animals, roots, or other marks of biological activity. For purposes of classification, the lower boundary of soil is arbitrarily set at 200 cm."  Soil taxonomy, 2nd Ed., quoted in http://www.nrcs.usda.gov/wps/portal/nrcs/detail/soils/edu/?cid=nrcs142p2_054280" , "b662" , "http://www.w3.org/1999/02/22-rdf-syntax-ns#first" , "http://purl.obolibrary.org/obo/ENVO_00001998" ,
 "'In engineering terms, soil is referred to as regolith, or loose rock material that lies above the 'solid geology'. Soil is commonly referred to as "earth" or "dirt"; technically, the term "dirt" should be restricted to displaced soil.' https://en.wikipedia.org/wiki/Soil

" The upper limit of soil is the boundary between soil and air, shallow water, live plants, or plant materials that have not begun to decompose. Areas are not considered to have soil if the surface is permanently covered by water too deep (typically more than 2.5 meters) for the growth of rooted plants.

The lower boundary that separates soil from the nonsoil underneath is most difficult to define. Soil consists of horizons near the Earth's surface that, in contrast to the underlying parent material, have been altered by the interactions of climate, relief, and living organisms over time. Commonly, soil grades at its lower boundary to hard rock or to earthy materials virtually devoid of animals, roots, or other marks of biological activity. For purposes of classification, the lower boundary of soil is arbitrarily set at 200 cm."  Soil taxonomy, 2nd Ed., quoted in http://www.nrcs.usda.gov/wps/portal/nrcs/detail/soils/edu/?cid=nrcs142p2_054280" , "b663" , "http://www.w3.org/1999/02/22-rdf-syntax-ns#first" , "http://purl.obolibrary.org/obo/ENVO_00001998" ,
 "'In engineering terms, soil is referred to as regolith, or loose rock material that lies above the 'solid geology'. Soil is commonly referred to as "earth" or "dirt"; technically, the term "dirt" should be restricted to displaced soil.' https://en.wikipedia.org/wiki/Soil

" The upper limit of soil is the boundary between soil and air, shallow water, live plants, or plant materials that have not begun to decompose. Areas are not considered to have soil if the surface is permanently covered by water too deep (typically more than 2.5 meters) for the growth of rooted plants.

The lower boundary that separates soil from the nonsoil underneath is most difficult to define. Soil consists of horizons near the Earth's surface that, in contrast to the underlying parent material, have been altered by the interactions of climate, relief, and living organisms over time. Commonly, soil grades at its lower boundary to hard rock or to earthy materials virtually devoid of animals, roots, or other marks of biological activity. For purposes of classification, the lower boundary of soil is arbitrarily set at 200 cm."  Soil taxonomy, 2nd Ed., quoted in http://www.nrcs.usda.gov/wps/portal/nrcs/detail/soils/edu/?cid=nrcs142p2_054280" , "http://purl.obolibrary.org/obo/ENVO_00005751" , "http://www.w3.org/2000/01/rdf-schema#subClassOf" , "http://purl.obolibrary.org/obo/ENVO_00001998" ,
 "'In engineering terms, soil is referred to as regolith, or loose rock material that lies above the 'solid geology'. Soil is commonly referred to as "earth" or "dirt"; technically, the term "dirt" should be restricted to displaced soil.' https://en.wikipedia.org/wiki/Soil

" The upper limit of soil is the boundary between soil and air, shallow water, live plants, or plant materials that have not begun to decompose. Areas are not considered to have soil if the surface is permanently covered by water too deep (typically more than 2.5 meters) for the growth of rooted plants.

The lower boundary that separates soil from the nonsoil underneath is most difficult to define. Soil consists of horizons near the Earth's surface that, in contrast to the underlying parent material, have been altered by the interactions of climate, relief, and living organisms over time. Commonly, soil grades at its lower boundary to hard rock or to earthy materials virtually devoid of animals, roots, or other marks of biological activity. For purposes of classification, the lower boundary of soil is arbitrarily set at 200 cm."  Soil taxonomy, 2nd Ed., quoted in http://www.nrcs.usda.gov/wps/portal/nrcs/detail/soils/edu/?cid=nrcs142p2_054280" , "http://purl.obolibrary.org/obo/ENVO_00005752" , "http://www.w3.org/2000/01/rdf-schema#subClassOf" , "http://purl.obolibrary.org/obo/ENVO_00001998" ,
 "'In engineering terms, soil is referred to as regolith, or loose rock material that lies above the 'solid geology'. Soil is commonly referred to as "earth" or "dirt"; technically, the term "dirt" should be restricted to displaced soil.' https://en.wikipedia.org/wiki/Soil

" The upper limit of soil is the boundary between soil and air, shallow water, live plants, or plant materials that have not begun to decompose. Areas are not considered to have soil if the surface is permanently covered by water too deep (typically more than 2.5 meters) for the growth of rooted plants.

The lower boundary that separates soil from the nonsoil underneath is most difficult to define. Soil consists of horizons near the Earth's surface that, in contrast to the underlying parent material, have been altered by the interactions of climate, relief, and living organisms over time. Commonly, soil grades at its lower boundary to hard rock or to earthy materials virtually devoid of animals, roots, or other marks of biological activity. For purposes of classification, the lower boundary of soil is arbitrarily set at 200 cm."  Soil taxonomy, 2nd Ed., quoted in http://www.nrcs.usda.gov/wps/portal/nrcs/detail/soils/edu/?cid=nrcs142p2_054280" , "http://purl.obolibrary.org/obo/ENVO_00005754" , "http://www.w3.org/2000/01/rdf-schema#subClassOf" , "http://purl.obolibrary.org/obo/ENVO_00001998" ,
 "'In engineering terms, soil is referred to as regolith, or loose rock material that lies above the 'solid geology'. Soil is commonly referred to as "earth" or "dirt"; technically, the term "dirt" should be restricted to displaced soil.' https://en.wikipedia.org/wiki/Soil

" The upper limit of soil is the boundary between soil and air, shallow water, live plants, or plant materials that have not begun to decompose. Areas are not considered to have soil if the surface is permanently covered by water too deep (typically more than 2.5 meters) for the growth of rooted plants.

The lower boundary that separates soil from the nonsoil underneath is most difficult to define. Soil consists of horizons near the Earth's surface that, in contrast to the underlying parent material, have been altered by the interactions of climate, relief, and living organisms over time. Commonly, soil grades at its lower boundary to hard rock or to earthy materials virtually devoid of animals, roots, or other marks of biological activity. For purposes of classification, the lower boundary of soil is arbitrarily set at 200 cm."  Soil taxonomy, 2nd Ed., quoted in http://www.nrcs.usda.gov/wps/portal/nrcs/detail/soils/edu/?cid=nrcs142p2_054280" , "http://purl.obolibrary.org/obo/ENVO_00005755" , "http://www.w3.org/2000/01/rdf-schema#subClassOf" , "http://purl.obolibrary.org/obo/ENVO_00001998" ,
 "'In engineering terms, soil is referred to as regolith, or loose rock material that lies above the 'solid geology'. Soil is commonly referred to as "earth" or "dirt"; technically, the term "dirt" should be restricted to displaced soil.' https://en.wikipedia.org/wiki/Soil

" The upper limit of soil is the boundary between soil and air, shallow water, live plants, or plant materials that have not begun to decompose. Areas are not considered to have soil if the surface is permanently covered by water too deep (typically more than 2.5 meters) for the growth of rooted plants.

The lower boundary that separates soil from the nonsoil underneath is most difficult to define. Soil consists of horizons near the Earth's surface that, in contrast to the underlying parent material, have been altered by the interactions of climate, relief, and living organisms over time. Commonly, soil grades at its lower boundary to hard rock or to earthy materials virtually devoid of animals, roots, or other marks of biological activity. For purposes of classification, the lower boundary of soil is arbitrarily set at 200 cm."  Soil taxonomy, 2nd Ed., quoted in http://www.nrcs.usda.gov/wps/portal/nrcs/detail/soils/edu/?cid=nrcs142p2_054280" , "b664" , "http://www.w3.org/1999/02/22-rdf-syntax-ns#first" , "http://purl.obolibrary.org/obo/ENVO_00001998" ,
 "'In engineering terms, soil is referred to as regolith, or loose rock material that lies above the 'solid geology'. Soil is commonly referred to as "earth" or "dirt"; technically, the term "dirt" should be restricted to displaced soil.' https://en.wikipedia.org/wiki/Soil

" The upper limit of soil is the boundary between soil and air, shallow water, live plants, or plant materials that have not begun to decompose. Areas are not considered to have soil if the surface is permanently covered by water too deep (typically more than 2.5 meters) for the growth of rooted plants.

The lower boundary that separates soil from the nonsoil underneath is most difficult to define. Soil consists of horizons near the Earth's surface that, in contrast to the underlying parent material, have been altered by the interactions of climate, relief, and living organisms over time. Commonly, soil grades at its lower boundary to hard rock or to earthy materials virtually devoid of animals, roots, or other marks of biological activity. For purposes of classification, the lower boundary of soil is arbitrarily set at 200 cm."  Soil taxonomy, 2nd Ed., quoted in http://www.nrcs.usda.gov/wps/portal/nrcs/detail/soils/edu/?cid=nrcs142p2_054280" , "http://purl.obolibrary.org/obo/ENVO_00005756" , "http://www.w3.org/2000/01/rdf-schema#subClassOf" , "http://purl.obolibrary.org/obo/ENVO_00001998" ,
 "'In engineering terms, soil is referred to as regolith, or loose rock material that lies above the 'solid geology'. Soil is commonly referred to as "earth" or "dirt"; technically, the term "dirt" should be restricted to displaced soil.' https://en.wikipedia.org/wiki/Soil

" The upper limit of soil is the boundary between soil and air, shallow water, live plants, or plant materials that have not begun to decompose. Areas are not considered to have soil if the surface is permanently covered by water too deep (typically more than 2.5 meters) for the growth of rooted plants.

The lower boundary that separates soil from the nonsoil underneath is most difficult to define. Soil consists of horizons near the Earth's surface that, in contrast to the underlying parent material, have been altered by the interactions of climate, relief, and living organisms over time. Commonly, soil grades at its lower boundary to hard rock or to earthy materials virtually devoid of animals, roots, or other marks of biological activity. For purposes of classification, the lower boundary of soil is arbitrarily set at 200 cm."  Soil taxonomy, 2nd Ed., quoted in http://www.nrcs.usda.gov/wps/portal/nrcs/detail/soils/edu/?cid=nrcs142p2_054280" , "http://purl.obolibrary.org/obo/ENVO_00005760" , "http://www.w3.org/2000/01/rdf-schema#subClassOf" , "http://purl.obolibrary.org/obo/ENVO_00001998" ,
 "'In engineering terms, soil is referred to as regolith, or loose rock material that lies above the 'solid geology'. Soil is commonly referred to as "earth" or "dirt"; technically, the term "dirt" should be restricted to displaced soil.' https://en.wikipedia.org/wiki/Soil

" The upper limit of soil is the boundary between soil and air, shallow water, live plants, or plant materials that have not begun to decompose. Areas are not considered to have soil if the surface is permanently covered by water too deep (typically more than 2.5 meters) for the growth of rooted plants.

The lower boundary that separates soil from the nonsoil underneath is most difficult to define. Soil consists of horizons near the Earth's surface that, in contrast to the underlying parent material, have been altered by the interactions of climate, relief, and living organisms over time. Commonly, soil grades at its lower boundary to hard rock or to earthy materials virtually devoid of animals, roots, or other marks of biological activity. For purposes of classification, the lower boundary of soil is arbitrarily set at 200 cm."  Soil taxonomy, 2nd Ed., quoted in http://www.nrcs.usda.gov/wps/portal/nrcs/detail/soils/edu/?cid=nrcs142p2_054280" , "http://purl.obolibrary.org/obo/ENVO_00005764" , "http://www.w3.org/2000/01/rdf-schema#subClassOf" , "http://purl.obolibrary.org/obo/ENVO_00001998" ,
 "'In engineering terms, soil is referred to as regolith, or loose rock material that lies above the 'solid geology'. Soil is commonly referred to as "earth" or "dirt"; technically, the term "dirt" should be restricted to displaced soil.' https://en.wikipedia.org/wiki/Soil

" The upper limit of soil is the boundary between soil and air, shallow water, live plants, or plant materials that have not begun to decompose. Areas are not considered to have soil if the surface is permanently covered by water too deep (typically more than 2.5 meters) for the growth of rooted plants.

The lower boundary that separates soil from the nonsoil underneath is most difficult to define. Soil consists of horizons near the Earth's surface that, in contrast to the underlying parent material, have been altered by the interactions of climate, relief, and living organisms over time. Commonly, soil grades at its lower boundary to hard rock or to earthy materials virtually devoid of animals, roots, or other marks of biological activity. For purposes of classification, the lower boundary of soil is arbitrarily set at 200 cm."  Soil taxonomy, 2nd Ed., quoted in http://www.nrcs.usda.gov/wps/portal/nrcs/detail/soils/edu/?cid=nrcs142p2_054280" , "http://purl.obolibrary.org/obo/ENVO_00005766" , "http://www.w3.org/2000/01/rdf-schema#subClassOf" , "http://purl.obolibrary.org/obo/ENVO_00001998" ,
 "'In engineering terms, soil is referred to as regolith, or loose rock material that lies above the 'solid geology'. Soil is commonly referred to as "earth" or "dirt"; technically, the term "dirt" should be restricted to displaced soil.' https://en.wikipedia.org/wiki/Soil

" The upper limit of soil is the boundary between soil and air, shallow water, live plants, or plant materials that have not begun to decompose. Areas are not considered to have soil if the surface is permanently covered by water too deep (typically more than 2.5 meters) for the growth of rooted plants.

The lower boundary that separates soil from the nonsoil underneath is most difficult to define. Soil consists of horizons near the Earth's surface that, in contrast to the underlying parent material, have been altered by the interactions of climate, relief, and living organisms over time. Commonly, soil grades at its lower boundary to hard rock or to earthy materials virtually devoid of animals, roots, or other marks of biological activity. For purposes of classification, the lower boundary of soil is arbitrarily set at 200 cm."  Soil taxonomy, 2nd Ed., quoted in http://www.nrcs.usda.gov/wps/portal/nrcs/detail/soils/edu/?cid=nrcs142p2_054280" , "http://purl.obolibrary.org/obo/ENVO_00005767" , "http://www.w3.org/2000/01/rdf-schema#subClassOf" , "http://purl.obolibrary.org/obo/ENVO_00001998" ,
 "'In engineering terms, soil is referred to as regolith, or loose rock material that lies above the 'solid geology'. Soil is commonly referred to as "earth" or "dirt"; technically, the term "dirt" should be restricted to displaced soil.' https://en.wikipedia.org/wiki/Soil

" The upper limit of soil is the boundary between soil and air, shallow water, live plants, or plant materials that have not begun to decompose. Areas are not considered to have soil if the surface is permanently covered by water too deep (typically more than 2.5 meters) for the growth of rooted plants.

The lower boundary that separates soil from the nonsoil underneath is most difficult to define. Soil consists of horizons near the Earth's surface that, in contrast to the underlying parent material, have been altered by the interactions of climate, relief, and living organisms over time. Commonly, soil grades at its lower boundary to hard rock or to earthy materials virtually devoid of animals, roots, or other marks of biological activity. For purposes of classification, the lower boundary of soil is arbitrarily set at 200 cm."  Soil taxonomy, 2nd Ed., quoted in http://www.nrcs.usda.gov/wps/portal/nrcs/detail/soils/edu/?cid=nrcs142p2_054280" , "http://purl.obolibrary.org/obo/ENVO_00005768" , "http://www.w3.org/2000/01/rdf-schema#subClassOf" , "http://purl.obolibrary.org/obo/ENVO_00001998" ,
 "'In engineering terms, soil is referred to as regolith, or loose rock material that lies above the 'solid geology'. Soil is commonly referred to as "earth" or "dirt"; technically, the term "dirt" should be restricted to displaced soil.' https://en.wikipedia.org/wiki/Soil

" The upper limit of soil is the boundary between soil and air, shallow water, live plants, or plant materials that have not begun to decompose. Areas are not considered to have soil if the surface is permanently covered by water too deep (typically more than 2.5 meters) for the growth of rooted plants.

The lower boundary that separates soil from the nonsoil underneath is most difficult to define. Soil consists of horizons near the Earth's surface that, in contrast to the underlying parent material, have been altered by the interactions of climate, relief, and living organisms over time. Commonly, soil grades at its lower boundary to hard rock or to earthy materials virtually devoid of animals, roots, or other marks of biological activity. For purposes of classification, the lower boundary of soil is arbitrarily set at 200 cm."  Soil taxonomy, 2nd Ed., quoted in http://www.nrcs.usda.gov/wps/portal/nrcs/detail/soils/edu/?cid=nrcs142p2_054280" , "http://purl.obolibrary.org/obo/ENVO_00005771" , "http://www.w3.org/2000/01/rdf-schema#subClassOf" , "http://purl.obolibrary.org/obo/ENVO_00001998" ,
 "'In engineering terms, soil is referred to as regolith, or loose rock material that lies above the 'solid geology'. Soil is commonly referred to as "earth" or "dirt"; technically, the term "dirt" should be restricted to displaced soil.' https://en.wikipedia.org/wiki/Soil

" The upper limit of soil is the boundary between soil and air, shallow water, live plants, or plant materials that have not begun to decompose. Areas are not considered to have soil if the surface is permanently covered by water too deep (typically more than 2.5 meters) for the growth of rooted plants.

The lower boundary that separates soil from the nonsoil underneath is most difficult to define. Soil consists of horizons near the Earth's surface that, in contrast to the underlying parent material, have been altered by the interactions of climate, relief, and living organisms over time. Commonly, soil grades at its lower boundary to hard rock or to earthy materials virtually devoid of animals, roots, or other marks of biological activity. For purposes of classification, the lower boundary of soil is arbitrarily set at 200 cm."  Soil taxonomy, 2nd Ed., quoted in http://www.nrcs.usda.gov/wps/portal/nrcs/detail/soils/edu/?cid=nrcs142p2_054280" , "http://purl.obolibrary.org/obo/ENVO_00005772" , "http://www.w3.org/2000/01/rdf-schema#subClassOf" , "http://purl.obolibrary.org/obo/ENVO_00001998" ,
 "'In engineering terms, soil is referred to as regolith, or loose rock material that lies above the 'solid geology'. Soil is commonly referred to as "earth" or "dirt"; technically, the term "dirt" should be restricted to displaced soil.' https://en.wikipedia.org/wiki/Soil

" The upper limit of soil is the boundary between soil and air, shallow water, live plants, or plant materials that have not begun to decompose. Areas are not considered to have soil if the surface is permanently covered by water too deep (typically more than 2.5 meters) for the growth of rooted plants.

The lower boundary that separates soil from the nonsoil underneath is most difficult to define. Soil consists of horizons near the Earth's surface that, in contrast to the underlying parent material, have been altered by the interactions of climate, relief, and living organisms over time. Commonly, soil grades at its lower boundary to hard rock or to earthy materials virtually devoid of animals, roots, or other marks of biological activity. For purposes of classification, the lower boundary of soil is arbitrarily set at 200 cm."  Soil taxonomy, 2nd Ed., quoted in http://www.nrcs.usda.gov/wps/portal/nrcs/detail/soils/edu/?cid=nrcs142p2_054280" , "b665" , "http://www.w3.org/1999/02/22-rdf-syntax-ns#first" , "http://purl.obolibrary.org/obo/ENVO_00001998" ,
 "'In engineering terms, soil is referred to as regolith, or loose rock material that lies above the 'solid geology'. Soil is commonly referred to as "earth" or "dirt"; technically, the term "dirt" should be restricted to displaced soil.' https://en.wikipedia.org/wiki/Soil

" The upper limit of soil is the boundary between soil and air, shallow water, live plants, or plant materials that have not begun to decompose. Areas are not considered to have soil if the surface is permanently covered by water too deep (typically more than 2.5 meters) for the growth of rooted plants.

The lower boundary that separates soil from the nonsoil underneath is most difficult to define. Soil consists of horizons near the Earth's surface that, in contrast to the underlying parent material, have been altered by the interactions of climate, relief, and living organisms over time. Commonly, soil grades at its lower boundary to hard rock or to earthy materials virtually devoid of animals, roots, or other marks of biological activity. For purposes of classification, the lower boundary of soil is arbitrarily set at 200 cm."  Soil taxonomy, 2nd Ed., quoted in http://www.nrcs.usda.gov/wps/portal/nrcs/detail/soils/edu/?cid=nrcs142p2_054280" , "b666" , "http://www.w3.org/1999/02/22-rdf-syntax-ns#first" , "http://purl.obolibrary.org/obo/ENVO_00001998" ,
 "'In engineering terms, soil is referred to as regolith, or loose rock material that lies above the 'solid geology'. Soil is commonly referred to as "earth" or "dirt"; technically, the term "dirt" should be restricted to displaced soil.' https://en.wikipedia.org/wiki/Soil

" The upper limit of soil is the boundary between soil and air, shallow water, live plants, or plant materials that have not begun to decompose. Areas are not considered to have soil if the surface is permanently covered by water too deep (typically more than 2.5 meters) for the growth of rooted plants.

The lower boundary that separates soil from the nonsoil underneath is most difficult to define. Soil consists of horizons near the Earth's surface that, in contrast to the underlying parent material, have been altered by the interactions of climate, relief, and living organisms over time. Commonly, soil grades at its lower boundary to hard rock or to earthy materials virtually devoid of animals, roots, or other marks of biological activity. For purposes of classification, the lower boundary of soil is arbitrarily set at 200 cm."  Soil taxonomy, 2nd Ed., quoted in http://www.nrcs.usda.gov/wps/portal/nrcs/detail/soils/edu/?cid=nrcs142p2_054280" , "http://purl.obolibrary.org/obo/ENVO_00005778" , "http://www.w3.org/2000/01/rdf-schema#subClassOf" , "http://purl.obolibrary.org/obo/ENVO_00001998" ,
 "'In engineering terms, soil is referred to as regolith, or loose rock material that lies above the 'solid geology'. Soil is commonly referred to as "earth" or "dirt"; technically, the term "dirt" should be restricted to displaced soil.' https://en.wikipedia.org/wiki/Soil

" The upper limit of soil is the boundary between soil and air, shallow water, live plants, or plant materials that have not begun to decompose. Areas are not considered to have soil if the surface is permanently covered by water too deep (typically more than 2.5 meters) for the growth of rooted plants.

The lower boundary that separates soil from the nonsoil underneath is most difficult to define. Soil consists of horizons near the Earth's surface that, in contrast to the underlying parent material, have been altered by the interactions of climate, relief, and living organisms over time. Commonly, soil grades at its lower boundary to hard rock or to earthy materials virtually devoid of animals, roots, or other marks of biological activity. For purposes of classification, the lower boundary of soil is arbitrarily set at 200 cm."  Soil taxonomy, 2nd Ed., quoted in http://www.nrcs.usda.gov/wps/portal/nrcs/detail/soils/edu/?cid=nrcs142p2_054280" , "http://purl.obolibrary.org/obo/ENVO_00005780" , "http://www.w3.org/2000/01/rdf-schema#subClassOf" , "http://purl.obolibrary.org/obo/ENVO_00001998" ,
 "'In engineering terms, soil is referred to as regolith, or loose rock material that lies above the 'solid geology'. Soil is commonly referred to as "earth" or "dirt"; technically, the term "dirt" should be restricted to displaced soil.' https://en.wikipedia.org/wiki/Soil

" The upper limit of soil is the boundary between soil and air, shallow water, live plants, or plant materials that have not begun to decompose. Areas are not considered to have soil if the surface is permanently covered by water too deep (typically more than 2.5 meters) for the growth of rooted plants.

The lower boundary that separates soil from the nonsoil underneath is most difficult to define. Soil consists of horizons near the Earth's surface that, in contrast to the underlying parent material, have been altered by the interactions of climate, relief, and living organisms over time. Commonly, soil grades at its lower boundary to hard rock or to earthy materials virtually devoid of animals, roots, or other marks of biological activity. For purposes of classification, the lower boundary of soil is arbitrarily set at 200 cm."  Soil taxonomy, 2nd Ed., quoted in http://www.nrcs.usda.gov/wps/portal/nrcs/detail/soils/edu/?cid=nrcs142p2_054280" , "http://purl.obolibrary.org/obo/ENVO_00005781" , "http://www.w3.org/2000/01/rdf-schema#subClassOf" , "http://purl.obolibrary.org/obo/ENVO_00001998" ,
 "'In engineering terms, soil is referred to as regolith, or loose rock material that lies above the 'solid geology'. Soil is commonly referred to as "earth" or "dirt"; technically, the term "dirt" should be restricted to displaced soil.' https://en.wikipedia.org/wiki/Soil

" The upper limit of soil is the boundary between soil and air, shallow water, live plants, or plant materials that have not begun to decompose. Areas are not considered to have soil if the surface is permanently covered by water too deep (typically more than 2.5 meters) for the growth of rooted plants.

The lower boundary that separates soil from the nonsoil underneath is most difficult to define. Soil consists of horizons near the Earth's surface that, in contrast to the underlying parent material, have been altered by the interactions of climate, relief, and living organisms over time. Commonly, soil grades at its lower boundary to hard rock or to earthy materials virtually devoid of animals, roots, or other marks of biological activity. For purposes of classification, the lower boundary of soil is arbitrarily set at 200 cm."  Soil taxonomy, 2nd Ed., quoted in http://www.nrcs.usda.gov/wps/portal/nrcs/detail/soils/edu/?cid=nrcs142p2_054280" , "http://purl.obolibrary.org/obo/ENVO_00005782" , "http://www.w3.org/2000/01/rdf-schema#subClassOf" , "http://purl.obolibrary.org/obo/ENVO_00001998" ,
 "'In engineering terms, soil is referred to as regolith, or loose rock material that lies above the 'solid geology'. Soil is commonly referred to as "earth" or "dirt"; technically, the term "dirt" should be restricted to displaced soil.' https://en.wikipedia.org/wiki/Soil

" The upper limit of soil is the boundary between soil and air, shallow water, live plants, or plant materials that have not begun to decompose. Areas are not considered to have soil if the surface is permanently covered by water too deep (typically more than 2.5 meters) for the growth of rooted plants.

The lower boundary that separates soil from the nonsoil underneath is most difficult to define. Soil consists of horizons near the Earth's surface that, in contrast to the underlying parent material, have been altered by the interactions of climate, relief, and living organisms over time. Commonly, soil grades at its lower boundary to hard rock or to earthy materials virtually devoid of animals, roots, or other marks of biological activity. For purposes of classification, the lower boundary of soil is arbitrarily set at 200 cm."  Soil taxonomy, 2nd Ed., quoted in http://www.nrcs.usda.gov/wps/portal/nrcs/detail/soils/edu/?cid=nrcs142p2_054280" , "http://purl.obolibrary.org/obo/ENVO_00005785" , "http://www.w3.org/2000/01/rdf-schema#subClassOf" , "http://purl.obolibrary.org/obo/ENVO_00001998" ,
 "'In engineering terms, soil is referred to as regolith, or loose rock material that lies above the 'solid geology'. Soil is commonly referred to as "earth" or "dirt"; technically, the term "dirt" should be restricted to displaced soil.' https://en.wikipedia.org/wiki/Soil

" The upper limit of soil is the boundary between soil and air, shallow water, live plants, or plant materials that have not begun to decompose. Areas are not considered to have soil if the surface is permanently covered by water too deep (typically more than 2.5 meters) for the growth of rooted plants.

The lower boundary that separates soil from the nonsoil underneath is most difficult to define. Soil consists of horizons near the Earth's surface that, in contrast to the underlying parent material, have been altered by the interactions of climate, relief, and living organisms over time. Commonly, soil grades at its lower boundary to hard rock or to earthy materials virtually devoid of animals, roots, or other marks of biological activity. For purposes of classification, the lower boundary of soil is arbitrarily set at 200 cm."  Soil taxonomy, 2nd Ed., quoted in http://www.nrcs.usda.gov/wps/portal/nrcs/detail/soils/edu/?cid=nrcs142p2_054280" , "b667" , "http://www.w3.org/1999/02/22-rdf-syntax-ns#first" , "http://purl.obolibrary.org/obo/ENVO_00001998" ,
 "'In engineering terms, soil is referred to as regolith, or loose rock material that lies above the 'solid geology'. Soil is commonly referred to as "earth" or "dirt"; technically, the term "dirt" should be restricted to displaced soil.' https://en.wikipedia.org/wiki/Soil

" The upper limit of soil is the boundary between soil and air, shallow water, live plants, or plant materials that have not begun to decompose. Areas are not considered to have soil if the surface is permanently covered by water too deep (typically more than 2.5 meters) for the growth of rooted plants.

The lower boundary that separates soil from the nonsoil underneath is most difficult to define. Soil consists of horizons near the Earth's surface that, in contrast to the underlying parent material, have been altered by the interactions of climate, relief, and living organisms over time. Commonly, soil grades at its lower boundary to hard rock or to earthy materials virtually devoid of animals, roots, or other marks of biological activity. For purposes of classification, the lower boundary of soil is arbitrarily set at 200 cm."  Soil taxonomy, 2nd Ed., quoted in http://www.nrcs.usda.gov/wps/portal/nrcs/detail/soils/edu/?cid=nrcs142p2_054280" , "http://purl.obolibrary.org/obo/ENVO_00005786" , "http://www.w3.org/2000/01/rdf-schema#subClassOf" , "http://purl.obolibrary.org/obo/ENVO_00001998" ,
 "'In engineering terms, soil is referred to as regolith, or loose rock material that lies above the 'solid geology'. Soil is commonly referred to as "earth" or "dirt"; technically, the term "dirt" should be restricted to displaced soil.' https://en.wikipedia.org/wiki/Soil

" The upper limit of soil is the boundary between soil and air, shallow water, live plants, or plant materials that have not begun to decompose. Areas are not considered to have soil if the surface is permanently covered by water too deep (typically more than 2.5 meters) for the growth of rooted plants.

The lower boundary that separates soil from the nonsoil underneath is most difficult to define. Soil consists of horizons near the Earth's surface that, in contrast to the underlying parent material, have been altered by the interactions of climate, relief, and living organisms over time. Commonly, soil grades at its lower boundary to hard rock or to earthy materials virtually devoid of animals, roots, or other marks of biological activity. For purposes of classification, the lower boundary of soil is arbitrarily set at 200 cm."  Soil taxonomy, 2nd Ed., quoted in http://www.nrcs.usda.gov/wps/portal/nrcs/detail/soils/edu/?cid=nrcs142p2_054280" , "b668" , "http://www.w3.org/1999/02/22-rdf-syntax-ns#first" , "http://purl.obolibrary.org/obo/ENVO_00001998" ,
 "'In engineering terms, soil is referred to as regolith, or loose rock material that lies above the 'solid geology'. Soil is commonly referred to as "earth" or "dirt"; technically, the term "dirt" should be restricted to displaced soil.' https://en.wikipedia.org/wiki/Soil

" The upper limit of soil is the boundary between soil and air, shallow water, live plants, or plant materials that have not begun to decompose. Areas are not considered to have soil if the surface is permanently covered by water too deep (typically more than 2.5 meters) for the growth of rooted plants.

The lower boundary that separates soil from the nonsoil underneath is most difficult to define. Soil consists of horizons near the Earth's surface that, in contrast to the underlying parent material, have been altered by the interactions of climate, relief, and living organisms over time. Commonly, soil grades at its lower boundary to hard rock or to earthy materials virtually devoid of animals, roots, or other marks of biological activity. For purposes of classification, the lower boundary of soil is arbitrarily set at 200 cm."  Soil taxonomy, 2nd Ed., quoted in http://www.nrcs.usda.gov/wps/portal/nrcs/detail/soils/edu/?cid=nrcs142p2_054280" , "http://purl.obolibrary.org/obo/ENVO_00005790" , "http://www.w3.org/2000/01/rdf-schema#subClassOf" , "http://purl.obolibrary.org/obo/ENVO_00001998" ,
 "'In engineering terms, soil is referred to as regolith, or loose rock material that lies above the 'solid geology'. Soil is commonly referred to as "earth" or "dirt"; technically, the term "dirt" should be restricted to displaced soil.' https://en.wikipedia.org/wiki/Soil

" The upper limit of soil is the boundary between soil and air, shallow water, live plants, or plant materials that have not begun to decompose. Areas are not considered to have soil if the surface is permanently covered by water too deep (typically more than 2.5 meters) for the growth of rooted plants.

The lower boundary that separates soil from the nonsoil underneath is most difficult to define. Soil consists of horizons near the Earth's surface that, in contrast to the underlying parent material, have been altered by the interactions of climate, relief, and living organisms over time. Commonly, soil grades at its lower boundary to hard rock or to earthy materials virtually devoid of animals, roots, or other marks of biological activity. For purposes of classification, the lower boundary of soil is arbitrarily set at 200 cm."  Soil taxonomy, 2nd Ed., quoted in http://www.nrcs.usda.gov/wps/portal/nrcs/detail/soils/edu/?cid=nrcs142p2_054280" , "b669" , "http://www.w3.org/2002/07/owl#someValuesFrom" , "http://purl.obolibrary.org/obo/ENVO_00001998" ,
 "'In engineering terms, soil is referred to as regolith, or loose rock material that lies above the 'solid geology'. Soil is commonly referred to as "earth" or "dirt"; technically, the term "dirt" should be restricted to displaced soil.' https://en.wikipedia.org/wiki/Soil

" The upper limit of soil is the boundary between soil and air, shallow water, live plants, or plant materials that have not begun to decompose. Areas are not considered to have soil if the surface is permanently covered by water too deep (typically more than 2.5 meters) for the growth of rooted plants.

The lower boundary that separates soil from the nonsoil underneath is most difficult to define. Soil consists of horizons near the Earth's surface that, in contrast to the underlying parent material, have been altered by the interactions of climate, relief, and living organisms over time. Commonly, soil grades at its lower boundary to hard rock or to earthy materials virtually devoid of animals, roots, or other marks of biological activity. For purposes of classification, the lower boundary of soil is arbitrarily set at 200 cm."  Soil taxonomy, 2nd Ed., quoted in http://www.nrcs.usda.gov/wps/portal/nrcs/detail/soils/edu/?cid=nrcs142p2_054280" , "http://purl.obolibrary.org/obo/ENVO_00005802" , "http://www.w3.org/2000/01/rdf-schema#subClassOf" , "http://purl.obolibrary.org/obo/ENVO_00001998" ,
 "'In engineering terms, soil is referred to as regolith, or loose rock material that lies above the 'solid geology'. Soil is commonly referred to as "earth" or "dirt"; technically, the term "dirt" should be restricted to displaced soil.' https://en.wikipedia.org/wiki/Soil

" The upper limit of soil is the boundary between soil and air, shallow water, live plants, or plant materials that have not begun to decompose. Areas are not considered to have soil if the surface is permanently covered by water too deep (typically more than 2.5 meters) for the growth of rooted plants.

The lower boundary that separates soil from the nonsoil underneath is most difficult to define. Soil consists of horizons near the Earth's surface that, in contrast to the underlying parent material, have been altered by the interactions of climate, relief, and living organisms over time. Commonly, soil grades at its lower boundary to hard rock or to earthy materials virtually devoid of animals, roots, or other marks of biological activity. For purposes of classification, the lower boundary of soil is arbitrarily set at 200 cm."  Soil taxonomy, 2nd Ed., quoted in http://www.nrcs.usda.gov/wps/portal/nrcs/detail/soils/edu/?cid=nrcs142p2_054280" , "b670" , "http://www.w3.org/2002/07/owl#someValuesFrom" , "http://purl.obolibrary.org/obo/ENVO_00001998" ,
 "'In engineering terms, soil is referred to as regolith, or loose rock material that lies above the 'solid geology'. Soil is commonly referred to as "earth" or "dirt"; technically, the term "dirt" should be restricted to displaced soil.' https://en.wikipedia.org/wiki/Soil

" The upper limit of soil is the boundary between soil and air, shallow water, live plants, or plant materials that have not begun to decompose. Areas are not considered to have soil if the surface is permanently covered by water too deep (typically more than 2.5 meters) for the growth of rooted plants.

The lower boundary that separates soil from the nonsoil underneath is most difficult to define. Soil consists of horizons near the Earth's surface that, in contrast to the underlying parent material, have been altered by the interactions of climate, relief, and living organisms over time. Commonly, soil grades at its lower boundary to hard rock or to earthy materials virtually devoid of animals, roots, or other marks of biological activity. For purposes of classification, the lower boundary of soil is arbitrarily set at 200 cm."  Soil taxonomy, 2nd Ed., quoted in http://www.nrcs.usda.gov/wps/portal/nrcs/detail/soils/edu/?cid=nrcs142p2_054280" , "b671" , "http://www.w3.org/1999/02/22-rdf-syntax-ns#first" , "http://purl.obolibrary.org/obo/ENVO_00001998" ,
 "'In engineering terms, soil is referred to as regolith, or loose rock material that lies above the 'solid geology'. Soil is commonly referred to as "earth" or "dirt"; technically, the term "dirt" should be restricted to displaced soil.' https://en.wikipedia.org/wiki/Soil

" The upper limit of soil is the boundary between soil and air, shallow water, live plants, or plant materials that have not begun to decompose. Areas are not considered to have soil if the surface is permanently covered by water too deep (typically more than 2.5 meters) for the growth of rooted plants.

The lower boundary that separates soil from the nonsoil underneath is most difficult to define. Soil consists of horizons near the Earth's surface that, in contrast to the underlying parent material, have been altered by the interactions of climate, relief, and living organisms over time. Commonly, soil grades at its lower boundary to hard rock or to earthy materials virtually devoid of animals, roots, or other marks of biological activity. For purposes of classification, the lower boundary of soil is arbitrarily set at 200 cm."  Soil taxonomy, 2nd Ed., quoted in http://www.nrcs.usda.gov/wps/portal/nrcs/detail/soils/edu/?cid=nrcs142p2_054280" , "b672" , "http://www.w3.org/1999/02/22-rdf-syntax-ns#first" , "http://purl.obolibrary.org/obo/ENVO_00001998" ,
 "'In engineering terms, soil is referred to as regolith, or loose rock material that lies above the 'solid geology'. Soil is commonly referred to as "earth" or "dirt"; technically, the term "dirt" should be restricted to displaced soil.' https://en.wikipedia.org/wiki/Soil

" The upper limit of soil is the boundary between soil and air, shallow water, live plants, or plant materials that have not begun to decompose. Areas are not considered to have soil if the surface is permanently covered by water too deep (typically more than 2.5 meters) for the growth of rooted plants.

The lower boundary that separates soil from the nonsoil underneath is most difficult to define. Soil consists of horizons near the Earth's surface that, in contrast to the underlying parent material, have been altered by the interactions of climate, relief, and living organisms over time. Commonly, soil grades at its lower boundary to hard rock or to earthy materials virtually devoid of animals, roots, or other marks of biological activity. For purposes of classification, the lower boundary of soil is arbitrarily set at 200 cm."  Soil taxonomy, 2nd Ed., quoted in http://www.nrcs.usda.gov/wps/portal/nrcs/detail/soils/edu/?cid=nrcs142p2_054280" , "b673" , "http://www.w3.org/1999/02/22-rdf-syntax-ns#first" , "http://purl.obolibrary.org/obo/ENVO_00001998" ,
 "'In engineering terms, soil is referred to as regolith, or loose rock material that lies above the 'solid geology'. Soil is commonly referred to as "earth" or "dirt"; technically, the term "dirt" should be restricted to displaced soil.' https://en.wikipedia.org/wiki/Soil

" The upper limit of soil is the boundary between soil and air, shallow water, live plants, or plant materials that have not begun to decompose. Areas are not considered to have soil if the surface is permanently covered by water too deep (typically more than 2.5 meters) for the growth of rooted plants.

The lower boundary that separates soil from the nonsoil underneath is most difficult to define. Soil consists of horizons near the Earth's surface that, in contrast to the underlying parent material, have been altered by the interactions of climate, relief, and living organisms over time. Commonly, soil grades at its lower boundary to hard rock or to earthy materials virtually devoid of animals, roots, or other marks of biological activity. For purposes of classification, the lower boundary of soil is arbitrarily set at 200 cm."  Soil taxonomy, 2nd Ed., quoted in http://www.nrcs.usda.gov/wps/portal/nrcs/detail/soils/edu/?cid=nrcs142p2_054280" , "b674" , "http://www.w3.org/2002/07/owl#someValuesFrom" , "http://purl.obolibrary.org/obo/ENVO_00001998" ,
 "'In engineering terms, soil is referred to as regolith, or loose rock material that lies above the 'solid geology'. Soil is commonly referred to as "earth" or "dirt"; technically, the term "dirt" should be restricted to displaced soil.' https://en.wikipedia.org/wiki/Soil

" The upper limit of soil is the boundary between soil and air, shallow water, live plants, or plant materials that have not begun to decompose. Areas are not considered to have soil if the surface is permanently covered by water too deep (typically more than 2.5 meters) for the growth of rooted plants.

The lower boundary that separates soil from the nonsoil underneath is most difficult to define. Soil consists of horizons near the Earth's surface that, in contrast to the underlying parent material, have been altered by the interactions of climate, relief, and living organisms over time. Commonly, soil grades at its lower boundary to hard rock or to earthy materials virtually devoid of animals, roots, or other marks of biological activity. For purposes of classification, the lower boundary of soil is arbitrarily set at 200 cm."  Soil taxonomy, 2nd Ed., quoted in http://www.nrcs.usda.gov/wps/portal/nrcs/detail/soils/edu/?cid=nrcs142p2_054280" , "b675" , "http://www.w3.org/2002/07/owl#someValuesFrom" , "http://purl.obolibrary.org/obo/ENVO_00001998" ,
 "'In engineering terms, soil is referred to as regolith, or loose rock material that lies above the 'solid geology'. Soil is commonly referred to as "earth" or "dirt"; technically, the term "dirt" should be restricted to displaced soil.' https://en.wikipedia.org/wiki/Soil

" The upper limit of soil is the boundary between soil and air, shallow water, live plants, or plant materials that have not begun to decompose. Areas are not considered to have soil if the surface is permanently covered by water too deep (typically more than 2.5 meters) for the growth of rooted plants.

The lower boundary that separates soil from the nonsoil underneath is most difficult to define. Soil consists of horizons near the Earth's surface that, in contrast to the underlying parent material, have been altered by the interactions of climate, relief, and living organisms over time. Commonly, soil grades at its lower boundary to hard rock or to earthy materials virtually devoid of animals, roots, or other marks of biological activity. For purposes of classification, the lower boundary of soil is arbitrarily set at 200 cm."  Soil taxonomy, 2nd Ed., quoted in http://www.nrcs.usda.gov/wps/portal/nrcs/detail/soils/edu/?cid=nrcs142p2_054280" , "b676" , "http://www.w3.org/1999/02/22-rdf-syntax-ns#first" , "http://purl.obolibrary.org/obo/ENVO_00001998" ,
 "'In engineering terms, soil is referred to as regolith, or loose rock material that lies above the 'solid geology'. Soil is commonly referred to as "earth" or "dirt"; technically, the term "dirt" should be restricted to displaced soil.' https://en.wikipedia.org/wiki/Soil

" The upper limit of soil is the boundary between soil and air, shallow water, live plants, or plant materials that have not begun to decompose. Areas are not considered to have soil if the surface is permanently covered by water too deep (typically more than 2.5 meters) for the growth of rooted plants.

The lower boundary that separates soil from the nonsoil underneath is most difficult to define. Soil consists of horizons near the Earth's surface that, in contrast to the underlying parent material, have been altered by the interactions of climate, relief, and living organisms over time. Commonly, soil grades at its lower boundary to hard rock or to earthy materials virtually devoid of animals, roots, or other marks of biological activity. For purposes of classification, the lower boundary of soil is arbitrarily set at 200 cm."  Soil taxonomy, 2nd Ed., quoted in http://www.nrcs.usda.gov/wps/portal/nrcs/detail/soils/edu/?cid=nrcs142p2_054280" , "b677" , "http://www.w3.org/1999/02/22-rdf-syntax-ns#first" , "http://purl.obolibrary.org/obo/ENVO_00001998" ,
 "'In engineering terms, soil is referred to as regolith, or loose rock material that lies above the 'solid geology'. Soil is commonly referred to as "earth" or "dirt"; technically, the term "dirt" should be restricted to displaced soil.' https://en.wikipedia.org/wiki/Soil

" The upper limit of soil is the boundary between soil and air, shallow water, live plants, or plant materials that have not begun to decompose. Areas are not considered to have soil if the surface is permanently covered by water too deep (typically more than 2.5 meters) for the growth of rooted plants.

The lower boundary that separates soil from the nonsoil underneath is most difficult to define. Soil consists of horizons near the Earth's surface that, in contrast to the underlying parent material, have been altered by the interactions of climate, relief, and living organisms over time. Commonly, soil grades at its lower boundary to hard rock or to earthy materials virtually devoid of animals, roots, or other marks of biological activity. For purposes of classification, the lower boundary of soil is arbitrarily set at 200 cm."  Soil taxonomy, 2nd Ed., quoted in http://www.nrcs.usda.gov/wps/portal/nrcs/detail/soils/edu/?cid=nrcs142p2_054280" , "http://purl.obolibrary.org/obo/ENVO_02000059" , "http://www.w3.org/2000/01/rdf-schema#subClassOf" , "http://purl.obolibrary.org/obo/ENVO_00001998" ,
 "'In engineering terms, soil is referred to as regolith, or loose rock material that lies above the 'solid geology'. Soil is commonly referred to as "earth" or "dirt"; technically, the term "dirt" should be restricted to displaced soil.' https://en.wikipedia.org/wiki/Soil

" The upper limit of soil is the boundary between soil and air, shallow water, live plants, or plant materials that have not begun to decompose. Areas are not considered to have soil if the surface is permanently covered by water too deep (typically more than 2.5 meters) for the growth of rooted plants.

The lower boundary that separates soil from the nonsoil underneath is most difficult to define. Soil consists of horizons near the Earth's surface that, in contrast to the underlying parent material, have been altered by the interactions of climate, relief, and living organisms over time. Commonly, soil grades at its lower boundary to hard rock or to earthy materials virtually devoid of animals, roots, or other marks of biological activity. For purposes of classification, the lower boundary of soil is arbitrarily set at 200 cm."  Soil taxonomy, 2nd Ed., quoted in http://www.nrcs.usda.gov/wps/portal/nrcs/detail/soils/edu/?cid=nrcs142p2_054280" , "b678" , "http://www.w3.org/1999/02/22-rdf-syntax-ns#first" , "http://purl.obolibrary.org/obo/ENVO_00001998" ,
 "'In engineering terms, soil is referred to as regolith, or loose rock material that lies above the 'solid geology'. Soil is commonly referred to as "earth" or "dirt"; technically, the term "dirt" should be restricted to displaced soil.' https://en.wikipedia.org/wiki/Soil

" The upper limit of soil is the boundary between soil and air, shallow water, live plants, or plant materials that have not begun to decompose. Areas are not considered to have soil if the surface is permanently covered by water too deep (typically more than 2.5 meters) for the growth of rooted plants.

The lower boundary that separates soil from the nonsoil underneath is most difficult to define. Soil consists of horizons near the Earth's surface that, in contrast to the underlying parent material, have been altered by the interactions of climate, relief, and living organisms over time. Commonly, soil grades at its lower boundary to hard rock or to earthy materials virtually devoid of animals, roots, or other marks of biological activity. For purposes of classification, the lower boundary of soil is arbitrarily set at 200 cm."  Soil taxonomy, 2nd Ed., quoted in http://www.nrcs.usda.gov/wps/portal/nrcs/detail/soils/edu/?cid=nrcs142p2_054280" , "b679" , "http://www.w3.org/2002/07/owl#someValuesFrom" , "http://purl.obolibrary.org/obo/ENVO_00001998" ,
 "'In engineering terms, soil is referred to as regolith, or loose rock material that lies above the 'solid geology'. Soil is commonly referred to as "earth" or "dirt"; technically, the term "dirt" should be restricted to displaced soil.' https://en.wikipedia.org/wiki/Soil

" The upper limit of soil is the boundary between soil and air, shallow water, live plants, or plant materials that have not begun to decompose. Areas are not considered to have soil if the surface is permanently covered by water too deep (typically more than 2.5 meters) for the growth of rooted plants.

The lower boundary that separates soil from the nonsoil underneath is most difficult to define. Soil consists of horizons near the Earth's surface that, in contrast to the underlying parent material, have been altered by the interactions of climate, relief, and living organisms over time. Commonly, soil grades at its lower boundary to hard rock or to earthy materials virtually devoid of animals, roots, or other marks of biological activity. For purposes of classification, the lower boundary of soil is arbitrarily set at 200 cm."  Soil taxonomy, 2nd Ed., quoted in http://www.nrcs.usda.gov/wps/portal/nrcs/detail/soils/edu/?cid=nrcs142p2_054280" , "b680" , "http://www.w3.org/2002/07/owl#someValuesFrom" , "http://purl.obolibrary.org/obo/ENVO_00001998" ,
 "'In engineering terms, soil is referred to as regolith, or loose rock material that lies above the 'solid geology'. Soil is commonly referred to as "earth" or "dirt"; technically, the term "dirt" should be restricted to displaced soil.' https://en.wikipedia.org/wiki/Soil

" The upper limit of soil is the boundary between soil and air, shallow water, live plants, or plant materials that have not begun to decompose. Areas are not considered to have soil if the surface is permanently covered by water too deep (typically more than 2.5 meters) for the growth of rooted plants.

The lower boundary that separates soil from the nonsoil underneath is most difficult to define. Soil consists of horizons near the Earth's surface that, in contrast to the underlying parent material, have been altered by the interactions of climate, relief, and living organisms over time. Commonly, soil grades at its lower boundary to hard rock or to earthy materials virtually devoid of animals, roots, or other marks of biological activity. For purposes of classification, the lower boundary of soil is arbitrarily set at 200 cm."  Soil taxonomy, 2nd Ed., quoted in http://www.nrcs.usda.gov/wps/portal/nrcs/detail/soils/edu/?cid=nrcs142p2_054280" , "b681" , "http://www.w3.org/2002/07/owl#someValuesFrom" , "http://purl.obolibrary.org/obo/ENVO_00001998" ,
 "'In engineering terms, soil is referred to as regolith, or loose rock material that lies above the 'solid geology'. Soil is commonly referred to as "earth" or "dirt"; technically, the term "dirt" should be restricted to displaced soil.' https://en.wikipedia.org/wiki/Soil

" The upper limit of soil is the boundary between soil and air, shallow water, live plants, or plant materials that have not begun to decompose. Areas are not considered to have soil if the surface is permanently covered by water too deep (typically more than 2.5 meters) for the growth of rooted plants.

The lower boundary that separates soil from the nonsoil underneath is most difficult to define. Soil consists of horizons near the Earth's surface that, in contrast to the underlying parent material, have been altered by the interactions of climate, relief, and living organisms over time. Commonly, soil grades at its lower boundary to hard rock or to earthy materials virtually devoid of animals, roots, or other marks of biological activity. For purposes of classification, the lower boundary of soil is arbitrarily set at 200 cm."  Soil taxonomy, 2nd Ed., quoted in http://www.nrcs.usda.gov/wps/portal/nrcs/detail/soils/edu/?cid=nrcs142p2_054280" , "b682" , "http://www.w3.org/2002/07/owl#someValuesFrom" , "http://purl.obolibrary.org/obo/ENVO_00001998" ,
 "'In engineering terms, soil is referred to as regolith, or loose rock material that lies above the 'solid geology'. Soil is commonly referred to as "earth" or "dirt"; technically, the term "dirt" should be restricted to displaced soil.' https://en.wikipedia.org/wiki/Soil

" The upper limit of soil is the boundary between soil and air, shallow water, live plants, or plant materials that have not begun to decompose. Areas are not considered to have soil if the surface is permanently covered by water too deep (typically more than 2.5 meters) for the growth of rooted plants.

The lower boundary that separates soil from the nonsoil underneath is most difficult to define. Soil consists of horizons near the Earth's surface that, in contrast to the underlying parent material, have been altered by the interactions of climate, relief, and living organisms over time. Commonly, soil grades at its lower boundary to hard rock or to earthy materials virtually devoid of animals, roots, or other marks of biological activity. For purposes of classification, the lower boundary of soil is arbitrarily set at 200 cm."  Soil taxonomy, 2nd Ed., quoted in http://www.nrcs.usda.gov/wps/portal/nrcs/detail/soils/edu/?cid=nrcs142p2_054280" , "b683" , "http://www.w3.org/2002/07/owl#someValuesFrom" , "http://purl.obolibrary.org/obo/ENVO_00001998" ,
 "'In engineering terms, soil is referred to as regolith, or loose rock material that lies above the 'solid geology'. Soil is commonly referred to as "earth" or "dirt"; technically, the term "dirt" should be restricted to displaced soil.' https://en.wikipedia.org/wiki/Soil

" The upper limit of soil is the boundary between soil and air, shallow water, live plants, or plant materials that have not begun to decompose. Areas are not considered to have soil if the surface is permanently covered by water too deep (typically more than 2.5 meters) for the growth of rooted plants.

The lower boundary that separates soil from the nonsoil underneath is most difficult to define. Soil consists of horizons near the Earth's surface that, in contrast to the underlying parent material, have been altered by the interactions of climate, relief, and living organisms over time. Commonly, soil grades at its lower boundary to hard rock or to earthy materials virtually devoid of animals, roots, or other marks of biological activity. For purposes of classification, the lower boundary of soil is arbitrarily set at 200 cm."  Soil taxonomy, 2nd Ed., quoted in http://www.nrcs.usda.gov/wps/portal/nrcs/detail/soils/edu/?cid=nrcs142p2_054280" , "b684" , "http://www.w3.org/2002/07/owl#someValuesFrom" , "http://purl.obolibrary.org/obo/ENVO_00001998" ,
 "'In engineering terms, soil is referred to as regolith, or loose rock material that lies above the 'solid geology'. Soil is commonly referred to as "earth" or "dirt"; technically, the term "dirt" should be restricted to displaced soil.' https://en.wikipedia.org/wiki/Soil

" The upper limit of soil is the boundary between soil and air, shallow water, live plants, or plant materials that have not begun to decompose. Areas are not considered to have soil if the surface is permanently covered by water too deep (typically more than 2.5 meters) for the growth of rooted plants.

The lower boundary that separates soil from the nonsoil underneath is most difficult to define. Soil consists of horizons near the Earth's surface that, in contrast to the underlying parent material, have been altered by the interactions of climate, relief, and living organisms over time. Commonly, soil grades at its lower boundary to hard rock or to earthy materials virtually devoid of animals, roots, or other marks of biological activity. For purposes of classification, the lower boundary of soil is arbitrarily set at 200 cm."  Soil taxonomy, 2nd Ed., quoted in http://www.nrcs.usda.gov/wps/portal/nrcs/detail/soils/edu/?cid=nrcs142p2_054280" , "b685" , "http://www.w3.org/2002/07/owl#someValuesFrom" , "http://purl.obolibrary.org/obo/ENVO_00001998" ,
 "'In engineering terms, soil is referred to as regolith, or loose rock material that lies above the 'solid geology'. Soil is commonly referred to as "earth" or "dirt"; technically, the term "dirt" should be restricted to displaced soil.' https://en.wikipedia.org/wiki/Soil

" The upper limit of soil is the boundary between soil and air, shallow water, live plants, or plant materials that have not begun to decompose. Areas are not considered to have soil if the surface is permanently covered by water too deep (typically more than 2.5 meters) for the growth of rooted plants.

The lower boundary that separates soil from the nonsoil underneath is most difficult to define. Soil consists of horizons near the Earth's surface that, in contrast to the underlying parent material, have been altered by the interactions of climate, relief, and living organisms over time. Commonly, soil grades at its lower boundary to hard rock or to earthy materials virtually devoid of animals, roots, or other marks of biological activity. For purposes of classification, the lower boundary of soil is arbitrarily set at 200 cm."  Soil taxonomy, 2nd Ed., quoted in http://www.nrcs.usda.gov/wps/portal/nrcs/detail/soils/edu/?cid=nrcs142p2_054280" , "b686" , "http://www.w3.org/2002/07/owl#someValuesFrom" , "http://purl.obolibrary.org/obo/ENVO_00001998" ,
 "'In engineering terms, soil is referred to as regolith, or loose rock material that lies above the 'solid geology'. Soil is commonly referred to as "earth" or "dirt"; technically, the term "dirt" should be restricted to displaced soil.' https://en.wikipedia.org/wiki/Soil

" The upper limit of soil is the boundary between soil and air, shallow water, live plants, or plant materials that have not begun to decompose. Areas are not considered to have soil if the surface is permanently covered by water too deep (typically more than 2.5 meters) for the growth of rooted plants.

The lower boundary that separates soil from the nonsoil underneath is most difficult to define. Soil consists of horizons near the Earth's surface that, in contrast to the underlying parent material, have been altered by the interactions of climate, relief, and living organisms over time. Commonly, soil grades at its lower boundary to hard rock or to earthy materials virtually devoid of animals, roots, or other marks of biological activity. For purposes of classification, the lower boundary of soil is arbitrarily set at 200 cm."  Soil taxonomy, 2nd Ed., quoted in http://www.nrcs.usda.gov/wps/portal/nrcs/detail/soils/edu/?cid=nrcs142p2_054280" , "b687" , "http://www.w3.org/2002/07/owl#someValuesFrom" , "http://purl.obolibrary.org/obo/ENVO_00001998" ,
 "'In engineering terms, soil is referred to as regolith, or loose rock material that lies above the 'solid geology'. Soil is commonly referred to as "earth" or "dirt"; technically, the term "dirt" should be restricted to displaced soil.' https://en.wikipedia.org/wiki/Soil

" The upper limit of soil is the boundary between soil and air, shallow water, live plants, or plant materials that have not begun to decompose. Areas are not considered to have soil if the surface is permanently covered by water too deep (typically more than 2.5 meters) for the growth of rooted plants.

The lower boundary that separates soil from the nonsoil underneath is most difficult to define. Soil consists of horizons near the Earth's surface that, in contrast to the underlying parent material, have been altered by the interactions of climate, relief, and living organisms over time. Commonly, soil grades at its lower boundary to hard rock or to earthy materials virtually devoid of animals, roots, or other marks of biological activity. For purposes of classification, the lower boundary of soil is arbitrarily set at 200 cm."  Soil taxonomy, 2nd Ed., quoted in http://www.nrcs.usda.gov/wps/portal/nrcs/detail/soils/edu/?cid=nrcs142p2_054280" , "b688" , "http://www.w3.org/2002/07/owl#someValuesFrom" , "http://purl.obolibrary.org/obo/ENVO_00001998" ,
 "'In engineering terms, soil is referred to as regolith, or loose rock material that lies above the 'solid geology'. Soil is commonly referred to as "earth" or "dirt"; technically, the term "dirt" should be restricted to displaced soil.' https://en.wikipedia.org/wiki/Soil

" The upper limit of soil is the boundary between soil and air, shallow water, live plants, or plant materials that have not begun to decompose. Areas are not considered to have soil if the surface is permanently covered by water too deep (typically more than 2.5 meters) for the growth of rooted plants.

The lower boundary that separates soil from the nonsoil underneath is most difficult to define. Soil consists of horizons near the Earth's surface that, in contrast to the underlying parent material, have been altered by the interactions of climate, relief, and living organisms over time. Commonly, soil grades at its lower boundary to hard rock or to earthy materials virtually devoid of animals, roots, or other marks of biological activity. For purposes of classification, the lower boundary of soil is arbitrarily set at 200 cm."  Soil taxonomy, 2nd Ed., quoted in http://www.nrcs.usda.gov/wps/portal/nrcs/detail/soils/edu/?cid=nrcs142p2_054280" , "b689" , "http://www.w3.org/2002/07/owl#someValuesFrom" , "http://purl.obolibrary.org/obo/ENVO_00001998" ,
 "'In engineering terms, soil is referred to as regolith, or loose rock material that lies above the 'solid geology'. Soil is commonly referred to as "earth" or "dirt"; technically, the term "dirt" should be restricted to displaced soil.' https://en.wikipedia.org/wiki/Soil

" The upper limit of soil is the boundary between soil and air, shallow water, live plants, or plant materials that have not begun to decompose. Areas are not considered to have soil if the surface is permanently covered by water too deep (typically more than 2.5 meters) for the growth of rooted plants.

The lower boundary that separates soil from the nonsoil underneath is most difficult to define. Soil consists of horizons near the Earth's surface that, in contrast to the underlying parent material, have been altered by the interactions of climate, relief, and living organisms over time. Commonly, soil grades at its lower boundary to hard rock or to earthy materials virtually devoid of animals, roots, or other marks of biological activity. For purposes of classification, the lower boundary of soil is arbitrarily set at 200 cm."  Soil taxonomy, 2nd Ed., quoted in http://www.nrcs.usda.gov/wps/portal/nrcs/detail/soils/edu/?cid=nrcs142p2_054280" , "b690" , "http://www.w3.org/2002/07/owl#someValuesFrom" , "http://purl.obolibrary.org/obo/ENVO_00001998" ,
 "'In engineering terms, soil is referred to as regolith, or loose rock material that lies above the 'solid geology'. Soil is commonly referred to as "earth" or "dirt"; technically, the term "dirt" should be restricted to displaced soil.' https://en.wikipedia.org/wiki/Soil

" The upper limit of soil is the boundary between soil and air, shallow water, live plants, or plant materials that have not begun to decompose. Areas are not considered to have soil if the surface is permanently covered by water too deep (typically more than 2.5 meters) for the growth of rooted plants.

The lower boundary that separates soil from the nonsoil underneath is most difficult to define. Soil consists of horizons near the Earth's surface that, in contrast to the underlying parent material, have been altered by the interactions of climate, relief, and living organisms over time. Commonly, soil grades at its lower boundary to hard rock or to earthy materials virtually devoid of animals, roots, or other marks of biological activity. For purposes of classification, the lower boundary of soil is arbitrarily set at 200 cm."  Soil taxonomy, 2nd Ed., quoted in http://www.nrcs.usda.gov/wps/portal/nrcs/detail/soils/edu/?cid=nrcs142p2_054280" , "b691" , "http://www.w3.org/2002/07/owl#someValuesFrom" , "http://purl.obolibrary.org/obo/ENVO_00001998" ,
 "'In engineering terms, soil is referred to as regolith, or loose rock material that lies above the 'solid geology'. Soil is commonly referred to as "earth" or "dirt"; technically, the term "dirt" should be restricted to displaced soil.' https://en.wikipedia.org/wiki/Soil

" The upper limit of soil is the boundary between soil and air, shallow water, live plants, or plant materials that have not begun to decompose. Areas are not considered to have soil if the surface is permanently covered by water too deep (typically more than 2.5 meters) for the growth of rooted plants.

The lower boundary that separates soil from the nonsoil underneath is most difficult to define. Soil consists of horizons near the Earth's surface that, in contrast to the underlying parent material, have been altered by the interactions of climate, relief, and living organisms over time. Commonly, soil grades at its lower boundary to hard rock or to earthy materials virtually devoid of animals, roots, or other marks of biological activity. For purposes of classification, the lower boundary of soil is arbitrarily set at 200 cm."  Soil taxonomy, 2nd Ed., quoted in http://www.nrcs.usda.gov/wps/portal/nrcs/detail/soils/edu/?cid=nrcs142p2_054280" , "b692" , "http://www.w3.org/2002/07/owl#someValuesFrom" , "http://purl.obolibrary.org/obo/ENVO_00001998" ,
 "'In engineering terms, soil is referred to as regolith, or loose rock material that lies above the 'solid geology'. Soil is commonly referred to as "earth" or "dirt"; technically, the term "dirt" should be restricted to displaced soil.' https://en.wikipedia.org/wiki/Soil

" The upper limit of soil is the boundary between soil and air, shallow water, live plants, or plant materials that have not begun to decompose. Areas are not considered to have soil if the surface is permanently covered by water too deep (typically more than 2.5 meters) for the growth of rooted plants.

The lower boundary that separates soil from the nonsoil underneath is most difficult to define. Soil consists of horizons near the Earth's surface that, in contrast to the underlying parent material, have been altered by the interactions of climate, relief, and living organisms over time. Commonly, soil grades at its lower boundary to hard rock or to earthy materials virtually devoid of animals, roots, or other marks of biological activity. For purposes of classification, the lower boundary of soil is arbitrarily set at 200 cm."  Soil taxonomy, 2nd Ed., quoted in http://www.nrcs.usda.gov/wps/portal/nrcs/detail/soils/edu/?cid=nrcs142p2_054280" , "b693" , "http://www.w3.org/2002/07/owl#someValuesFrom" , "http://purl.obolibrary.org/obo/ENVO_00001998" ,
 "'In engineering terms, soil is referred to as regolith, or loose rock material that lies above the 'solid geology'. Soil is commonly referred to as "earth" or "dirt"; technically, the term "dirt" should be restricted to displaced soil.' https://en.wikipedia.org/wiki/Soil

" The upper limit of soil is the boundary between soil and air, shallow water, live plants, or plant materials that have not begun to decompose. Areas are not considered to have soil if the surface is permanently covered by water too deep (typically more than 2.5 meters) for the growth of rooted plants.

The lower boundary that separates soil from the nonsoil underneath is most difficult to define. Soil consists of horizons near the Earth's surface that, in contrast to the underlying parent material, have been altered by the interactions of climate, relief, and living organisms over time. Commonly, soil grades at its lower boundary to hard rock or to earthy materials virtually devoid of animals, roots, or other marks of biological activity. For purposes of classification, the lower boundary of soil is arbitrarily set at 200 cm."  Soil taxonomy, 2nd Ed., quoted in http://www.nrcs.usda.gov/wps/portal/nrcs/detail/soils/edu/?cid=nrcs142p2_054280" , "b694" , "http://www.w3.org/2002/07/owl#someValuesFrom" , "http://purl.obolibrary.org/obo/ENVO_00001998" ,
 "'In engineering terms, soil is referred to as regolith, or loose rock material that lies above the 'solid geology'. Soil is commonly referred to as "earth" or "dirt"; technically, the term "dirt" should be restricted to displaced soil.' https://en.wikipedia.org/wiki/Soil

" The upper limit of soil is the boundary between soil and air, shallow water, live plants, or plant materials that have not begun to decompose. Areas are not considered to have soil if the surface is permanently covered by water too deep (typically more than 2.5 meters) for the growth of rooted plants.

The lower boundary that separates soil from the nonsoil underneath is most difficult to define. Soil consists of horizons near the Earth's surface that, in contrast to the underlying parent material, have been altered by the interactions of climate, relief, and living organisms over time. Commonly, soil grades at its lower boundary to hard rock or to earthy materials virtually devoid of animals, roots, or other marks of biological activity. For purposes of classification, the lower boundary of soil is arbitrarily set at 200 cm."  Soil taxonomy, 2nd Ed., quoted in http://www.nrcs.usda.gov/wps/portal/nrcs/detail/soils/edu/?cid=nrcs142p2_054280" , "b695" , "http://www.w3.org/2002/07/owl#someValuesFrom" , "http://purl.obolibrary.org/obo/ENVO_00001998" ,
 "'In engineering terms, soil is referred to as regolith, or loose rock material that lies above the 'solid geology'. Soil is commonly referred to as "earth" or "dirt"; technically, the term "dirt" should be restricted to displaced soil.' https://en.wikipedia.org/wiki/Soil

" The upper limit of soil is the boundary between soil and air, shallow water, live plants, or plant materials that have not begun to decompose. Areas are not considered to have soil if the surface is permanently covered by water too deep (typically more than 2.5 meters) for the growth of rooted plants.

The lower boundary that separates soil from the nonsoil underneath is most difficult to define. Soil consists of horizons near the Earth's surface that, in contrast to the underlying parent material, have been altered by the interactions of climate, relief, and living organisms over time. Commonly, soil grades at its lower boundary to hard rock or to earthy materials virtually devoid of animals, roots, or other marks of biological activity. For purposes of classification, the lower boundary of soil is arbitrarily set at 200 cm."  Soil taxonomy, 2nd Ed., quoted in http://www.nrcs.usda.gov/wps/portal/nrcs/detail/soils/edu/?cid=nrcs142p2_054280" , "b696" , "http://www.w3.org/2002/07/owl#someValuesFrom" , "http://purl.obolibrary.org/obo/ENVO_00001998" ,
 "'In engineering terms, soil is referred to as regolith, or loose rock material that lies above the 'solid geology'. Soil is commonly referred to as "earth" or "dirt"; technically, the term "dirt" should be restricted to displaced soil.' https://en.wikipedia.org/wiki/Soil

" The upper limit of soil is the boundary between soil and air, shallow water, live plants, or plant materials that have not begun to decompose. Areas are not considered to have soil if the surface is permanently covered by water too deep (typically more than 2.5 meters) for the growth of rooted plants.

The lower boundary that separates soil from the nonsoil underneath is most difficult to define. Soil consists of horizons near the Earth's surface that, in contrast to the underlying parent material, have been altered by the interactions of climate, relief, and living organisms over time. Commonly, soil grades at its lower boundary to hard rock or to earthy materials virtually devoid of animals, roots, or other marks of biological activity. For purposes of classification, the lower boundary of soil is arbitrarily set at 200 cm."  Soil taxonomy, 2nd Ed., quoted in http://www.nrcs.usda.gov/wps/portal/nrcs/detail/soils/edu/?cid=nrcs142p2_054280" , "b697" , "http://www.w3.org/2002/07/owl#someValuesFrom" , "http://purl.obolibrary.org/obo/ENVO_00001998" ,
 "'In engineering terms, soil is referred to as regolith, or loose rock material that lies above the 'solid geology'. Soil is commonly referred to as "earth" or "dirt"; technically, the term "dirt" should be restricted to displaced soil.' https://en.wikipedia.org/wiki/Soil

" The upper limit of soil is the boundary between soil and air, shallow water, live plants, or plant materials that have not begun to decompose. Areas are not considered to have soil if the surface is permanently covered by water too deep (typically more than 2.5 meters) for the growth of rooted plants.

The lower boundary that separates soil from the nonsoil underneath is most difficult to define. Soil consists of horizons near the Earth's surface that, in contrast to the underlying parent material, have been altered by the interactions of climate, relief, and living organisms over time. Commonly, soil grades at its lower boundary to hard rock or to earthy materials virtually devoid of animals, roots, or other marks of biological activity. For purposes of classification, the lower boundary of soil is arbitrarily set at 200 cm."  Soil taxonomy, 2nd Ed., quoted in http://www.nrcs.usda.gov/wps/portal/nrcs/detail/soils/edu/?cid=nrcs142p2_054280" , "b698" , "http://www.w3.org/2002/07/owl#someValuesFrom" , "http://purl.obolibrary.org/obo/ENVO_00001998" ,
 "'In engineering terms, soil is referred to as regolith, or loose rock material that lies above the 'solid geology'. Soil is commonly referred to as "earth" or "dirt"; technically, the term "dirt" should be restricted to displaced soil.' https://en.wikipedia.org/wiki/Soil

" The upper limit of soil is the boundary between soil and air, shallow water, live plants, or plant materials that have not begun to decompose. Areas are not considered to have soil if the surface is permanently covered by water too deep (typically more than 2.5 meters) for the growth of rooted plants.

The lower boundary that separates soil from the nonsoil underneath is most difficult to define. Soil consists of horizons near the Earth's surface that, in contrast to the underlying parent material, have been altered by the interactions of climate, relief, and living organisms over time. Commonly, soil grades at its lower boundary to hard rock or to earthy materials virtually devoid of animals, roots, or other marks of biological activity. For purposes of classification, the lower boundary of soil is arbitrarily set at 200 cm."  Soil taxonomy, 2nd Ed., quoted in http://www.nrcs.usda.gov/wps/portal/nrcs/detail/soils/edu/?cid=nrcs142p2_054280" , "b699" , "http://www.w3.org/2002/07/owl#someValuesFrom" , "http://purl.obolibrary.org/obo/ENVO_00001998" ,
 "'In engineering terms, soil is referred to as regolith, or loose rock material that lies above the 'solid geology'. Soil is commonly referred to as "earth" or "dirt"; technically, the term "dirt" should be restricted to displaced soil.' https://en.wikipedia.org/wiki/Soil

" The upper limit of soil is the boundary between soil and air, shallow water, live plants, or plant materials that have not begun to decompose. Areas are not considered to have soil if the surface is permanently covered by water too deep (typically more than 2.5 meters) for the growth of rooted plants.

The lower boundary that separates soil from the nonsoil underneath is most difficult to define. Soil consists of horizons near the Earth's surface that, in contrast to the underlying parent material, have been altered by the interactions of climate, relief, and living organisms over time. Commonly, soil grades at its lower boundary to hard rock or to earthy materials virtually devoid of animals, roots, or other marks of biological activity. For purposes of classification, the lower boundary of soil is arbitrarily set at 200 cm."  Soil taxonomy, 2nd Ed., quoted in http://www.nrcs.usda.gov/wps/portal/nrcs/detail/soils/edu/?cid=nrcs142p2_054280" , "b700" , "http://www.w3.org/2002/07/owl#someValuesFrom" , "http://purl.obolibrary.org/obo/ENVO_00001998" ,
 "'In engineering terms, soil is referred to as regolith, or loose rock material that lies above the 'solid geology'. Soil is commonly referred to as "earth" or "dirt"; technically, the term "dirt" should be restricted to displaced soil.' https://en.wikipedia.org/wiki/Soil

" The upper limit of soil is the boundary between soil and air, shallow water, live plants, or plant materials that have not begun to decompose. Areas are not considered to have soil if the surface is permanently covered by water too deep (typically more than 2.5 meters) for the growth of rooted plants.

The lower boundary that separates soil from the nonsoil underneath is most difficult to define. Soil consists of horizons near the Earth's surface that, in contrast to the underlying parent material, have been altered by the interactions of climate, relief, and living organisms over time. Commonly, soil grades at its lower boundary to hard rock or to earthy materials virtually devoid of animals, roots, or other marks of biological activity. For purposes of classification, the lower boundary of soil is arbitrarily set at 200 cm."  Soil taxonomy, 2nd Ed., quoted in http://www.nrcs.usda.gov/wps/portal/nrcs/detail/soils/edu/?cid=nrcs142p2_054280" , "b104" , "http://www.w3.org/2002/07/owl#someValuesFrom" , "http://purl.obolibrary.org/obo/ENVO_00001998" ,
 "'In engineering terms, soil is referred to as regolith, or loose rock material that lies above the 'solid geology'. Soil is commonly referred to as "earth" or "dirt"; technically, the term "dirt" should be restricted to displaced soil.' https://en.wikipedia.org/wiki/Soil

" The upper limit of soil is the boundary between soil and air, shallow water, live plants, or plant materials that have not begun to decompose. Areas are not considered to have soil if the surface is permanently covered by water too deep (typically more than 2.5 meters) for the growth of rooted plants.

The lower boundary that separates soil from the nonsoil underneath is most difficult to define. Soil consists of horizons near the Earth's surface that, in contrast to the underlying parent material, have been altered by the interactions of climate, relief, and living organisms over time. Commonly, soil grades at its lower boundary to hard rock or to earthy materials virtually devoid of animals, roots, or other marks of biological activity. For purposes of classification, the lower boundary of soil is arbitrarily set at 200 cm."  Soil taxonomy, 2nd Ed., quoted in http://www.nrcs.usda.gov/wps/portal/nrcs/detail/soils/edu/?cid=nrcs142p2_054280" , "b701" , "http://www.w3.org/2002/07/owl#someValuesFrom" , "http://purl.obolibrary.org/obo/ENVO_00001998" ,
 "'In engineering terms, soil is referred to as regolith, or loose rock material that lies above the 'solid geology'. Soil is commonly referred to as "earth" or "dirt"; technically, the term "dirt" should be restricted to displaced soil.' https://en.wikipedia.org/wiki/Soil

" The upper limit of soil is the boundary between soil and air, shallow water, live plants, or plant materials that have not begun to decompose. Areas are not considered to have soil if the surface is permanently covered by water too deep (typically more than 2.5 meters) for the growth of rooted plants.

The lower boundary that separates soil from the nonsoil underneath is most difficult to define. Soil consists of horizons near the Earth's surface that, in contrast to the underlying parent material, have been altered by the interactions of climate, relief, and living organisms over time. Commonly, soil grades at its lower boundary to hard rock or to earthy materials virtually devoid of animals, roots, or other marks of biological activity. For purposes of classification, the lower boundary of soil is arbitrarily set at 200 cm."  Soil taxonomy, 2nd Ed., quoted in http://www.nrcs.usda.gov/wps/portal/nrcs/detail/soils/edu/?cid=nrcs142p2_054280" , "b702" , "http://www.w3.org/2002/07/owl#someValuesFrom" , "http://purl.obolibrary.org/obo/ENVO_00001998" ,
 "'In engineering terms, soil is referred to as regolith, or loose rock material that lies above the 'solid geology'. Soil is commonly referred to as "earth" or "dirt"; technically, the term "dirt" should be restricted to displaced soil.' https://en.wikipedia.org/wiki/Soil

" The upper limit of soil is the boundary between soil and air, shallow water, live plants, or plant materials that have not begun to decompose. Areas are not considered to have soil if the surface is permanently covered by water too deep (typically more than 2.5 meters) for the growth of rooted plants.

The lower boundary that separates soil from the nonsoil underneath is most difficult to define. Soil consists of horizons near the Earth's surface that, in contrast to the underlying parent material, have been altered by the interactions of climate, relief, and living organisms over time. Commonly, soil grades at its lower boundary to hard rock or to earthy materials virtually devoid of animals, roots, or other marks of biological activity. For purposes of classification, the lower boundary of soil is arbitrarily set at 200 cm."  Soil taxonomy, 2nd Ed., quoted in http://www.nrcs.usda.gov/wps/portal/nrcs/detail/soils/edu/?cid=nrcs142p2_054280" , "b703" , "http://www.w3.org/2002/07/owl#someValuesFrom" , "http://purl.obolibrary.org/obo/ENVO_00001998" ,
 "'In engineering terms, soil is referred to as regolith, or loose rock material that lies above the 'solid geology'. Soil is commonly referred to as "earth" or "dirt"; technically, the term "dirt" should be restricted to displaced soil.' https://en.wikipedia.org/wiki/Soil

" The upper limit of soil is the boundary between soil and air, shallow water, live plants, or plant materials that have not begun to decompose. Areas are not considered to have soil if the surface is permanently covered by water too deep (typically more than 2.5 meters) for the growth of rooted plants.

The lower boundary that separates soil from the nonsoil underneath is most difficult to define. Soil consists of horizons near the Earth's surface that, in contrast to the underlying parent material, have been altered by the interactions of climate, relief, and living organisms over time. Commonly, soil grades at its lower boundary to hard rock or to earthy materials virtually devoid of animals, roots, or other marks of biological activity. For purposes of classification, the lower boundary of soil is arbitrarily set at 200 cm."  Soil taxonomy, 2nd Ed., quoted in http://www.nrcs.usda.gov/wps/portal/nrcs/detail/soils/edu/?cid=nrcs142p2_054280" , "b704" , "http://www.w3.org/2002/07/owl#someValuesFrom" , "http://purl.obolibrary.org/obo/ENVO_00001998" ,
 "'In engineering terms, soil is referred to as regolith, or loose rock material that lies above the 'solid geology'. Soil is commonly referred to as "earth" or "dirt"; technically, the term "dirt" should be restricted to displaced soil.' https://en.wikipedia.org/wiki/Soil

" The upper limit of soil is the boundary between soil and air, shallow water, live plants, or plant materials that have not begun to decompose. Areas are not considered to have soil if the surface is permanently covered by water too deep (typically more than 2.5 meters) for the growth of rooted plants.

The lower boundary that separates soil from the nonsoil underneath is most difficult to define. Soil consists of horizons near the Earth's surface that, in contrast to the underlying parent material, have been altered by the interactions of climate, relief, and living organisms over time. Commonly, soil grades at its lower boundary to hard rock or to earthy materials virtually devoid of animals, roots, or other marks of biological activity. For purposes of classification, the lower boundary of soil is arbitrarily set at 200 cm."  Soil taxonomy, 2nd Ed., quoted in http://www.nrcs.usda.gov/wps/portal/nrcs/detail/soils/edu/?cid=nrcs142p2_054280" , "b705" , "http://www.w3.org/2002/07/owl#someValuesFrom" , "http://purl.obolibrary.org/obo/ENVO_00001998" ,
 "'In engineering terms, soil is referred to as regolith, or loose rock material that lies above the 'solid geology'. Soil is commonly referred to as "earth" or "dirt"; technically, the term "dirt" should be restricted to displaced soil.' https://en.wikipedia.org/wiki/Soil

" The upper limit of soil is the boundary between soil and air, shallow water, live plants, or plant materials that have not begun to decompose. Areas are not considered to have soil if the surface is permanently covered by water too deep (typically more than 2.5 meters) for the growth of rooted plants.

The lower boundary that separates soil from the nonsoil underneath is most difficult to define. Soil consists of horizons near the Earth's surface that, in contrast to the underlying parent material, have been altered by the interactions of climate, relief, and living organisms over time. Commonly, soil grades at its lower boundary to hard rock or to earthy materials virtually devoid of animals, roots, or other marks of biological activity. For purposes of classification, the lower boundary of soil is arbitrarily set at 200 cm."  Soil taxonomy, 2nd Ed., quoted in http://www.nrcs.usda.gov/wps/portal/nrcs/detail/soils/edu/?cid=nrcs142p2_054280" , "b706" , "http://www.w3.org/2002/07/owl#someValuesFrom" , "http://purl.obolibrary.org/obo/ENVO_00001998" ,
 "'In engineering terms, soil is referred to as regolith, or loose rock material that lies above the 'solid geology'. Soil is commonly referred to as "earth" or "dirt"; technically, the term "dirt" should be restricted to displaced soil.' https://en.wikipedia.org/wiki/Soil

" The upper limit of soil is the boundary between soil and air, shallow water, live plants, or plant materials that have not begun to decompose. Areas are not considered to have soil if the surface is permanently covered by water too deep (typically more than 2.5 meters) for the growth of rooted plants.

The lower boundary that separates soil from the nonsoil underneath is most difficult to define. Soil consists of horizons near the Earth's surface that, in contrast to the underlying parent material, have been altered by the interactions of climate, relief, and living organisms over time. Commonly, soil grades at its lower boundary to hard rock or to earthy materials virtually devoid of animals, roots, or other marks of biological activity. For purposes of classification, the lower boundary of soil is arbitrarily set at 200 cm."  Soil taxonomy, 2nd Ed., quoted in http://www.nrcs.usda.gov/wps/portal/nrcs/detail/soils/edu/?cid=nrcs142p2_054280" , "b707" , "http://www.w3.org/2002/07/owl#someValuesFrom" , "http://purl.obolibrary.org/obo/ENVO_00001998" ,
 "'In engineering terms, soil is referred to as regolith, or loose rock material that lies above the 'solid geology'. Soil is commonly referred to as "earth" or "dirt"; technically, the term "dirt" should be restricted to displaced soil.' https://en.wikipedia.org/wiki/Soil

" The upper limit of soil is the boundary between soil and air, shallow water, live plants, or plant materials that have not begun to decompose. Areas are not considered to have soil if the surface is permanently covered by water too deep (typically more than 2.5 meters) for the growth of rooted plants.

The lower boundary that separates soil from the nonsoil underneath is most difficult to define. Soil consists of horizons near the Earth's surface that, in contrast to the underlying parent material, have been altered by the interactions of climate, relief, and living organisms over time. Commonly, soil grades at its lower boundary to hard rock or to earthy materials virtually devoid of animals, roots, or other marks of biological activity. For purposes of classification, the lower boundary of soil is arbitrarily set at 200 cm."  Soil taxonomy, 2nd Ed., quoted in http://www.nrcs.usda.gov/wps/portal/nrcs/detail/soils/edu/?cid=nrcs142p2_054280" , "b708" , "http://www.w3.org/2002/07/owl#someValuesFrom" , "http://purl.obolibrary.org/obo/ENVO_00001998" ,
 "'In engineering terms, soil is referred to as regolith, or loose rock material that lies above the 'solid geology'. Soil is commonly referred to as "earth" or "dirt"; technically, the term "dirt" should be restricted to displaced soil.' https://en.wikipedia.org/wiki/Soil

" The upper limit of soil is the boundary between soil and air, shallow water, live plants, or plant materials that have not begun to decompose. Areas are not considered to have soil if the surface is permanently covered by water too deep (typically more than 2.5 meters) for the growth of rooted plants.

The lower boundary that separates soil from the nonsoil underneath is most difficult to define. Soil consists of horizons near the Earth's surface that, in contrast to the underlying parent material, have been altered by the interactions of climate, relief, and living organisms over time. Commonly, soil grades at its lower boundary to hard rock or to earthy materials virtually devoid of animals, roots, or other marks of biological activity. For purposes of classification, the lower boundary of soil is arbitrarily set at 200 cm."  Soil taxonomy, 2nd Ed., quoted in http://www.nrcs.usda.gov/wps/portal/nrcs/detail/soils/edu/?cid=nrcs142p2_054280" , "b709" , "http://www.w3.org/2002/07/owl#someValuesFrom" , "http://purl.obolibrary.org/obo/ENVO_00001998" ,
 "'In engineering terms, soil is referred to as regolith, or loose rock material that lies above the 'solid geology'. Soil is commonly referred to as "earth" or "dirt"; technically, the term "dirt" should be restricted to displaced soil.' https://en.wikipedia.org/wiki/Soil

" The upper limit of soil is the boundary between soil and air, shallow water, live plants, or plant materials that have not begun to decompose. Areas are not considered to have soil if the surface is permanently covered by water too deep (typically more than 2.5 meters) for the growth of rooted plants.

The lower boundary that separates soil from the nonsoil underneath is most difficult to define. Soil consists of horizons near the Earth's surface that, in contrast to the underlying parent material, have been altered by the interactions of climate, relief, and living organisms over time. Commonly, soil grades at its lower boundary to hard rock or to earthy materials virtually devoid of animals, roots, or other marks of biological activity. For purposes of classification, the lower boundary of soil is arbitrarily set at 200 cm."  Soil taxonomy, 2nd Ed., quoted in http://www.nrcs.usda.gov/wps/portal/nrcs/detail/soils/edu/?cid=nrcs142p2_054280" , "b710" , "http://www.w3.org/2002/07/owl#someValuesFrom" , "http://purl.obolibrary.org/obo/ENVO_00001998" ,
 "This class is distinct from a geometric surface, which is two-dimensional. The idea of "uppermost" may be problematic. Further, the definition of layer (the superclass of surface in rev 133) references surface. This may be another issue. Perhaps this can be made into an inferred class using 'bounding layer of' some material entity, note that 'bounding layer' implies containment, which may not be valid here." , "http://purl.obolibrary.org/obo/ENVO_00000105" , "http://www.w3.org/2000/01/rdf-schema#subClassOf" , "http://purl.obolibrary.org/obo/ENVO_00010504" ,
 "This class is distinct from a geometric surface, which is two-dimensional. The idea of "uppermost" may be problematic. Further, the definition of layer (the superclass of surface in rev 133) references surface. This may be another issue. Perhaps this can be made into an inferred class using 'bounding layer of' some material entity, note that 'bounding layer' implies containment, which may not be valid here." , "b176" , "http://www.w3.org/1999/02/22-rdf-syntax-ns#first" , "http://purl.obolibrary.org/obo/ENVO_00010504" ,
 "This class is distinct from a geometric surface, which is two-dimensional. The idea of "uppermost" may be problematic. Further, the definition of layer (the superclass of surface in rev 133) references surface. This may be another issue. Perhaps this can be made into an inferred class using 'bounding layer of' some material entity, note that 'bounding layer' implies containment, which may not be valid here." , "http://purl.obolibrary.org/obo/ENVO_00000501" , "http://www.w3.org/2000/01/rdf-schema#subClassOf" , "http://purl.obolibrary.org/obo/ENVO_00010504" ,
 "This class is distinct from a geometric surface, which is two-dimensional. The idea of "uppermost" may be problematic. Further, the definition of layer (the superclass of surface in rev 133) references surface. This may be another issue. Perhaps this can be made into an inferred class using 'bounding layer of' some material entity, note that 'bounding layer' implies containment, which may not be valid here." , "b177" , "http://www.w3.org/2002/07/owl#annotatedSource" , "http://purl.obolibrary.org/obo/ENVO_00010504" ,
 "This class is distinct from a geometric surface, which is two-dimensional. The idea of "uppermost" may be problematic. Further, the definition of layer (the superclass of surface in rev 133) references surface. This may be another issue. Perhaps this can be made into an inferred class using 'bounding layer of' some material entity, note that 'bounding layer' implies containment, which may not be valid here." , "http://purl.obolibrary.org/obo/ENVO_01000019" , "http://www.w3.org/2000/01/rdf-schema#subClassOf" , "http://purl.obolibrary.org/obo/ENVO_00010504" ,
 "This class is distinct from a geometric surface, which is two-dimensional. The idea of "uppermost" may be problematic. Further, the definition of layer (the superclass of surface in rev 133) references surface. This may be another issue. Perhaps this can be made into an inferred class using 'bounding layer of' some material entity, note that 'bounding layer' implies containment, which may not be valid here." , "b178" , "http://www.w3.org/1999/02/22-rdf-syntax-ns#first" , "http://purl.obolibrary.org/obo/ENVO_00010504" ,
 "This class is distinct from a geometric surface, which is two-dimensional. The idea of "uppermost" may be problematic. Further, the definition of layer (the superclass of surface in rev 133) references surface. This may be another issue. Perhaps this can be made into an inferred class using 'bounding layer of' some material entity, note that 'bounding layer' implies containment, which may not be valid here." , "b179" , "http://www.w3.org/1999/02/22-rdf-syntax-ns#first" , "http://purl.obolibrary.org/obo/ENVO_00010504" ,
 "This class is distinct from a geometric surface, which is two-dimensional. The idea of "uppermost" may be problematic. Further, the definition of layer (the superclass of surface in rev 133) references surface. This may be another issue. Perhaps this can be made into an inferred class using 'bounding layer of' some material entity, note that 'bounding layer' implies containment, which may not be valid here." , "b180" , "http://www.w3.org/1999/02/22-rdf-syntax-ns#first" , "http://purl.obolibrary.org/obo/ENVO_00010504" ,
 "This class is distinct from a geometric surface, which is two-dimensional. The idea of "uppermost" may be problematic. Further, the definition of layer (the superclass of surface in rev 133) references surface. This may be another issue. Perhaps this can be made into an inferred class using 'bounding layer of' some material entity, note that 'bounding layer' implies containment, which may not be valid here." , "http://purl.obolibrary.org/obo/ENVO_01000324" , "http://www.w3.org/2000/01/rdf-schema#subClassOf" , "http://purl.obolibrary.org/obo/ENVO_00010504" ,
 "This class is distinct from a geometric surface, which is two-dimensional. The idea of "uppermost" may be problematic. Further, the definition of layer (the superclass of surface in rev 133) references surface. This may be another issue. Perhaps this can be made into an inferred class using 'bounding layer of' some material entity, note that 'bounding layer' implies containment, which may not be valid here." , "b181" , "http://www.w3.org/1999/02/22-rdf-syntax-ns#first" , "http://purl.obolibrary.org/obo/ENVO_00010504" ,
 "This class is distinct from a geometric surface, which is two-dimensional. The idea of "uppermost" may be problematic. Further, the definition of layer (the superclass of surface in rev 133) references surface. This may be another issue. Perhaps this can be made into an inferred class using 'bounding layer of' some material entity, note that 'bounding layer' implies containment, which may not be valid here." , "b182" , "http://www.w3.org/1999/02/22-rdf-syntax-ns#first" , "http://purl.obolibrary.org/obo/ENVO_00010504" ,
 "This class is distinct from a geometric surface, which is two-dimensional. The idea of "uppermost" may be problematic. Further, the definition of layer (the superclass of surface in rev 133) references surface. This may be another issue. Perhaps this can be made into an inferred class using 'bounding layer of' some material entity, note that 'bounding layer' implies containment, which may not be valid here." , "b183" , "http://www.w3.org/1999/02/22-rdf-syntax-ns#first" , "http://purl.obolibrary.org/obo/ENVO_00010504" ,
 "This class is distinct from a geometric surface, which is two-dimensional. The idea of "uppermost" may be problematic. Further, the definition of layer (the superclass of surface in rev 133) references surface. This may be another issue. Perhaps this can be made into an inferred class using 'bounding layer of' some material entity, note that 'bounding layer' implies containment, which may not be valid here." , "b184" , "http://www.w3.org/1999/02/22-rdf-syntax-ns#first" , "http://purl.obolibrary.org/obo/ENVO_00010504" ,
 "This class is distinct from a geometric surface, which is two-dimensional. The idea of "uppermost" may be problematic. Further, the definition of layer (the superclass of surface in rev 133) references surface. This may be another issue. Perhaps this can be made into an inferred class using 'bounding layer of' some material entity, note that 'bounding layer' implies containment, which may not be valid here." , "http://purl.obolibrary.org/obo/ENVO_01000486" , "http://www.w3.org/2000/01/rdf-schema#subClassOf" , "http://purl.obolibrary.org/obo/ENVO_00010504" ,
 "This class is distinct from a geometric surface, which is two-dimensional. The idea of "uppermost" may be problematic. Further, the definition of layer (the superclass of surface in rev 133) references surface. This may be another issue. Perhaps this can be made into an inferred class using 'bounding layer of' some material entity, note that 'bounding layer' implies containment, which may not be valid here." , "http://purl.obolibrary.org/obo/ENVO_01000862" , "http://www.w3.org/2000/01/rdf-schema#subClassOf" , "http://purl.obolibrary.org/obo/ENVO_00010504" ,
 "This class is distinct from a geometric surface, which is two-dimensional. The idea of "uppermost" may be problematic. Further, the definition of layer (the superclass of surface in rev 133) references surface. This may be another issue. Perhaps this can be made into an inferred class using 'bounding layer of' some material entity, note that 'bounding layer' implies containment, which may not be valid here." , "b185" , "http://www.w3.org/1999/02/22-rdf-syntax-ns#first" , "http://purl.obolibrary.org/obo/ENVO_00010504" ,
 "ENVO contains this top-level class, but all instances will be in GAZ. The definition is preliminary and will be aligned to BFO.
https://en.wikipedia.org/wiki/  Ecozones correspond to the floristic kingdoms of botany or zoogeographic regions of zoology. Ecozones are characterized by the evolutionary history of the organisms they contain. They are distinct from biomes, also known as major habitat types, which are divisions of the Earth's surface based on life form, or the adaptation of plants and animals to climatic, soil, and other conditions. Biomes are characterized by similar climax vegetation. Each ecozone may include a number of different biomes. A tropical moist broadleaf forest in Central America, for example, may be similar to one in New Guinea in its vegetation type and structure, climate, soils, etc., but these forests are inhabited by plants and animals with very different evolutionary histories." , "http://purl.obolibrary.org/obo/ENVO_00000428" , "http://www.w3.org/2002/07/owl#disjointWith" , "http://purl.obolibrary.org/obo/ENVO_01000280" ,
 "ENVO contains this top-level class, but all instances will be in GAZ. The definition is preliminary and will be aligned to BFO.
https://en.wikipedia.org/wiki/  Ecozones correspond to the floristic kingdoms of botany or zoogeographic regions of zoology. Ecozones are characterized by the evolutionary history of the organisms they contain. They are distinct from biomes, also known as major habitat types, which are divisions of the Earth's surface based on life form, or the adaptation of plants and animals to climatic, soil, and other conditions. Biomes are characterized by similar climax vegetation. Each ecozone may include a number of different biomes. A tropical moist broadleaf forest in Central America, for example, may be similar to one in New Guinea in its vegetation type and structure, climate, soils, etc., but these forests are inhabited by plants and animals with very different evolutionary histories." , "b711" , "http://www.w3.org/2002/07/owl#someValuesFrom" , "http://purl.obolibrary.org/obo/ENVO_01000280" ,
 "ENVO contains this top-level class, but all instances will be in GAZ. The definition is preliminary and will be aligned to BFO.
https://en.wikipedia.org/wiki/  Ecozones correspond to the floristic kingdoms of botany or zoogeographic regions of zoology. Ecozones are characterized by the evolutionary history of the organisms they contain. They are distinct from biomes, also known as major habitat types, which are divisions of the Earth's surface based on life form, or the adaptation of plants and animals to climatic, soil, and other conditions. Biomes are characterized by similar climax vegetation. Each ecozone may include a number of different biomes. A tropical moist broadleaf forest in Central America, for example, may be similar to one in New Guinea in its vegetation type and structure, climate, soils, etc., but these forests are inhabited by plants and animals with very different evolutionary histories." , "b712" , "http://www.w3.org/2002/07/owl#annotatedSource" , "http://purl.obolibrary.org/obo/ENVO_01000280" ,
 "The DCM may or may not indicate greater abundance of photosynthetic, chlorophyll-bearing cells, as shade-adapted cells may have a greater chlorophyll to biomass ration than surface variants. Further, some DCMs may be formed by the sinking of cells from surface zones or the subduction of surface waters, rather than through biotic, community-level processess." , "b713" , "http://www.w3.org/2002/07/owl#annotatedSource" , "http://purl.obolibrary.org/obo/ENVO_01000326" ,
 "The DCM may or may not indicate greater abundance of photosynthetic, chlorophyll-bearing cells, as shade-adapted cells may have a greater chlorophyll to biomass ration than surface variants. Further, some DCMs may be formed by the sinking of cells from surface zones or the subduction of surface waters, rather than through biotic, community-level processess." , "b714" , "http://www.w3.org/2002/07/owl#annotatedSource" , "http://purl.obolibrary.org/obo/ENVO_01000326" ,
 "Not recommended for annotation. This class is likely to be made into an inferred class as its subclasses are distributed among more meaningful superclasses (i.e. ceiling is_a surface layer). See for example, "building floor". The boundaries between building parts may be bona fide or fiat." , "b715" , "http://www.w3.org/2002/07/owl#someValuesFrom" , "http://purl.obolibrary.org/obo/ENVO_01000420" ,
 "Not recommended for annotation. This class is likely to be made into an inferred class as its subclasses are distributed among more meaningful superclasses (i.e. ceiling is_a surface layer). See for example, "building floor". The boundaries between building parts may be bona fide or fiat." , "http://purl.obolibrary.org/obo/ENVO_00003967" , "http://www.w3.org/2000/01/rdf-schema#subClassOf" , "http://purl.obolibrary.org/obo/ENVO_01000420" ,
 "Not recommended for annotation. This class is likely to be made into an inferred class as its subclasses are distributed among more meaningful superclasses (i.e. ceiling is_a surface layer). See for example, "building floor". The boundaries between building parts may be bona fide or fiat." , "http://purl.obolibrary.org/obo/ENVO_01000421" , "http://www.w3.org/2000/01/rdf-schema#subClassOf" , "http://purl.obolibrary.org/obo/ENVO_01000420" ,
 "Not recommended for annotation. This class is likely to be made into an inferred class as its subclasses are distributed among more meaningful superclasses (i.e. ceiling is_a surface layer). See for example, "building floor". The boundaries between building parts may be bona fide or fiat." , "http://purl.obolibrary.org/obo/ENVO_01000426" , "http://www.w3.org/2000/01/rdf-schema#subClassOf" , "http://purl.obolibrary.org/obo/ENVO_01000420" ,
 "Not recommended for annotation. This class is likely to be made into an inferred class as its subclasses are distributed among more meaningful superclasses (i.e. ceiling is_a surface layer). See for example, "building floor". The boundaries between building parts may be bona fide or fiat." , "http://purl.obolibrary.org/obo/ENVO_01000465" , "http://www.w3.org/2000/01/rdf-schema#subClassOf" , "http://purl.obolibrary.org/obo/ENVO_01000420" ,
 "Not recommended for annotation. This class is likely to be made into an inferred class as its subclasses are distributed among more meaningful superclasses (i.e. ceiling is_a surface layer). See for example, "building floor". The boundaries between building parts may be bona fide or fiat." , "http://purl.obolibrary.org/obo/ENVO_01000470" , "http://www.w3.org/2000/01/rdf-schema#subClassOf" , "http://purl.obolibrary.org/obo/ENVO_01000420" ,
 "Not recommended for annotation. This class is likely to be made into an inferred class as its subclasses are distributed among more meaningful superclasses (i.e. ceiling is_a surface layer). See for example, "building floor". The boundaries between building parts may be bona fide or fiat." , "http://purl.obolibrary.org/obo/ENVO_01000472" , "http://www.w3.org/2000/01/rdf-schema#subClassOf" , "http://purl.obolibrary.org/obo/ENVO_01000420" ,
 "Not recommended for annotation. This class is likely to be made into an inferred class as its subclasses are distributed among more meaningful superclasses (i.e. ceiling is_a surface layer). See for example, "building floor". The boundaries between building parts may be bona fide or fiat." , "http://purl.obolibrary.org/obo/ENVO_01000471" , "http://www.w3.org/2000/01/rdf-schema#subClassOf" , "http://purl.obolibrary.org/obo/ENVO_01000420" ,
 "Not recommended for annotation. This class is likely to be made into an inferred class as its subclasses are distributed among more meaningful superclasses (i.e. ceiling is_a surface layer). See for example, "building floor". The boundaries between building parts may be bona fide or fiat." , "http://purl.obolibrary.org/obo/ENVO_01000825" , "http://www.w3.org/2000/01/rdf-schema#subClassOf" , "http://purl.obolibrary.org/obo/ENVO_01000420" ,
 "This could be moved to "surface layer" like other floors, although more thought has to be given to "floor": a role of a surface layer?
"The hole in the slab should not be larger than 25 centimeters (9.8 inches) to prevent children falling in." https://en.wikipedia.org/wiki/Pit_latrine" , "b716" , "http://www.w3.org/2002/07/owl#annotatedSource" , "http://purl.obolibrary.org/obo/ENVO_01000520" ,
 "This could be moved to "surface layer" like other floors, although more thought has to be given to "floor": a role of a surface layer?
"The hole in the slab should not be larger than 25 centimeters (9.8 inches) to prevent children falling in." https://en.wikipedia.org/wiki/Pit_latrine" , "b717" , "http://www.w3.org/2002/07/owl#someValuesFrom" , "http://purl.obolibrary.org/obo/ENVO_01000520" ,
 "This could be moved to "surface layer" like other floors, although more thought has to be given to "floor": a role of a surface layer?
"The hole in the slab should not be larger than 25 centimeters (9.8 inches) to prevent children falling in." https://en.wikipedia.org/wiki/Pit_latrine" , "b718" , "http://www.w3.org/2002/07/owl#someValuesFrom" , "http://purl.obolibrary.org/obo/ENVO_01000520" ,
 "Land may more properly be represented as part of a planetary surface rather than a sublcass." , "http://purl.obolibrary.org/obo/ENVO_00000304" , "http://www.w3.org/2000/01/rdf-schema#subClassOf" , "http://purl.obolibrary.org/obo/ENVO_01000635" ,
 "Land may more properly be represented as part of a planetary surface rather than a sublcass." , "b719" , "http://www.w3.org/2002/07/owl#someValuesFrom" , "http://purl.obolibrary.org/obo/ENVO_01000635" ,
 "Land may more properly be represented as part of a planetary surface rather than a sublcass." , "b720" , "http://www.w3.org/2002/07/owl#someValuesFrom" , "http://purl.obolibrary.org/obo/ENVO_01000635" ,
 "Land may more properly be represented as part of a planetary surface rather than a sublcass." , "b721" , "http://www.w3.org/1999/02/22-rdf-syntax-ns#first" , "http://purl.obolibrary.org/obo/ENVO_01000635" ,
 "Land may more properly be represented as part of a planetary surface rather than a sublcass." , "b722" , "http://www.w3.org/2002/07/owl#someValuesFrom" , "http://purl.obolibrary.org/obo/ENVO_01000635" ,
 "Land may more properly be represented as part of a planetary surface rather than a sublcass." , "b723" , "http://www.w3.org/2002/07/owl#annotatedSource" , "http://purl.obolibrary.org/obo/ENVO_01000635" ,
 "Land may more properly be represented as part of a planetary surface rather than a sublcass." , "b724" , "http://www.w3.org/2002/07/owl#someValuesFrom" , "http://purl.obolibrary.org/obo/ENVO_01000635" ,
 "Land may more properly be represented as part of a planetary surface rather than a sublcass." , "b725" , "http://www.w3.org/2002/07/owl#someValuesFrom" , "http://purl.obolibrary.org/obo/ENVO_01000635" ,
 "Land may more properly be represented as part of a planetary surface rather than a sublcass." , "b726" , "http://www.w3.org/2002/07/owl#someValuesFrom" , "http://purl.obolibrary.org/obo/ENVO_01000635" ,
 "Land may more properly be represented as part of a planetary surface rather than a sublcass." , "b727" , "http://www.w3.org/1999/02/22-rdf-syntax-ns#first" , "http://purl.obolibrary.org/obo/ENVO_01000635" ,
 "Land may more properly be represented as part of a planetary surface rather than a sublcass." , "b728" , "http://www.w3.org/1999/02/22-rdf-syntax-ns#first" , "http://purl.obolibrary.org/obo/ENVO_01000635" ,
 "Land may more properly be represented as part of a planetary surface rather than a sublcass." , "b729" , "http://www.w3.org/2002/07/owl#someValuesFrom" , "http://purl.obolibrary.org/obo/ENVO_01000635" ,
 "Land may more properly be represented as part of a planetary surface rather than a sublcass." , "b730" , "http://www.w3.org/2002/07/owl#someValuesFrom" , "http://purl.obolibrary.org/obo/ENVO_01000635" ,
 "Land may more properly be represented as part of a planetary surface rather than a sublcass." , "b731" , "http://www.w3.org/1999/02/22-rdf-syntax-ns#first" , "http://purl.obolibrary.org/obo/ENVO_01000635" ,
 "Land may more properly be represented as part of a planetary surface rather than a sublcass." , "b732" , "http://www.w3.org/2002/07/owl#someValuesFrom" , "http://purl.obolibrary.org/obo/ENVO_01000635" ,
 "Land may more properly be represented as part of a planetary surface rather than a sublcass." , "b733" , "http://www.w3.org/1999/02/22-rdf-syntax-ns#first" , "http://purl.obolibrary.org/obo/ENVO_01000635" ,
 "Land may more properly be represented as part of a planetary surface rather than a sublcass." , "b734" , "http://www.w3.org/2002/07/owl#someValuesFrom" , "http://purl.obolibrary.org/obo/ENVO_01000635" ,
 "Land may more properly be represented as part of a planetary surface rather than a sublcass." , "b735" , "http://www.w3.org/2002/07/owl#someValuesFrom" , "http://purl.obolibrary.org/obo/ENVO_01000635" ,
 "Notes: need to capture that this is an increase in surface area (where boundaries allow) and density. Also need to capture this is a rapid/acute expansion. TODO: import PATO" , "b736" , "http://www.w3.org/2002/07/owl#someValuesFrom" , "http://purl.obolibrary.org/obo/ENVO_02500018" ,
 "Notes: need to capture that this is an increase in surface area (where boundaries allow) and density. Also need to capture this is a rapid/acute expansion. TODO: import PATO" , "b737" , "http://www.w3.org/2002/07/owl#someValuesFrom" , "http://purl.obolibrary.org/obo/ENVO_02500018" ,
 "Notes: need to capture that this is an increase in surface area (where boundaries allow) and density. Also need to capture this is a rapid/acute expansion. TODO: import PATO" , "b738" , "http://www.w3.org/2002/07/owl#someValuesFrom" , "http://purl.obolibrary.org/obo/ENVO_02500018" ,
 "Notes: need to capture that this is an increase in surface area (where boundaries allow) and density. Also need to capture this is a rapid/acute expansion. TODO: import PATO" , "b739" , "http://www.w3.org/2002/07/owl#someValuesFrom" , "http://purl.obolibrary.org/obo/ENVO_02500018" ,
 "Can be linked to a solutional environmental process and acidic groundwater." , "b740" , "http://www.w3.org/2002/07/owl#someValuesFrom" , "http://purl.obolibrary.org/obo/ENVO_01000359" ,
 "Can be linked to a solutional environmental process and acidic groundwater." , "http://purl.obolibrary.org/obo/ENVO_01000359" , "http://www.w3.org/2000/01/rdf-schema#subClassOf" , "http://purl.obolibrary.org/obo/ENVO_01000360" ,
 "Can be linked to a solutional environmental process and acidic groundwater." , "b741" , "http://www.w3.org/2002/07/owl#annotatedSource" , "http://purl.obolibrary.org/obo/ENVO_01000360" ,
 " An observation is an assertion that an entity (e.g., biological organisms, geographic locations, or environmental features, among others) was observed by an observer. An observation primarily serves to group a set of measurements together into a single "observation event". Observations are often made within a broader context. The context of an observation is given by other observations, implying that an observed entity (and specifically each corresponding measurement) contextualizes another observed entity (and its corresponding measurements). For example, an observation associated with a location may serve as context for an observation associated with an organism. In this case, the observed characteristic values of the location (such as humidity) are assumed constant for the corresponding measurements of the organism." , "http://ecoinformatics.org/oboe/oboe.1.2/oboe-core.owl#Characteristic" , "http://www.w3.org/2002/07/owl#disjointWith" , "http://ecoinformatics.org/oboe/oboe.1.2/oboe-core.owl#Observation" ,
 " An observation is an assertion that an entity (e.g., biological organisms, geographic locations, or environmental features, among others) was observed by an observer. An observation primarily serves to group a set of measurements together into a single "observation event". Observations are often made within a broader context. The context of an observation is given by other observations, implying that an observed entity (and specifically each corresponding measurement) contextualizes another observed entity (and its corresponding measurements). For example, an observation associated with a location may serve as context for an observation associated with an organism. In this case, the observed characteristic values of the location (such as humidity) are assumed constant for the corresponding measurements of the organism." , "http://ecoinformatics.org/oboe/oboe.1.2/oboe-core.owl#Entity" , "http://www.w3.org/2002/07/owl#disjointWith" , "http://ecoinformatics.org/oboe/oboe.1.2/oboe-core.owl#Observation" ,
 " An observation is an assertion that an entity (e.g., biological organisms, geographic locations, or environmental features, among others) was observed by an observer. An observation primarily serves to group a set of measurements together into a single "observation event". Observations are often made within a broader context. The context of an observation is given by other observations, implying that an observed entity (and specifically each corresponding measurement) contextualizes another observed entity (and its corresponding measurements). For example, an observation associated with a location may serve as context for an observation associated with an organism. In this case, the observed characteristic values of the location (such as humidity) are assumed constant for the corresponding measurements of the organism." , "http://ecoinformatics.org/oboe/oboe.1.2/oboe-core.owl#entityRelated" , "http://www.w3.org/2000/01/rdf-schema#domain" , "http://ecoinformatics.org/oboe/oboe.1.2/oboe-core.owl#Observation" ,
 " An observation is an assertion that an entity (e.g., biological organisms, geographic locations, or environmental features, among others) was observed by an observer. An observation primarily serves to group a set of measurements together into a single "observation event". Observations are often made within a broader context. The context of an observation is given by other observations, implying that an observed entity (and specifically each corresponding measurement) contextualizes another observed entity (and its corresponding measurements). For example, an observation associated with a location may serve as context for an observation associated with an organism. In this case, the observed characteristic values of the location (such as humidity) are assumed constant for the corresponding measurements of the organism." , "http://ecoinformatics.org/oboe/oboe.1.2/oboe-core.owl#entityRelated" , "http://www.w3.org/2000/01/rdf-schema#range" , "http://ecoinformatics.org/oboe/oboe.1.2/oboe-core.owl#Observation" ,
 " An observation is an assertion that an entity (e.g., biological organisms, geographic locations, or environmental features, among others) was observed by an observer. An observation primarily serves to group a set of measurements together into a single "observation event". Observations are often made within a broader context. The context of an observation is given by other observations, implying that an observed entity (and specifically each corresponding measurement) contextualizes another observed entity (and its corresponding measurements). For example, an observation associated with a location may serve as context for an observation associated with an organism. In this case, the observed characteristic values of the location (such as humidity) are assumed constant for the corresponding measurements of the organism." , "http://ecoinformatics.org/oboe/oboe.1.2/oboe-core.owl#hasContext" , "http://www.w3.org/2000/01/rdf-schema#domain" , "http://ecoinformatics.org/oboe/oboe.1.2/oboe-core.owl#Observation" ,
 " An observation is an assertion that an entity (e.g., biological organisms, geographic locations, or environmental features, among others) was observed by an observer. An observation primarily serves to group a set of measurements together into a single "observation event". Observations are often made within a broader context. The context of an observation is given by other observations, implying that an observed entity (and specifically each corresponding measurement) contextualizes another observed entity (and its corresponding measurements). For example, an observation associated with a location may serve as context for an observation associated with an organism. In this case, the observed characteristic values of the location (such as humidity) are assumed constant for the corresponding measurements of the organism." , "http://ecoinformatics.org/oboe/oboe.1.2/oboe-core.owl#hasContext" , "http://www.w3.org/2000/01/rdf-schema#range" , "http://ecoinformatics.org/oboe/oboe.1.2/oboe-core.owl#Observation" ,
 " An observation is an assertion that an entity (e.g., biological organisms, geographic locations, or environmental features, among others) was observed by an observer. An observation primarily serves to group a set of measurements together into a single "observation event". Observations are often made within a broader context. The context of an observation is given by other observations, implying that an observed entity (and specifically each corresponding measurement) contextualizes another observed entity (and its corresponding measurements). For example, an observation associated with a location may serve as context for an observation associated with an organism. In this case, the observed characteristic values of the location (such as humidity) are assumed constant for the corresponding measurements of the organism." , "http://ecoinformatics.org/oboe/oboe.1.2/oboe-core.owl#hasMeasurement" , "http://www.w3.org/2000/01/rdf-schema#domain" , "http://ecoinformatics.org/oboe/oboe.1.2/oboe-core.owl#Observation" ,
 " An observation is an assertion that an entity (e.g., biological organisms, geographic locations, or environmental features, among others) was observed by an observer. An observation primarily serves to group a set of measurements together into a single "observation event". Observations are often made within a broader context. The context of an observation is given by other observations, implying that an observed entity (and specifically each corresponding measurement) contextualizes another observed entity (and its corresponding measurements). For example, an observation associated with a location may serve as context for an observation associated with an organism. In this case, the observed characteristic values of the location (such as humidity) are assumed constant for the corresponding measurements of the organism." , "http://ecoinformatics.org/oboe/oboe.1.2/oboe-core.owl#measurementFor" , "http://www.w3.org/2000/01/rdf-schema#range" , "http://ecoinformatics.org/oboe/oboe.1.2/oboe-core.owl#Observation" ,
 " An observation is an assertion that an entity (e.g., biological organisms, geographic locations, or environmental features, among others) was observed by an observer. An observation primarily serves to group a set of measurements together into a single "observation event". Observations are often made within a broader context. The context of an observation is given by other observations, implying that an observed entity (and specifically each corresponding measurement) contextualizes another observed entity (and its corresponding measurements). For example, an observation associated with a location may serve as context for an observation associated with an organism. In this case, the observed characteristic values of the location (such as humidity) are assumed constant for the corresponding measurements of the organism." , "http://ecoinformatics.org/oboe/oboe.1.2/oboe-core.owl#Measurement" , "http://www.w3.org/2002/07/owl#disjointWith" , "http://ecoinformatics.org/oboe/oboe.1.2/oboe-core.owl#Observation" ,
 " An observation is an assertion that an entity (e.g., biological organisms, geographic locations, or environmental features, among others) was observed by an observer. An observation primarily serves to group a set of measurements together into a single "observation event". Observations are often made within a broader context. The context of an observation is given by other observations, implying that an observed entity (and specifically each corresponding measurement) contextualizes another observed entity (and its corresponding measurements). For example, an observation associated with a location may serve as context for an observation associated with an organism. In this case, the observed characteristic values of the location (such as humidity) are assumed constant for the corresponding measurements of the organism." , "http://ecoinformatics.org/oboe/oboe.1.2/oboe-core.owl#hasMember" , "http://www.w3.org/2000/01/rdf-schema#range" , "http://ecoinformatics.org/oboe/oboe.1.2/oboe-core.owl#Observation" ,
 " An observation is an assertion that an entity (e.g., biological organisms, geographic locations, or environmental features, among others) was observed by an observer. An observation primarily serves to group a set of measurements together into a single "observation event". Observations are often made within a broader context. The context of an observation is given by other observations, implying that an observed entity (and specifically each corresponding measurement) contextualizes another observed entity (and its corresponding measurements). For example, an observation associated with a location may serve as context for an observation associated with an organism. In this case, the observed characteristic values of the location (such as humidity) are assumed constant for the corresponding measurements of the organism." , "http://ecoinformatics.org/oboe/oboe.1.2/oboe-core.owl#CharacteristicQualifier" , "http://www.w3.org/2002/07/owl#disjointWith" , "http://ecoinformatics.org/oboe/oboe.1.2/oboe-core.owl#Observation" ,
 " An observation is an assertion that an entity (e.g., biological organisms, geographic locations, or environmental features, among others) was observed by an observer. An observation primarily serves to group a set of measurements together into a single "observation event". Observations are often made within a broader context. The context of an observation is given by other observations, implying that an observed entity (and specifically each corresponding measurement) contextualizes another observed entity (and its corresponding measurements). For example, an observation associated with a location may serve as context for an observation associated with an organism. In this case, the observed characteristic values of the location (such as humidity) are assumed constant for the corresponding measurements of the organism." , "http://ecoinformatics.org/oboe/oboe.1.2/oboe-core.owl#hasObservedRelation" , "http://www.w3.org/2000/01/rdf-schema#domain" , "http://ecoinformatics.org/oboe/oboe.1.2/oboe-core.owl#Observation" ,
 " An observation is an assertion that an entity (e.g., biological organisms, geographic locations, or environmental features, among others) was observed by an observer. An observation primarily serves to group a set of measurements together into a single "observation event". Observations are often made within a broader context. The context of an observation is given by other observations, implying that an observed entity (and specifically each corresponding measurement) contextualizes another observed entity (and its corresponding measurements). For example, an observation associated with a location may serve as context for an observation associated with an organism. In this case, the observed characteristic values of the location (such as humidity) are assumed constant for the corresponding measurements of the organism." , "http://ecoinformatics.org/oboe/oboe.1.2/oboe-core.owl#MeasuredValue" , "http://www.w3.org/2002/07/owl#disjointWith" , "http://ecoinformatics.org/oboe/oboe.1.2/oboe-core.owl#Observation" ,
 " An observation is an assertion that an entity (e.g., biological organisms, geographic locations, or environmental features, among others) was observed by an observer. An observation primarily serves to group a set of measurements together into a single "observation event". Observations are often made within a broader context. The context of an observation is given by other observations, implying that an observed entity (and specifically each corresponding measurement) contextualizes another observed entity (and its corresponding measurements). For example, an observation associated with a location may serve as context for an observation associated with an organism. In this case, the observed characteristic values of the location (such as humidity) are assumed constant for the corresponding measurements of the organism." , "http://ecoinformatics.org/oboe/oboe.1.2/oboe-core.owl#MeasurementType" , "http://www.w3.org/2002/07/owl#disjointWith" , "http://ecoinformatics.org/oboe/oboe.1.2/oboe-core.owl#Observation" ,
 " An observation is an assertion that an entity (e.g., biological organisms, geographic locations, or environmental features, among others) was observed by an observer. An observation primarily serves to group a set of measurements together into a single "observation event". Observations are often made within a broader context. The context of an observation is given by other observations, implying that an observed entity (and specifically each corresponding measurement) contextualizes another observed entity (and its corresponding measurements). For example, an observation associated with a location may serve as context for an observation associated with an organism. In this case, the observed characteristic values of the location (such as humidity) are assumed constant for the corresponding measurements of the organism." , "http://ecoinformatics.org/oboe/oboe.1.2/oboe-core.owl#ofEntity" , "http://www.w3.org/2000/01/rdf-schema#domain" , "http://ecoinformatics.org/oboe/oboe.1.2/oboe-core.owl#Observation" ,
 " An observation is an assertion that an entity (e.g., biological organisms, geographic locations, or environmental features, among others) was observed by an observer. An observation primarily serves to group a set of measurements together into a single "observation event". Observations are often made within a broader context. The context of an observation is given by other observations, implying that an observed entity (and specifically each corresponding measurement) contextualizes another observed entity (and its corresponding measurements). For example, an observation associated with a location may serve as context for an observation associated with an organism. In this case, the observed characteristic values of the location (such as humidity) are assumed constant for the corresponding measurements of the organism." , "b742" , "http://www.w3.org/2002/07/owl#onClass" , "http://ecoinformatics.org/oboe/oboe.1.2/oboe-core.owl#Observation" ,
 "'In engineering terms, soil is referred to as regolith, or loose rock material that lies above the 'solid geology'. Soil is commonly referred to as "earth" or "dirt"; technically, the term "dirt" should be restricted to displaced soil.' https://en.wikipedia.org/wiki/Soil

" The upper limit of soil is the boundary between soil and air, shallow water, live plants, or plant materials that have not begun to decompose. Areas are not considered to have soil if the surface is permanently covered by water too deep (typically more than 2.5 meters) for the growth of rooted plants.

The lower boundary that separates soil from the nonsoil underneath is most difficult to define. Soil consists of horizons near the Earth's surface that, in contrast to the underlying parent material, have been altered by the interactions of climate, relief, and living organisms over time. Commonly, soil grades at its lower boundary to hard rock or to earthy materials virtually devoid of animals, roots, or other marks of biological activity. For purposes of classification, the lower boundary of soil is arbitrarily set at 200 cm."  Soil taxonomy, 2nd Ed., quoted in http://www.nrcs.usda.gov/wps/portal/nrcs/detail/soils/edu/?cid=nrcs142p2_054280" , "http://purl.obolibrary.org/obo/ENVO_00005774" , "http://www.w3.org/2000/01/rdf-schema#subClassOf" , "http://purl.obolibrary.org/obo/ENVO_00001998" ,
 "'In engineering terms, soil is referred to as regolith, or loose rock material that lies above the 'solid geology'. Soil is commonly referred to as "earth" or "dirt"; technically, the term "dirt" should be restricted to displaced soil.' https://en.wikipedia.org/wiki/Soil

" The upper limit of soil is the boundary between soil and air, shallow water, live plants, or plant materials that have not begun to decompose. Areas are not considered to have soil if the surface is permanently covered by water too deep (typically more than 2.5 meters) for the growth of rooted plants.

The lower boundary that separates soil from the nonsoil underneath is most difficult to define. Soil consists of horizons near the Earth's surface that, in contrast to the underlying parent material, have been altered by the interactions of climate, relief, and living organisms over time. Commonly, soil grades at its lower boundary to hard rock or to earthy materials virtually devoid of animals, roots, or other marks of biological activity. For purposes of classification, the lower boundary of soil is arbitrarily set at 200 cm."  Soil taxonomy, 2nd Ed., quoted in http://www.nrcs.usda.gov/wps/portal/nrcs/detail/soils/edu/?cid=nrcs142p2_054280" , "http://purl.obolibrary.org/obo/ENVO_00000134" , "http://www.w3.org/2000/01/rdf-schema#subClassOf" , "http://purl.obolibrary.org/obo/ENVO_00001998" ,
 "'In engineering terms, soil is referred to as regolith, or loose rock material that lies above the 'solid geology'. Soil is commonly referred to as "earth" or "dirt"; technically, the term "dirt" should be restricted to displaced soil.' https://en.wikipedia.org/wiki/Soil

" The upper limit of soil is the boundary between soil and air, shallow water, live plants, or plant materials that have not begun to decompose. Areas are not considered to have soil if the surface is permanently covered by water too deep (typically more than 2.5 meters) for the growth of rooted plants.

The lower boundary that separates soil from the nonsoil underneath is most difficult to define. Soil consists of horizons near the Earth's surface that, in contrast to the underlying parent material, have been altered by the interactions of climate, relief, and living organisms over time. Commonly, soil grades at its lower boundary to hard rock or to earthy materials virtually devoid of animals, roots, or other marks of biological activity. For purposes of classification, the lower boundary of soil is arbitrarily set at 200 cm."  Soil taxonomy, 2nd Ed., quoted in http://www.nrcs.usda.gov/wps/portal/nrcs/detail/soils/edu/?cid=nrcs142p2_054280" , "http://purl.obolibrary.org/obo/ENVO_00002871" , "http://www.w3.org/2000/01/rdf-schema#subClassOf" , "http://purl.obolibrary.org/obo/ENVO_00001998" ,
 "'In engineering terms, soil is referred to as regolith, or loose rock material that lies above the 'solid geology'. Soil is commonly referred to as "earth" or "dirt"; technically, the term "dirt" should be restricted to displaced soil.' https://en.wikipedia.org/wiki/Soil

" The upper limit of soil is the boundary between soil and air, shallow water, live plants, or plant materials that have not begun to decompose. Areas are not considered to have soil if the surface is permanently covered by water too deep (typically more than 2.5 meters) for the growth of rooted plants.

The lower boundary that separates soil from the nonsoil underneath is most difficult to define. Soil consists of horizons near the Earth's surface that, in contrast to the underlying parent material, have been altered by the interactions of climate, relief, and living organisms over time. Commonly, soil grades at its lower boundary to hard rock or to earthy materials virtually devoid of animals, roots, or other marks of biological activity. For purposes of classification, the lower boundary of soil is arbitrarily set at 200 cm."  Soil taxonomy, 2nd Ed., quoted in http://www.nrcs.usda.gov/wps/portal/nrcs/detail/soils/edu/?cid=nrcs142p2_054280" , "b651" , "http://www.w3.org/2002/07/owl#someValuesFrom" , "http://purl.obolibrary.org/obo/ENVO_00001998" ,
 "'In engineering terms, soil is referred to as regolith, or loose rock material that lies above the 'solid geology'. Soil is commonly referred to as "earth" or "dirt"; technically, the term "dirt" should be restricted to displaced soil.' https://en.wikipedia.org/wiki/Soil

" The upper limit of soil is the boundary between soil and air, shallow water, live plants, or plant materials that have not begun to decompose. Areas are not considered to have soil if the surface is permanently covered by water too deep (typically more than 2.5 meters) for the growth of rooted plants.

The lower boundary that separates soil from the nonsoil underneath is most difficult to define. Soil consists of horizons near the Earth's surface that, in contrast to the underlying parent material, have been altered by the interactions of climate, relief, and living organisms over time. Commonly, soil grades at its lower boundary to hard rock or to earthy materials virtually devoid of animals, roots, or other marks of biological activity. For purposes of classification, the lower boundary of soil is arbitrarily set at 200 cm."  Soil taxonomy, 2nd Ed., quoted in http://www.nrcs.usda.gov/wps/portal/nrcs/detail/soils/edu/?cid=nrcs142p2_054280" , "b652" , "http://www.w3.org/1999/02/22-rdf-syntax-ns#first" , "http://purl.obolibrary.org/obo/ENVO_00001998" ,
 "'In engineering terms, soil is referred to as regolith, or loose rock material that lies above the 'solid geology'. Soil is commonly referred to as "earth" or "dirt"; technically, the term "dirt" should be restricted to displaced soil.' https://en.wikipedia.org/wiki/Soil

" The upper limit of soil is the boundary between soil and air, shallow water, live plants, or plant materials that have not begun to decompose. Areas are not considered to have soil if the surface is permanently covered by water too deep (typically more than 2.5 meters) for the growth of rooted plants.

The lower boundary that separates soil from the nonsoil underneath is most difficult to define. Soil consists of horizons near the Earth's surface that, in contrast to the underlying parent material, have been altered by the interactions of climate, relief, and living organisms over time. Commonly, soil grades at its lower boundary to hard rock or to earthy materials virtually devoid of animals, roots, or other marks of biological activity. For purposes of classification, the lower boundary of soil is arbitrarily set at 200 cm."  Soil taxonomy, 2nd Ed., quoted in http://www.nrcs.usda.gov/wps/portal/nrcs/detail/soils/edu/?cid=nrcs142p2_054280" , "b653" , "http://www.w3.org/2002/07/owl#annotatedSource" , "http://purl.obolibrary.org/obo/ENVO_00001998" ,
 "'In engineering terms, soil is referred to as regolith, or loose rock material that lies above the 'solid geology'. Soil is commonly referred to as "earth" or "dirt"; technically, the term "dirt" should be restricted to displaced soil.' https://en.wikipedia.org/wiki/Soil

" The upper limit of soil is the boundary between soil and air, shallow water, live plants, or plant materials that have not begun to decompose. Areas are not considered to have soil if the surface is permanently covered by water too deep (typically more than 2.5 meters) for the growth of rooted plants.

The lower boundary that separates soil from the nonsoil underneath is most difficult to define. Soil consists of horizons near the Earth's surface that, in contrast to the underlying parent material, have been altered by the interactions of climate, relief, and living organisms over time. Commonly, soil grades at its lower boundary to hard rock or to earthy materials virtually devoid of animals, roots, or other marks of biological activity. For purposes of classification, the lower boundary of soil is arbitrarily set at 200 cm."  Soil taxonomy, 2nd Ed., quoted in http://www.nrcs.usda.gov/wps/portal/nrcs/detail/soils/edu/?cid=nrcs142p2_054280" , "http://purl.obolibrary.org/obo/ENVO_00003082" , "http://www.w3.org/2000/01/rdf-schema#subClassOf" , "http://purl.obolibrary.org/obo/ENVO_00001998" ,
 "'In engineering terms, soil is referred to as regolith, or loose rock material that lies above the 'solid geology'. Soil is commonly referred to as "earth" or "dirt"; technically, the term "dirt" should be restricted to displaced soil.' https://en.wikipedia.org/wiki/Soil

" The upper limit of soil is the boundary between soil and air, shallow water, live plants, or plant materials that have not begun to decompose. Areas are not considered to have soil if the surface is permanently covered by water too deep (typically more than 2.5 meters) for the growth of rooted plants.

The lower boundary that separates soil from the nonsoil underneath is most difficult to define. Soil consists of horizons near the Earth's surface that, in contrast to the underlying parent material, have been altered by the interactions of climate, relief, and living organisms over time. Commonly, soil grades at its lower boundary to hard rock or to earthy materials virtually devoid of animals, roots, or other marks of biological activity. For purposes of classification, the lower boundary of soil is arbitrarily set at 200 cm."  Soil taxonomy, 2nd Ed., quoted in http://www.nrcs.usda.gov/wps/portal/nrcs/detail/soils/edu/?cid=nrcs142p2_054280" , "http://purl.obolibrary.org/obo/ENVO_00002229" , "http://www.w3.org/2000/01/rdf-schema#subClassOf" , "http://purl.obolibrary.org/obo/ENVO_00001998" ,
 "'In engineering terms, soil is referred to as regolith, or loose rock material that lies above the 'solid geology'. Soil is commonly referred to as "earth" or "dirt"; technically, the term "dirt" should be restricted to displaced soil.' https://en.wikipedia.org/wiki/Soil

" The upper limit of soil is the boundary between soil and air, shallow water, live plants, or plant materials that have not begun to decompose. Areas are not considered to have soil if the surface is permanently covered by water too deep (typically more than 2.5 meters) for the growth of rooted plants.

The lower boundary that separates soil from the nonsoil underneath is most difficult to define. Soil consists of horizons near the Earth's surface that, in contrast to the underlying parent material, have been altered by the interactions of climate, relief, and living organisms over time. Commonly, soil grades at its lower boundary to hard rock or to earthy materials virtually devoid of animals, roots, or other marks of biological activity. For purposes of classification, the lower boundary of soil is arbitrarily set at 200 cm."  Soil taxonomy, 2nd Ed., quoted in http://www.nrcs.usda.gov/wps/portal/nrcs/detail/soils/edu/?cid=nrcs142p2_054280" , "http://purl.obolibrary.org/obo/ENVO_00002230" , "http://www.w3.org/2000/01/rdf-schema#subClassOf" , "http://purl.obolibrary.org/obo/ENVO_00001998" ,
 "'In engineering terms, soil is referred to as regolith, or loose rock material that lies above the 'solid geology'. Soil is commonly referred to as "earth" or "dirt"; technically, the term "dirt" should be restricted to displaced soil.' https://en.wikipedia.org/wiki/Soil

" The upper limit of soil is the boundary between soil and air, shallow water, live plants, or plant materials that have not begun to decompose. Areas are not considered to have soil if the surface is permanently covered by water too deep (typically more than 2.5 meters) for the growth of rooted plants.

The lower boundary that separates soil from the nonsoil underneath is most difficult to define. Soil consists of horizons near the Earth's surface that, in contrast to the underlying parent material, have been altered by the interactions of climate, relief, and living organisms over time. Commonly, soil grades at its lower boundary to hard rock or to earthy materials virtually devoid of animals, roots, or other marks of biological activity. For purposes of classification, the lower boundary of soil is arbitrarily set at 200 cm."  Soil taxonomy, 2nd Ed., quoted in http://www.nrcs.usda.gov/wps/portal/nrcs/detail/soils/edu/?cid=nrcs142p2_054280" , "http://purl.obolibrary.org/obo/ENVO_00002231" , "http://www.w3.org/2000/01/rdf-schema#subClassOf" , "http://purl.obolibrary.org/obo/ENVO_00001998" ,
 "'In engineering terms, soil is referred to as regolith, or loose rock material that lies above the 'solid geology'. Soil is commonly referred to as "earth" or "dirt"; technically, the term "dirt" should be restricted to displaced soil.' https://en.wikipedia.org/wiki/Soil

" The upper limit of soil is the boundary between soil and air, shallow water, live plants, or plant materials that have not begun to decompose. Areas are not considered to have soil if the surface is permanently covered by water too deep (typically more than 2.5 meters) for the growth of rooted plants.

The lower boundary that separates soil from the nonsoil underneath is most difficult to define. Soil consists of horizons near the Earth's surface that, in contrast to the underlying parent material, have been altered by the interactions of climate, relief, and living organisms over time. Commonly, soil grades at its lower boundary to hard rock or to earthy materials virtually devoid of animals, roots, or other marks of biological activity. For purposes of classification, the lower boundary of soil is arbitrarily set at 200 cm."  Soil taxonomy, 2nd Ed., quoted in http://www.nrcs.usda.gov/wps/portal/nrcs/detail/soils/edu/?cid=nrcs142p2_054280" , "http://purl.obolibrary.org/obo/ENVO_00002232" , "http://www.w3.org/2000/01/rdf-schema#subClassOf" , "http://purl.obolibrary.org/obo/ENVO_00001998" ,
 "'In engineering terms, soil is referred to as regolith, or loose rock material that lies above the 'solid geology'. Soil is commonly referred to as "earth" or "dirt"; technically, the term "dirt" should be restricted to displaced soil.' https://en.wikipedia.org/wiki/Soil

" The upper limit of soil is the boundary between soil and air, shallow water, live plants, or plant materials that have not begun to decompose. Areas are not considered to have soil if the surface is permanently covered by water too deep (typically more than 2.5 meters) for the growth of rooted plants.

The lower boundary that separates soil from the nonsoil underneath is most difficult to define. Soil consists of horizons near the Earth's surface that, in contrast to the underlying parent material, have been altered by the interactions of climate, relief, and living organisms over time. Commonly, soil grades at its lower boundary to hard rock or to earthy materials virtually devoid of animals, roots, or other marks of biological activity. For purposes of classification, the lower boundary of soil is arbitrarily set at 200 cm."  Soil taxonomy, 2nd Ed., quoted in http://www.nrcs.usda.gov/wps/portal/nrcs/detail/soils/edu/?cid=nrcs142p2_054280" , "http://purl.obolibrary.org/obo/ENVO_00002233" , "http://www.w3.org/2000/01/rdf-schema#subClassOf" , "http://purl.obolibrary.org/obo/ENVO_00001998" ,
 "'In engineering terms, soil is referred to as regolith, or loose rock material that lies above the 'solid geology'. Soil is commonly referred to as "earth" or "dirt"; technically, the term "dirt" should be restricted to displaced soil.' https://en.wikipedia.org/wiki/Soil

" The upper limit of soil is the boundary between soil and air, shallow water, live plants, or plant materials that have not begun to decompose. Areas are not considered to have soil if the surface is permanently covered by water too deep (typically more than 2.5 meters) for the growth of rooted plants.

The lower boundary that separates soil from the nonsoil underneath is most difficult to define. Soil consists of horizons near the Earth's surface that, in contrast to the underlying parent material, have been altered by the interactions of climate, relief, and living organisms over time. Commonly, soil grades at its lower boundary to hard rock or to earthy materials virtually devoid of animals, roots, or other marks of biological activity. For purposes of classification, the lower boundary of soil is arbitrarily set at 200 cm."  Soil taxonomy, 2nd Ed., quoted in http://www.nrcs.usda.gov/wps/portal/nrcs/detail/soils/edu/?cid=nrcs142p2_054280" , "http://purl.obolibrary.org/obo/ENVO_00002234" , "http://www.w3.org/2000/01/rdf-schema#subClassOf" , "http://purl.obolibrary.org/obo/ENVO_00001998" ,
 "'In engineering terms, soil is referred to as regolith, or loose rock material that lies above the 'solid geology'. Soil is commonly referred to as "earth" or "dirt"; technically, the term "dirt" should be restricted to displaced soil.' https://en.wikipedia.org/wiki/Soil

" The upper limit of soil is the boundary between soil and air, shallow water, live plants, or plant materials that have not begun to decompose. Areas are not considered to have soil if the surface is permanently covered by water too deep (typically more than 2.5 meters) for the growth of rooted plants.

The lower boundary that separates soil from the nonsoil underneath is most difficult to define. Soil consists of horizons near the Earth's surface that, in contrast to the underlying parent material, have been altered by the interactions of climate, relief, and living organisms over time. Commonly, soil grades at its lower boundary to hard rock or to earthy materials virtually devoid of animals, roots, or other marks of biological activity. For purposes of classification, the lower boundary of soil is arbitrarily set at 200 cm."  Soil taxonomy, 2nd Ed., quoted in http://www.nrcs.usda.gov/wps/portal/nrcs/detail/soils/edu/?cid=nrcs142p2_054280" , "http://purl.obolibrary.org/obo/ENVO_00002235" , "http://www.w3.org/2000/01/rdf-schema#subClassOf" , "http://purl.obolibrary.org/obo/ENVO_00001998" ,
 "'In engineering terms, soil is referred to as regolith, or loose rock material that lies above the 'solid geology'. Soil is commonly referred to as "earth" or "dirt"; technically, the term "dirt" should be restricted to displaced soil.' https://en.wikipedia.org/wiki/Soil

" The upper limit of soil is the boundary between soil and air, shallow water, live plants, or plant materials that have not begun to decompose. Areas are not considered to have soil if the surface is permanently covered by water too deep (typically more than 2.5 meters) for the growth of rooted plants.

The lower boundary that separates soil from the nonsoil underneath is most difficult to define. Soil consists of horizons near the Earth's surface that, in contrast to the underlying parent material, have been altered by the interactions of climate, relief, and living organisms over time. Commonly, soil grades at its lower boundary to hard rock or to earthy materials virtually devoid of animals, roots, or other marks of biological activity. For purposes of classification, the lower boundary of soil is arbitrarily set at 200 cm."  Soil taxonomy, 2nd Ed., quoted in http://www.nrcs.usda.gov/wps/portal/nrcs/detail/soils/edu/?cid=nrcs142p2_054280" , "http://purl.obolibrary.org/obo/ENVO_00002236" , "http://www.w3.org/2000/01/rdf-schema#subClassOf" , "http://purl.obolibrary.org/obo/ENVO_00001998" ,
 "'In engineering terms, soil is referred to as regolith, or loose rock material that lies above the 'solid geology'. Soil is commonly referred to as "earth" or "dirt"; technically, the term "dirt" should be restricted to displaced soil.' https://en.wikipedia.org/wiki/Soil

" The upper limit of soil is the boundary between soil and air, shallow water, live plants, or plant materials that have not begun to decompose. Areas are not considered to have soil if the surface is permanently covered by water too deep (typically more than 2.5 meters) for the growth of rooted plants.

The lower boundary that separates soil from the nonsoil underneath is most difficult to define. Soil consists of horizons near the Earth's surface that, in contrast to the underlying parent material, have been altered by the interactions of climate, relief, and living organisms over time. Commonly, soil grades at its lower boundary to hard rock or to earthy materials virtually devoid of animals, roots, or other marks of biological activity. For purposes of classification, the lower boundary of soil is arbitrarily set at 200 cm."  Soil taxonomy, 2nd Ed., quoted in http://www.nrcs.usda.gov/wps/portal/nrcs/detail/soils/edu/?cid=nrcs142p2_054280" , "http://purl.obolibrary.org/obo/ENVO_00002237" , "http://www.w3.org/2000/01/rdf-schema#subClassOf" , "http://purl.obolibrary.org/obo/ENVO_00001998" ,
 "'In engineering terms, soil is referred to as regolith, or loose rock material that lies above the 'solid geology'. Soil is commonly referred to as "earth" or "dirt"; technically, the term "dirt" should be restricted to displaced soil.' https://en.wikipedia.org/wiki/Soil

" The upper limit of soil is the boundary between soil and air, shallow water, live plants, or plant materials that have not begun to decompose. Areas are not considered to have soil if the surface is permanently covered by water too deep (typically more than 2.5 meters) for the growth of rooted plants.

The lower boundary that separates soil from the nonsoil underneath is most difficult to define. Soil consists of horizons near the Earth's surface that, in contrast to the underlying parent material, have been altered by the interactions of climate, relief, and living organisms over time. Commonly, soil grades at its lower boundary to hard rock or to earthy materials virtually devoid of animals, roots, or other marks of biological activity. For purposes of classification, the lower boundary of soil is arbitrarily set at 200 cm."  Soil taxonomy, 2nd Ed., quoted in http://www.nrcs.usda.gov/wps/portal/nrcs/detail/soils/edu/?cid=nrcs142p2_054280" , "http://purl.obolibrary.org/obo/ENVO_00002238" , "http://www.w3.org/2000/01/rdf-schema#subClassOf" , "http://purl.obolibrary.org/obo/ENVO_00001998" ,
 "'In engineering terms, soil is referred to as regolith, or loose rock material that lies above the 'solid geology'. Soil is commonly referred to as "earth" or "dirt"; technically, the term "dirt" should be restricted to displaced soil.' https://en.wikipedia.org/wiki/Soil

" The upper limit of soil is the boundary between soil and air, shallow water, live plants, or plant materials that have not begun to decompose. Areas are not considered to have soil if the surface is permanently covered by water too deep (typically more than 2.5 meters) for the growth of rooted plants.

The lower boundary that separates soil from the nonsoil underneath is most difficult to define. Soil consists of horizons near the Earth's surface that, in contrast to the underlying parent material, have been altered by the interactions of climate, relief, and living organisms over time. Commonly, soil grades at its lower boundary to hard rock or to earthy materials virtually devoid of animals, roots, or other marks of biological activity. For purposes of classification, the lower boundary of soil is arbitrarily set at 200 cm."  Soil taxonomy, 2nd Ed., quoted in http://www.nrcs.usda.gov/wps/portal/nrcs/detail/soils/edu/?cid=nrcs142p2_054280" , "http://purl.obolibrary.org/obo/ENVO_00002239" , "http://www.w3.org/2000/01/rdf-schema#subClassOf" , "http://purl.obolibrary.org/obo/ENVO_00001998" ,
 "'In engineering terms, soil is referred to as regolith, or loose rock material that lies above the 'solid geology'. Soil is commonly referred to as "earth" or "dirt"; technically, the term "dirt" should be restricted to displaced soil.' https://en.wikipedia.org/wiki/Soil

" The upper limit of soil is the boundary between soil and air, shallow water, live plants, or plant materials that have not begun to decompose. Areas are not considered to have soil if the surface is permanently covered by water too deep (typically more than 2.5 meters) for the growth of rooted plants.

The lower boundary that separates soil from the nonsoil underneath is most difficult to define. Soil consists of horizons near the Earth's surface that, in contrast to the underlying parent material, have been altered by the interactions of climate, relief, and living organisms over time. Commonly, soil grades at its lower boundary to hard rock or to earthy materials virtually devoid of animals, roots, or other marks of biological activity. For purposes of classification, the lower boundary of soil is arbitrarily set at 200 cm."  Soil taxonomy, 2nd Ed., quoted in http://www.nrcs.usda.gov/wps/portal/nrcs/detail/soils/edu/?cid=nrcs142p2_054280" , "http://purl.obolibrary.org/obo/ENVO_00002240" , "http://www.w3.org/2000/01/rdf-schema#subClassOf" , "http://purl.obolibrary.org/obo/ENVO_00001998" ,
 "'In engineering terms, soil is referred to as regolith, or loose rock material that lies above the 'solid geology'. Soil is commonly referred to as "earth" or "dirt"; technically, the term "dirt" should be restricted to displaced soil.' https://en.wikipedia.org/wiki/Soil

" The upper limit of soil is the boundary between soil and air, shallow water, live plants, or plant materials that have not begun to decompose. Areas are not considered to have soil if the surface is permanently covered by water too deep (typically more than 2.5 meters) for the growth of rooted plants.

The lower boundary that separates soil from the nonsoil underneath is most difficult to define. Soil consists of horizons near the Earth's surface that, in contrast to the underlying parent material, have been altered by the interactions of climate, relief, and living organisms over time. Commonly, soil grades at its lower boundary to hard rock or to earthy materials virtually devoid of animals, roots, or other marks of biological activity. For purposes of classification, the lower boundary of soil is arbitrarily set at 200 cm."  Soil taxonomy, 2nd Ed., quoted in http://www.nrcs.usda.gov/wps/portal/nrcs/detail/soils/edu/?cid=nrcs142p2_054280" , "http://purl.obolibrary.org/obo/ENVO_00002241" , "http://www.w3.org/2000/01/rdf-schema#subClassOf" , "http://purl.obolibrary.org/obo/ENVO_00001998" ,
 "'In engineering terms, soil is referred to as regolith, or loose rock material that lies above the 'solid geology'. Soil is commonly referred to as "earth" or "dirt"; technically, the term "dirt" should be restricted to displaced soil.' https://en.wikipedia.org/wiki/Soil

" The upper limit of soil is the boundary between soil and air, shallow water, live plants, or plant materials that have not begun to decompose. Areas are not considered to have soil if the surface is permanently covered by water too deep (typically more than 2.5 meters) for the growth of rooted plants.

The lower boundary that separates soil from the nonsoil underneath is most difficult to define. Soil consists of horizons near the Earth's surface that, in contrast to the underlying parent material, have been altered by the interactions of climate, relief, and living organisms over time. Commonly, soil grades at its lower boundary to hard rock or to earthy materials virtually devoid of animals, roots, or other marks of biological activity. For purposes of classification, the lower boundary of soil is arbitrarily set at 200 cm."  Soil taxonomy, 2nd Ed., quoted in http://www.nrcs.usda.gov/wps/portal/nrcs/detail/soils/edu/?cid=nrcs142p2_054280" , "http://purl.obolibrary.org/obo/ENVO_00002242" , "http://www.w3.org/2000/01/rdf-schema#subClassOf" , "http://purl.obolibrary.org/obo/ENVO_00001998" ,
 "'In engineering terms, soil is referred to as regolith, or loose rock material that lies above the 'solid geology'. Soil is commonly referred to as "earth" or "dirt"; technically, the term "dirt" should be restricted to displaced soil.' https://en.wikipedia.org/wiki/Soil

" The upper limit of soil is the boundary between soil and air, shallow water, live plants, or plant materials that have not begun to decompose. Areas are not considered to have soil if the surface is permanently covered by water too deep (typically more than 2.5 meters) for the growth of rooted plants.

The lower boundary that separates soil from the nonsoil underneath is most difficult to define. Soil consists of horizons near the Earth's surface that, in contrast to the underlying parent material, have been altered by the interactions of climate, relief, and living organisms over time. Commonly, soil grades at its lower boundary to hard rock or to earthy materials virtually devoid of animals, roots, or other marks of biological activity. For purposes of classification, the lower boundary of soil is arbitrarily set at 200 cm."  Soil taxonomy, 2nd Ed., quoted in http://www.nrcs.usda.gov/wps/portal/nrcs/detail/soils/edu/?cid=nrcs142p2_054280" , "http://purl.obolibrary.org/obo/ENVO_00002243" , "http://www.w3.org/2000/01/rdf-schema#subClassOf" , "http://purl.obolibrary.org/obo/ENVO_00001998" ,
 "'In engineering terms, soil is referred to as regolith, or loose rock material that lies above the 'solid geology'. Soil is commonly referred to as "earth" or "dirt"; technically, the term "dirt" should be restricted to displaced soil.' https://en.wikipedia.org/wiki/Soil

" The upper limit of soil is the boundary between soil and air, shallow water, live plants, or plant materials that have not begun to decompose. Areas are not considered to have soil if the surface is permanently covered by water too deep (typically more than 2.5 meters) for the growth of rooted plants.

The lower boundary that separates soil from the nonsoil underneath is most difficult to define. Soil consists of horizons near the Earth's surface that, in contrast to the underlying parent material, have been altered by the interactions of climate, relief, and living organisms over time. Commonly, soil grades at its lower boundary to hard rock or to earthy materials virtually devoid of animals, roots, or other marks of biological activity. For purposes of classification, the lower boundary of soil is arbitrarily set at 200 cm."  Soil taxonomy, 2nd Ed., quoted in http://www.nrcs.usda.gov/wps/portal/nrcs/detail/soils/edu/?cid=nrcs142p2_054280" , "http://purl.obolibrary.org/obo/ENVO_00002244" , "http://www.w3.org/2000/01/rdf-schema#subClassOf" , "http://purl.obolibrary.org/obo/ENVO_00001998" ,
 "'In engineering terms, soil is referred to as regolith, or loose rock material that lies above the 'solid geology'. Soil is commonly referred to as "earth" or "dirt"; technically, the term "dirt" should be restricted to displaced soil.' https://en.wikipedia.org/wiki/Soil

" The upper limit of soil is the boundary between soil and air, shallow water, live plants, or plant materials that have not begun to decompose. Areas are not considered to have soil if the surface is permanently covered by water too deep (typically more than 2.5 meters) for the growth of rooted plants.

The lower boundary that separates soil from the nonsoil underneath is most difficult to define. Soil consists of horizons near the Earth's surface that, in contrast to the underlying parent material, have been altered by the interactions of climate, relief, and living organisms over time. Commonly, soil grades at its lower boundary to hard rock or to earthy materials virtually devoid of animals, roots, or other marks of biological activity. For purposes of classification, the lower boundary of soil is arbitrarily set at 200 cm."  Soil taxonomy, 2nd Ed., quoted in http://www.nrcs.usda.gov/wps/portal/nrcs/detail/soils/edu/?cid=nrcs142p2_054280" , "http://purl.obolibrary.org/obo/ENVO_00002245" , "http://www.w3.org/2000/01/rdf-schema#subClassOf" , "http://purl.obolibrary.org/obo/ENVO_00001998" ,
 "'In engineering terms, soil is referred to as regolith, or loose rock material that lies above the 'solid geology'. Soil is commonly referred to as "earth" or "dirt"; technically, the term "dirt" should be restricted to displaced soil.' https://en.wikipedia.org/wiki/Soil

" The upper limit of soil is the boundary between soil and air, shallow water, live plants, or plant materials that have not begun to decompose. Areas are not considered to have soil if the surface is permanently covered by water too deep (typically more than 2.5 meters) for the growth of rooted plants.

The lower boundary that separates soil from the nonsoil underneath is most difficult to define. Soil consists of horizons near the Earth's surface that, in contrast to the underlying parent material, have been altered by the interactions of climate, relief, and living organisms over time. Commonly, soil grades at its lower boundary to hard rock or to earthy materials virtually devoid of animals, roots, or other marks of biological activity. For purposes of classification, the lower boundary of soil is arbitrarily set at 200 cm."  Soil taxonomy, 2nd Ed., quoted in http://www.nrcs.usda.gov/wps/portal/nrcs/detail/soils/edu/?cid=nrcs142p2_054280" , "http://purl.obolibrary.org/obo/ENVO_00002246" , "http://www.w3.org/2000/01/rdf-schema#subClassOf" , "http://purl.obolibrary.org/obo/ENVO_00001998" ,
 "'In engineering terms, soil is referred to as regolith, or loose rock material that lies above the 'solid geology'. Soil is commonly referred to as "earth" or "dirt"; technically, the term "dirt" should be restricted to displaced soil.' https://en.wikipedia.org/wiki/Soil

" The upper limit of soil is the boundary between soil and air, shallow water, live plants, or plant materials that have not begun to decompose. Areas are not considered to have soil if the surface is permanently covered by water too deep (typically more than 2.5 meters) for the growth of rooted plants.

The lower boundary that separates soil from the nonsoil underneath is most difficult to define. Soil consists of horizons near the Earth's surface that, in contrast to the underlying parent material, have been altered by the interactions of climate, relief, and living organisms over time. Commonly, soil grades at its lower boundary to hard rock or to earthy materials virtually devoid of animals, roots, or other marks of biological activity. For purposes of classification, the lower boundary of soil is arbitrarily set at 200 cm."  Soil taxonomy, 2nd Ed., quoted in http://www.nrcs.usda.gov/wps/portal/nrcs/detail/soils/edu/?cid=nrcs142p2_054280" , "http://purl.obolibrary.org/obo/ENVO_00002247" , "http://www.w3.org/2000/01/rdf-schema#subClassOf" , "http://purl.obolibrary.org/obo/ENVO_00001998" ,
 "'In engineering terms, soil is referred to as regolith, or loose rock material that lies above the 'solid geology'. Soil is commonly referred to as "earth" or "dirt"; technically, the term "dirt" should be restricted to displaced soil.' https://en.wikipedia.org/wiki/Soil

" The upper limit of soil is the boundary between soil and air, shallow water, live plants, or plant materials that have not begun to decompose. Areas are not considered to have soil if the surface is permanently covered by water too deep (typically more than 2.5 meters) for the growth of rooted plants.

The lower boundary that separates soil from the nonsoil underneath is most difficult to define. Soil consists of horizons near the Earth's surface that, in contrast to the underlying parent material, have been altered by the interactions of climate, relief, and living organisms over time. Commonly, soil grades at its lower boundary to hard rock or to earthy materials virtually devoid of animals, roots, or other marks of biological activity. For purposes of classification, the lower boundary of soil is arbitrarily set at 200 cm."  Soil taxonomy, 2nd Ed., quoted in http://www.nrcs.usda.gov/wps/portal/nrcs/detail/soils/edu/?cid=nrcs142p2_054280" , "http://purl.obolibrary.org/obo/ENVO_00002248" , "http://www.w3.org/2000/01/rdf-schema#subClassOf" , "http://purl.obolibrary.org/obo/ENVO_00001998" ,
 "'In engineering terms, soil is referred to as regolith, or loose rock material that lies above the 'solid geology'. Soil is commonly referred to as "earth" or "dirt"; technically, the term "dirt" should be restricted to displaced soil.' https://en.wikipedia.org/wiki/Soil

" The upper limit of soil is the boundary between soil and air, shallow water, live plants, or plant materials that have not begun to decompose. Areas are not considered to have soil if the surface is permanently covered by water too deep (typically more than 2.5 meters) for the growth of rooted plants.

The lower boundary that separates soil from the nonsoil underneath is most difficult to define. Soil consists of horizons near the Earth's surface that, in contrast to the underlying parent material, have been altered by the interactions of climate, relief, and living organisms over time. Commonly, soil grades at its lower boundary to hard rock or to earthy materials virtually devoid of animals, roots, or other marks of biological activity. For purposes of classification, the lower boundary of soil is arbitrarily set at 200 cm."  Soil taxonomy, 2nd Ed., quoted in http://www.nrcs.usda.gov/wps/portal/nrcs/detail/soils/edu/?cid=nrcs142p2_054280" , "http://purl.obolibrary.org/obo/ENVO_00002249" , "http://www.w3.org/2000/01/rdf-schema#subClassOf" , "http://purl.obolibrary.org/obo/ENVO_00001998" ,
 "'In engineering terms, soil is referred to as regolith, or loose rock material that lies above the 'solid geology'. Soil is commonly referred to as "earth" or "dirt"; technically, the term "dirt" should be restricted to displaced soil.' https://en.wikipedia.org/wiki/Soil

" The upper limit of soil is the boundary between soil and air, shallow water, live plants, or plant materials that have not begun to decompose. Areas are not considered to have soil if the surface is permanently covered by water too deep (typically more than 2.5 meters) for the growth of rooted plants.

The lower boundary that separates soil from the nonsoil underneath is most difficult to define. Soil consists of horizons near the Earth's surface that, in contrast to the underlying parent material, have been altered by the interactions of climate, relief, and living organisms over time. Commonly, soil grades at its lower boundary to hard rock or to earthy materials virtually devoid of animals, roots, or other marks of biological activity. For purposes of classification, the lower boundary of soil is arbitrarily set at 200 cm."  Soil taxonomy, 2nd Ed., quoted in http://www.nrcs.usda.gov/wps/portal/nrcs/detail/soils/edu/?cid=nrcs142p2_054280" , "http://purl.obolibrary.org/obo/ENVO_00002250" , "http://www.w3.org/2000/01/rdf-schema#subClassOf" , "http://purl.obolibrary.org/obo/ENVO_00001998" ,
 "'In engineering terms, soil is referred to as regolith, or loose rock material that lies above the 'solid geology'. Soil is commonly referred to as "earth" or "dirt"; technically, the term "dirt" should be restricted to displaced soil.' https://en.wikipedia.org/wiki/Soil

" The upper limit of soil is the boundary between soil and air, shallow water, live plants, or plant materials that have not begun to decompose. Areas are not considered to have soil if the surface is permanently covered by water too deep (typically more than 2.5 meters) for the growth of rooted plants.

The lower boundary that separates soil from the nonsoil underneath is most difficult to define. Soil consists of horizons near the Earth's surface that, in contrast to the underlying parent material, have been altered by the interactions of climate, relief, and living organisms over time. Commonly, soil grades at its lower boundary to hard rock or to earthy materials virtually devoid of animals, roots, or other marks of biological activity. For purposes of classification, the lower boundary of soil is arbitrarily set at 200 cm."  Soil taxonomy, 2nd Ed., quoted in http://www.nrcs.usda.gov/wps/portal/nrcs/detail/soils/edu/?cid=nrcs142p2_054280" , "http://purl.obolibrary.org/obo/ENVO_00002251" , "http://www.w3.org/2000/01/rdf-schema#subClassOf" , "http://purl.obolibrary.org/obo/ENVO_00001998" ,
 "'In engineering terms, soil is referred to as regolith, or loose rock material that lies above the 'solid geology'. Soil is commonly referred to as "earth" or "dirt"; technically, the term "dirt" should be restricted to displaced soil.' https://en.wikipedia.org/wiki/Soil

" The upper limit of soil is the boundary between soil and air, shallow water, live plants, or plant materials that have not begun to decompose. Areas are not considered to have soil if the surface is permanently covered by water too deep (typically more than 2.5 meters) for the growth of rooted plants.

The lower boundary that separates soil from the nonsoil underneath is most difficult to define. Soil consists of horizons near the Earth's surface that, in contrast to the underlying parent material, have been altered by the interactions of climate, relief, and living organisms over time. Commonly, soil grades at its lower boundary to hard rock or to earthy materials virtually devoid of animals, roots, or other marks of biological activity. For purposes of classification, the lower boundary of soil is arbitrarily set at 200 cm."  Soil taxonomy, 2nd Ed., quoted in http://www.nrcs.usda.gov/wps/portal/nrcs/detail/soils/edu/?cid=nrcs142p2_054280" , "http://purl.obolibrary.org/obo/ENVO_00002252" , "http://www.w3.org/2000/01/rdf-schema#subClassOf" , "http://purl.obolibrary.org/obo/ENVO_00001998" ,
 "'In engineering terms, soil is referred to as regolith, or loose rock material that lies above the 'solid geology'. Soil is commonly referred to as "earth" or "dirt"; technically, the term "dirt" should be restricted to displaced soil.' https://en.wikipedia.org/wiki/Soil

" The upper limit of soil is the boundary between soil and air, shallow water, live plants, or plant materials that have not begun to decompose. Areas are not considered to have soil if the surface is permanently covered by water too deep (typically more than 2.5 meters) for the growth of rooted plants.

The lower boundary that separates soil from the nonsoil underneath is most difficult to define. Soil consists of horizons near the Earth's surface that, in contrast to the underlying parent material, have been altered by the interactions of climate, relief, and living organisms over time. Commonly, soil grades at its lower boundary to hard rock or to earthy materials virtually devoid of animals, roots, or other marks of biological activity. For purposes of classification, the lower boundary of soil is arbitrarily set at 200 cm."  Soil taxonomy, 2nd Ed., quoted in http://www.nrcs.usda.gov/wps/portal/nrcs/detail/soils/edu/?cid=nrcs142p2_054280" , "http://purl.obolibrary.org/obo/ENVO_00002253" , "http://www.w3.org/2000/01/rdf-schema#subClassOf" , "http://purl.obolibrary.org/obo/ENVO_00001998" ,
 "'In engineering terms, soil is referred to as regolith, or loose rock material that lies above the 'solid geology'. Soil is commonly referred to as "earth" or "dirt"; technically, the term "dirt" should be restricted to displaced soil.' https://en.wikipedia.org/wiki/Soil

" The upper limit of soil is the boundary between soil and air, shallow water, live plants, or plant materials that have not begun to decompose. Areas are not considered to have soil if the surface is permanently covered by water too deep (typically more than 2.5 meters) for the growth of rooted plants.

The lower boundary that separates soil from the nonsoil underneath is most difficult to define. Soil consists of horizons near the Earth's surface that, in contrast to the underlying parent material, have been altered by the interactions of climate, relief, and living organisms over time. Commonly, soil grades at its lower boundary to hard rock or to earthy materials virtually devoid of animals, roots, or other marks of biological activity. For purposes of classification, the lower boundary of soil is arbitrarily set at 200 cm."  Soil taxonomy, 2nd Ed., quoted in http://www.nrcs.usda.gov/wps/portal/nrcs/detail/soils/edu/?cid=nrcs142p2_054280" , "http://purl.obolibrary.org/obo/ENVO_00002254" , "http://www.w3.org/2000/01/rdf-schema#subClassOf" , "http://purl.obolibrary.org/obo/ENVO_00001998" ,
 "'In engineering terms, soil is referred to as regolith, or loose rock material that lies above the 'solid geology'. Soil is commonly referred to as "earth" or "dirt"; technically, the term "dirt" should be restricted to displaced soil.' https://en.wikipedia.org/wiki/Soil

" The upper limit of soil is the boundary between soil and air, shallow water, live plants, or plant materials that have not begun to decompose. Areas are not considered to have soil if the surface is permanently covered by water too deep (typically more than 2.5 meters) for the growth of rooted plants.

The lower boundary that separates soil from the nonsoil underneath is most difficult to define. Soil consists of horizons near the Earth's surface that, in contrast to the underlying parent material, have been altered by the interactions of climate, relief, and living organisms over time. Commonly, soil grades at its lower boundary to hard rock or to earthy materials virtually devoid of animals, roots, or other marks of biological activity. For purposes of classification, the lower boundary of soil is arbitrarily set at 200 cm."  Soil taxonomy, 2nd Ed., quoted in http://www.nrcs.usda.gov/wps/portal/nrcs/detail/soils/edu/?cid=nrcs142p2_054280" , "http://purl.obolibrary.org/obo/ENVO_00002255" , "http://www.w3.org/2000/01/rdf-schema#subClassOf" , "http://purl.obolibrary.org/obo/ENVO_00001998" ,
 "'In engineering terms, soil is referred to as regolith, or loose rock material that lies above the 'solid geology'. Soil is commonly referred to as "earth" or "dirt"; technically, the term "dirt" should be restricted to displaced soil.' https://en.wikipedia.org/wiki/Soil

" The upper limit of soil is the boundary between soil and air, shallow water, live plants, or plant materials that have not begun to decompose. Areas are not considered to have soil if the surface is permanently covered by water too deep (typically more than 2.5 meters) for the growth of rooted plants.

The lower boundary that separates soil from the nonsoil underneath is most difficult to define. Soil consists of horizons near the Earth's surface that, in contrast to the underlying parent material, have been altered by the interactions of climate, relief, and living organisms over time. Commonly, soil grades at its lower boundary to hard rock or to earthy materials virtually devoid of animals, roots, or other marks of biological activity. For purposes of classification, the lower boundary of soil is arbitrarily set at 200 cm."  Soil taxonomy, 2nd Ed., quoted in http://www.nrcs.usda.gov/wps/portal/nrcs/detail/soils/edu/?cid=nrcs142p2_054280" , "http://purl.obolibrary.org/obo/ENVO_00002256" , "http://www.w3.org/2000/01/rdf-schema#subClassOf" , "http://purl.obolibrary.org/obo/ENVO_00001998" ,
 "'In engineering terms, soil is referred to as regolith, or loose rock material that lies above the 'solid geology'. Soil is commonly referred to as "earth" or "dirt"; technically, the term "dirt" should be restricted to displaced soil.' https://en.wikipedia.org/wiki/Soil

" The upper limit of soil is the boundary between soil and air, shallow water, live plants, or plant materials that have not begun to decompose. Areas are not considered to have soil if the surface is permanently covered by water too deep (typically more than 2.5 meters) for the growth of rooted plants.

The lower boundary that separates soil from the nonsoil underneath is most difficult to define. Soil consists of horizons near the Earth's surface that, in contrast to the underlying parent material, have been altered by the interactions of climate, relief, and living organisms over time. Commonly, soil grades at its lower boundary to hard rock or to earthy materials virtually devoid of animals, roots, or other marks of biological activity. For purposes of classification, the lower boundary of soil is arbitrarily set at 200 cm."  Soil taxonomy, 2nd Ed., quoted in http://www.nrcs.usda.gov/wps/portal/nrcs/detail/soils/edu/?cid=nrcs142p2_054280" , "http://purl.obolibrary.org/obo/ENVO_00002257" , "http://www.w3.org/2000/01/rdf-schema#subClassOf" , "http://purl.obolibrary.org/obo/ENVO_00001998" ,
 "'In engineering terms, soil is referred to as regolith, or loose rock material that lies above the 'solid geology'. Soil is commonly referred to as "earth" or "dirt"; technically, the term "dirt" should be restricted to displaced soil.' https://en.wikipedia.org/wiki/Soil

" The upper limit of soil is the boundary between soil and air, shallow water, live plants, or plant materials that have not begun to decompose. Areas are not considered to have soil if the surface is permanently covered by water too deep (typically more than 2.5 meters) for the growth of rooted plants.

The lower boundary that separates soil from the nonsoil underneath is most difficult to define. Soil consists of horizons near the Earth's surface that, in contrast to the underlying parent material, have been altered by the interactions of climate, relief, and living organisms over time. Commonly, soil grades at its lower boundary to hard rock or to earthy materials virtually devoid of animals, roots, or other marks of biological activity. For purposes of classification, the lower boundary of soil is arbitrarily set at 200 cm."  Soil taxonomy, 2nd Ed., quoted in http://www.nrcs.usda.gov/wps/portal/nrcs/detail/soils/edu/?cid=nrcs142p2_054280" , "http://purl.obolibrary.org/obo/ENVO_00002258" , "http://www.w3.org/2000/01/rdf-schema#subClassOf" , "http://purl.obolibrary.org/obo/ENVO_00001998" ,
 "'In engineering terms, soil is referred to as regolith, or loose rock material that lies above the 'solid geology'. Soil is commonly referred to as "earth" or "dirt"; technically, the term "dirt" should be restricted to displaced soil.' https://en.wikipedia.org/wiki/Soil

" The upper limit of soil is the boundary between soil and air, shallow water, live plants, or plant materials that have not begun to decompose. Areas are not considered to have soil if the surface is permanently covered by water too deep (typically more than 2.5 meters) for the growth of rooted plants.

The lower boundary that separates soil from the nonsoil underneath is most difficult to define. Soil consists of horizons near the Earth's surface that, in contrast to the underlying parent material, have been altered by the interactions of climate, relief, and living organisms over time. Commonly, soil grades at its lower boundary to hard rock or to earthy materials virtually devoid of animals, roots, or other marks of biological activity. For purposes of classification, the lower boundary of soil is arbitrarily set at 200 cm."  Soil taxonomy, 2nd Ed., quoted in http://www.nrcs.usda.gov/wps/portal/nrcs/detail/soils/edu/?cid=nrcs142p2_054280" , "http://purl.obolibrary.org/obo/ENVO_00002259" , "http://www.w3.org/2000/01/rdf-schema#subClassOf" , "http://purl.obolibrary.org/obo/ENVO_00001998" ,
 "'In engineering terms, soil is referred to as regolith, or loose rock material that lies above the 'solid geology'. Soil is commonly referred to as "earth" or "dirt"; technically, the term "dirt" should be restricted to displaced soil.' https://en.wikipedia.org/wiki/Soil

" The upper limit of soil is the boundary between soil and air, shallow water, live plants, or plant materials that have not begun to decompose. Areas are not considered to have soil if the surface is permanently covered by water too deep (typically more than 2.5 meters) for the growth of rooted plants.

The lower boundary that separates soil from the nonsoil underneath is most difficult to define. Soil consists of horizons near the Earth's surface that, in contrast to the underlying parent material, have been altered by the interactions of climate, relief, and living organisms over time. Commonly, soil grades at its lower boundary to hard rock or to earthy materials virtually devoid of animals, roots, or other marks of biological activity. For purposes of classification, the lower boundary of soil is arbitrarily set at 200 cm."  Soil taxonomy, 2nd Ed., quoted in http://www.nrcs.usda.gov/wps/portal/nrcs/detail/soils/edu/?cid=nrcs142p2_054280" , "http://purl.obolibrary.org/obo/ENVO_00002260" , "http://www.w3.org/2000/01/rdf-schema#subClassOf" , "http://purl.obolibrary.org/obo/ENVO_00001998" ,
 "'In engineering terms, soil is referred to as regolith, or loose rock material that lies above the 'solid geology'. Soil is commonly referred to as "earth" or "dirt"; technically, the term "dirt" should be restricted to displaced soil.' https://en.wikipedia.org/wiki/Soil

" The upper limit of soil is the boundary between soil and air, shallow water, live plants, or plant materials that have not begun to decompose. Areas are not considered to have soil if the surface is permanently covered by water too deep (typically more than 2.5 meters) for the growth of rooted plants.

The lower boundary that separates soil from the nonsoil underneath is most difficult to define. Soil consists of horizons near the Earth's surface that, in contrast to the underlying parent material, have been altered by the interactions of climate, relief, and living organisms over time. Commonly, soil grades at its lower boundary to hard rock or to earthy materials virtually devoid of animals, roots, or other marks of biological activity. For purposes of classification, the lower boundary of soil is arbitrarily set at 200 cm."  Soil taxonomy, 2nd Ed., quoted in http://www.nrcs.usda.gov/wps/portal/nrcs/detail/soils/edu/?cid=nrcs142p2_054280" , "http://purl.obolibrary.org/obo/ENVO_00002261" , "http://www.w3.org/2000/01/rdf-schema#subClassOf" , "http://purl.obolibrary.org/obo/ENVO_00001998" ,
 "'In engineering terms, soil is referred to as regolith, or loose rock material that lies above the 'solid geology'. Soil is commonly referred to as "earth" or "dirt"; technically, the term "dirt" should be restricted to displaced soil.' https://en.wikipedia.org/wiki/Soil

" The upper limit of soil is the boundary between soil and air, shallow water, live plants, or plant materials that have not begun to decompose. Areas are not considered to have soil if the surface is permanently covered by water too deep (typically more than 2.5 meters) for the growth of rooted plants.

The lower boundary that separates soil from the nonsoil underneath is most difficult to define. Soil consists of horizons near the Earth's surface that, in contrast to the underlying parent material, have been altered by the interactions of climate, relief, and living organisms over time. Commonly, soil grades at its lower boundary to hard rock or to earthy materials virtually devoid of animals, roots, or other marks of biological activity. For purposes of classification, the lower boundary of soil is arbitrarily set at 200 cm."  Soil taxonomy, 2nd Ed., quoted in http://www.nrcs.usda.gov/wps/portal/nrcs/detail/soils/edu/?cid=nrcs142p2_054280" , "b654" , "http://www.w3.org/1999/02/22-rdf-syntax-ns#first" , "http://purl.obolibrary.org/obo/ENVO_00001998" ,
 "'In engineering terms, soil is referred to as regolith, or loose rock material that lies above the 'solid geology'. Soil is commonly referred to as "earth" or "dirt"; technically, the term "dirt" should be restricted to displaced soil.' https://en.wikipedia.org/wiki/Soil

" The upper limit of soil is the boundary between soil and air, shallow water, live plants, or plant materials that have not begun to decompose. Areas are not considered to have soil if the surface is permanently covered by water too deep (typically more than 2.5 meters) for the growth of rooted plants.

The lower boundary that separates soil from the nonsoil underneath is most difficult to define. Soil consists of horizons near the Earth's surface that, in contrast to the underlying parent material, have been altered by the interactions of climate, relief, and living organisms over time. Commonly, soil grades at its lower boundary to hard rock or to earthy materials virtually devoid of animals, roots, or other marks of biological activity. For purposes of classification, the lower boundary of soil is arbitrarily set at 200 cm."  Soil taxonomy, 2nd Ed., quoted in http://www.nrcs.usda.gov/wps/portal/nrcs/detail/soils/edu/?cid=nrcs142p2_054280" , "http://purl.obolibrary.org/obo/ENVO_00002262" , "http://www.w3.org/2000/01/rdf-schema#subClassOf" , "http://purl.obolibrary.org/obo/ENVO_00001998" ,
 "'In engineering terms, soil is referred to as regolith, or loose rock material that lies above the 'solid geology'. Soil is commonly referred to as "earth" or "dirt"; technically, the term "dirt" should be restricted to displaced soil.' https://en.wikipedia.org/wiki/Soil

" The upper limit of soil is the boundary between soil and air, shallow water, live plants, or plant materials that have not begun to decompose. Areas are not considered to have soil if the surface is permanently covered by water too deep (typically more than 2.5 meters) for the growth of rooted plants.

The lower boundary that separates soil from the nonsoil underneath is most difficult to define. Soil consists of horizons near the Earth's surface that, in contrast to the underlying parent material, have been altered by the interactions of climate, relief, and living organisms over time. Commonly, soil grades at its lower boundary to hard rock or to earthy materials virtually devoid of animals, roots, or other marks of biological activity. For purposes of classification, the lower boundary of soil is arbitrarily set at 200 cm."  Soil taxonomy, 2nd Ed., quoted in http://www.nrcs.usda.gov/wps/portal/nrcs/detail/soils/edu/?cid=nrcs142p2_054280" , "http://purl.obolibrary.org/obo/ENVO_00002263" , "http://www.w3.org/2000/01/rdf-schema#subClassOf" , "http://purl.obolibrary.org/obo/ENVO_00001998" ,
 "'In engineering terms, soil is referred to as regolith, or loose rock material that lies above the 'solid geology'. Soil is commonly referred to as "earth" or "dirt"; technically, the term "dirt" should be restricted to displaced soil.' https://en.wikipedia.org/wiki/Soil

" The upper limit of soil is the boundary between soil and air, shallow water, live plants, or plant materials that have not begun to decompose. Areas are not considered to have soil if the surface is permanently covered by water too deep (typically more than 2.5 meters) for the growth of rooted plants.

The lower boundary that separates soil from the nonsoil underneath is most difficult to define. Soil consists of horizons near the Earth's surface that, in contrast to the underlying parent material, have been altered by the interactions of climate, relief, and living organisms over time. Commonly, soil grades at its lower boundary to hard rock or to earthy materials virtually devoid of animals, roots, or other marks of biological activity. For purposes of classification, the lower boundary of soil is arbitrarily set at 200 cm."  Soil taxonomy, 2nd Ed., quoted in http://www.nrcs.usda.gov/wps/portal/nrcs/detail/soils/edu/?cid=nrcs142p2_054280" , "b655" , "http://www.w3.org/1999/02/22-rdf-syntax-ns#first" , "http://purl.obolibrary.org/obo/ENVO_00001998" ,
 "'In engineering terms, soil is referred to as regolith, or loose rock material that lies above the 'solid geology'. Soil is commonly referred to as "earth" or "dirt"; technically, the term "dirt" should be restricted to displaced soil.' https://en.wikipedia.org/wiki/Soil

" The upper limit of soil is the boundary between soil and air, shallow water, live plants, or plant materials that have not begun to decompose. Areas are not considered to have soil if the surface is permanently covered by water too deep (typically more than 2.5 meters) for the growth of rooted plants.

The lower boundary that separates soil from the nonsoil underneath is most difficult to define. Soil consists of horizons near the Earth's surface that, in contrast to the underlying parent material, have been altered by the interactions of climate, relief, and living organisms over time. Commonly, soil grades at its lower boundary to hard rock or to earthy materials virtually devoid of animals, roots, or other marks of biological activity. For purposes of classification, the lower boundary of soil is arbitrarily set at 200 cm."  Soil taxonomy, 2nd Ed., quoted in http://www.nrcs.usda.gov/wps/portal/nrcs/detail/soils/edu/?cid=nrcs142p2_054280" , "http://purl.obolibrary.org/obo/ENVO_00002273" , "http://www.w3.org/2000/01/rdf-schema#subClassOf" , "http://purl.obolibrary.org/obo/ENVO_00001998" ,
 "'In engineering terms, soil is referred to as regolith, or loose rock material that lies above the 'solid geology'. Soil is commonly referred to as "earth" or "dirt"; technically, the term "dirt" should be restricted to displaced soil.' https://en.wikipedia.org/wiki/Soil

" The upper limit of soil is the boundary between soil and air, shallow water, live plants, or plant materials that have not begun to decompose. Areas are not considered to have soil if the surface is permanently covered by water too deep (typically more than 2.5 meters) for the growth of rooted plants.

The lower boundary that separates soil from the nonsoil underneath is most difficult to define. Soil consists of horizons near the Earth's surface that, in contrast to the underlying parent material, have been altered by the interactions of climate, relief, and living organisms over time. Commonly, soil grades at its lower boundary to hard rock or to earthy materials virtually devoid of animals, roots, or other marks of biological activity. For purposes of classification, the lower boundary of soil is arbitrarily set at 200 cm."  Soil taxonomy, 2nd Ed., quoted in http://www.nrcs.usda.gov/wps/portal/nrcs/detail/soils/edu/?cid=nrcs142p2_054280" , "http://purl.obolibrary.org/obo/ENVO_00002274" , "http://www.w3.org/2000/01/rdf-schema#subClassOf" , "http://purl.obolibrary.org/obo/ENVO_00001998" ,
 "'In engineering terms, soil is referred to as regolith, or loose rock material that lies above the 'solid geology'. Soil is commonly referred to as "earth" or "dirt"; technically, the term "dirt" should be restricted to displaced soil.' https://en.wikipedia.org/wiki/Soil

" The upper limit of soil is the boundary between soil and air, shallow water, live plants, or plant materials that have not begun to decompose. Areas are not considered to have soil if the surface is permanently covered by water too deep (typically more than 2.5 meters) for the growth of rooted plants.

The lower boundary that separates soil from the nonsoil underneath is most difficult to define. Soil consists of horizons near the Earth's surface that, in contrast to the underlying parent material, have been altered by the interactions of climate, relief, and living organisms over time. Commonly, soil grades at its lower boundary to hard rock or to earthy materials virtually devoid of animals, roots, or other marks of biological activity. For purposes of classification, the lower boundary of soil is arbitrarily set at 200 cm."  Soil taxonomy, 2nd Ed., quoted in http://www.nrcs.usda.gov/wps/portal/nrcs/detail/soils/edu/?cid=nrcs142p2_054280" , "http://purl.obolibrary.org/obo/ENVO_00002275" , "http://www.w3.org/2000/01/rdf-schema#subClassOf" , "http://purl.obolibrary.org/obo/ENVO_00001998" ,
 "'In engineering terms, soil is referred to as regolith, or loose rock material that lies above the 'solid geology'. Soil is commonly referred to as "earth" or "dirt"; technically, the term "dirt" should be restricted to displaced soil.' https://en.wikipedia.org/wiki/Soil

" The upper limit of soil is the boundary between soil and air, shallow water, live plants, or plant materials that have not begun to decompose. Areas are not considered to have soil if the surface is permanently covered by water too deep (typically more than 2.5 meters) for the growth of rooted plants.

The lower boundary that separates soil from the nonsoil underneath is most difficult to define. Soil consists of horizons near the Earth's surface that, in contrast to the underlying parent material, have been altered by the interactions of climate, relief, and living organisms over time. Commonly, soil grades at its lower boundary to hard rock or to earthy materials virtually devoid of animals, roots, or other marks of biological activity. For purposes of classification, the lower boundary of soil is arbitrarily set at 200 cm."  Soil taxonomy, 2nd Ed., quoted in http://www.nrcs.usda.gov/wps/portal/nrcs/detail/soils/edu/?cid=nrcs142p2_054280" , "b656" , "http://www.w3.org/1999/02/22-rdf-syntax-ns#first" , "http://purl.obolibrary.org/obo/ENVO_00001998" ,
 "'In engineering terms, soil is referred to as regolith, or loose rock material that lies above the 'solid geology'. Soil is commonly referred to as "earth" or "dirt"; technically, the term "dirt" should be restricted to displaced soil.' https://en.wikipedia.org/wiki/Soil

" The upper limit of soil is the boundary between soil and air, shallow water, live plants, or plant materials that have not begun to decompose. Areas are not considered to have soil if the surface is permanently covered by water too deep (typically more than 2.5 meters) for the growth of rooted plants.

The lower boundary that separates soil from the nonsoil underneath is most difficult to define. Soil consists of horizons near the Earth's surface that, in contrast to the underlying parent material, have been altered by the interactions of climate, relief, and living organisms over time. Commonly, soil grades at its lower boundary to hard rock or to earthy materials virtually devoid of animals, roots, or other marks of biological activity. For purposes of classification, the lower boundary of soil is arbitrarily set at 200 cm."  Soil taxonomy, 2nd Ed., quoted in http://www.nrcs.usda.gov/wps/portal/nrcs/detail/soils/edu/?cid=nrcs142p2_054280" , "b657" , "http://www.w3.org/1999/02/22-rdf-syntax-ns#first" , "http://purl.obolibrary.org/obo/ENVO_00001998" ,
 "'In engineering terms, soil is referred to as regolith, or loose rock material that lies above the 'solid geology'. Soil is commonly referred to as "earth" or "dirt"; technically, the term "dirt" should be restricted to displaced soil.' https://en.wikipedia.org/wiki/Soil

" The upper limit of soil is the boundary between soil and air, shallow water, live plants, or plant materials that have not begun to decompose. Areas are not considered to have soil if the surface is permanently covered by water too deep (typically more than 2.5 meters) for the growth of rooted plants.

The lower boundary that separates soil from the nonsoil underneath is most difficult to define. Soil consists of horizons near the Earth's surface that, in contrast to the underlying parent material, have been altered by the interactions of climate, relief, and living organisms over time. Commonly, soil grades at its lower boundary to hard rock or to earthy materials virtually devoid of animals, roots, or other marks of biological activity. For purposes of classification, the lower boundary of soil is arbitrarily set at 200 cm."  Soil taxonomy, 2nd Ed., quoted in http://www.nrcs.usda.gov/wps/portal/nrcs/detail/soils/edu/?cid=nrcs142p2_054280" , "http://purl.obolibrary.org/obo/ENVO_00005741" , "http://www.w3.org/2000/01/rdf-schema#subClassOf" , "http://purl.obolibrary.org/obo/ENVO_00001998" ,
 "'In engineering terms, soil is referred to as regolith, or loose rock material that lies above the 'solid geology'. Soil is commonly referred to as "earth" or "dirt"; technically, the term "dirt" should be restricted to displaced soil.' https://en.wikipedia.org/wiki/Soil

" The upper limit of soil is the boundary between soil and air, shallow water, live plants, or plant materials that have not begun to decompose. Areas are not considered to have soil if the surface is permanently covered by water too deep (typically more than 2.5 meters) for the growth of rooted plants.

The lower boundary that separates soil from the nonsoil underneath is most difficult to define. Soil consists of horizons near the Earth's surface that, in contrast to the underlying parent material, have been altered by the interactions of climate, relief, and living organisms over time. Commonly, soil grades at its lower boundary to hard rock or to earthy materials virtually devoid of animals, roots, or other marks of biological activity. For purposes of classification, the lower boundary of soil is arbitrarily set at 200 cm."  Soil taxonomy, 2nd Ed., quoted in http://www.nrcs.usda.gov/wps/portal/nrcs/detail/soils/edu/?cid=nrcs142p2_054280" , "http://purl.obolibrary.org/obo/ENVO_00005742" , "http://www.w3.org/2000/01/rdf-schema#subClassOf" , "http://purl.obolibrary.org/obo/ENVO_00001998" ,
 "'In engineering terms, soil is referred to as regolith, or loose rock material that lies above the 'solid geology'. Soil is commonly referred to as "earth" or "dirt"; technically, the term "dirt" should be restricted to displaced soil.' https://en.wikipedia.org/wiki/Soil

" The upper limit of soil is the boundary between soil and air, shallow water, live plants, or plant materials that have not begun to decompose. Areas are not considered to have soil if the surface is permanently covered by water too deep (typically more than 2.5 meters) for the growth of rooted plants.

The lower boundary that separates soil from the nonsoil underneath is most difficult to define. Soil consists of horizons near the Earth's surface that, in contrast to the underlying parent material, have been altered by the interactions of climate, relief, and living organisms over time. Commonly, soil grades at its lower boundary to hard rock or to earthy materials virtually devoid of animals, roots, or other marks of biological activity. For purposes of classification, the lower boundary of soil is arbitrarily set at 200 cm."  Soil taxonomy, 2nd Ed., quoted in http://www.nrcs.usda.gov/wps/portal/nrcs/detail/soils/edu/?cid=nrcs142p2_054280" , "http://purl.obolibrary.org/obo/ENVO_00005743" , "http://www.w3.org/2000/01/rdf-schema#subClassOf" , "http://purl.obolibrary.org/obo/ENVO_00001998" ,
 "'In engineering terms, soil is referred to as regolith, or loose rock material that lies above the 'solid geology'. Soil is commonly referred to as "earth" or "dirt"; technically, the term "dirt" should be restricted to displaced soil.' https://en.wikipedia.org/wiki/Soil

" The upper limit of soil is the boundary between soil and air, shallow water, live plants, or plant materials that have not begun to decompose. Areas are not considered to have soil if the surface is permanently covered by water too deep (typically more than 2.5 meters) for the growth of rooted plants.

The lower boundary that separates soil from the nonsoil underneath is most difficult to define. Soil consists of horizons near the Earth's surface that, in contrast to the underlying parent material, have been altered by the interactions of climate, relief, and living organisms over time. Commonly, soil grades at its lower boundary to hard rock or to earthy materials virtually devoid of animals, roots, or other marks of biological activity. For purposes of classification, the lower boundary of soil is arbitrarily set at 200 cm."  Soil taxonomy, 2nd Ed., quoted in http://www.nrcs.usda.gov/wps/portal/nrcs/detail/soils/edu/?cid=nrcs142p2_054280" , "b658" , "http://www.w3.org/1999/02/22-rdf-syntax-ns#first" , "http://purl.obolibrary.org/obo/ENVO_00001998" ,
 "'In engineering terms, soil is referred to as regolith, or loose rock material that lies above the 'solid geology'. Soil is commonly referred to as "earth" or "dirt"; technically, the term "dirt" should be restricted to displaced soil.' https://en.wikipedia.org/wiki/Soil

" The upper limit of soil is the boundary between soil and air, shallow water, live plants, or plant materials that have not begun to decompose. Areas are not considered to have soil if the surface is permanently covered by water too deep (typically more than 2.5 meters) for the growth of rooted plants.

The lower boundary that separates soil from the nonsoil underneath is most difficult to define. Soil consists of horizons near the Earth's surface that, in contrast to the underlying parent material, have been altered by the interactions of climate, relief, and living organisms over time. Commonly, soil grades at its lower boundary to hard rock or to earthy materials virtually devoid of animals, roots, or other marks of biological activity. For purposes of classification, the lower boundary of soil is arbitrarily set at 200 cm."  Soil taxonomy, 2nd Ed., quoted in http://www.nrcs.usda.gov/wps/portal/nrcs/detail/soils/edu/?cid=nrcs142p2_054280" , "b659" , "http://www.w3.org/1999/02/22-rdf-syntax-ns#first" , "http://purl.obolibrary.org/obo/ENVO_00001998" ,
 "'In engineering terms, soil is referred to as regolith, or loose rock material that lies above the 'solid geology'. Soil is commonly referred to as "earth" or "dirt"; technically, the term "dirt" should be restricted to displaced soil.' https://en.wikipedia.org/wiki/Soil

" The upper limit of soil is the boundary between soil and air, shallow water, live plants, or plant materials that have not begun to decompose. Areas are not considered to have soil if the surface is permanently covered by water too deep (typically more than 2.5 meters) for the growth of rooted plants.

The lower boundary that separates soil from the nonsoil underneath is most difficult to define. Soil consists of horizons near the Earth's surface that, in contrast to the underlying parent material, have been altered by the interactions of climate, relief, and living organisms over time. Commonly, soil grades at its lower boundary to hard rock or to earthy materials virtually devoid of animals, roots, or other marks of biological activity. For purposes of classification, the lower boundary of soil is arbitrarily set at 200 cm."  Soil taxonomy, 2nd Ed., quoted in http://www.nrcs.usda.gov/wps/portal/nrcs/detail/soils/edu/?cid=nrcs142p2_054280" , "http://purl.obolibrary.org/obo/ENVO_00005750" , "http://www.w3.org/2000/01/rdf-schema#subClassOf" , "http://purl.obolibrary.org/obo/ENVO_00001998" ,
 "'In engineering terms, soil is referred to as regolith, or loose rock material that lies above the 'solid geology'. Soil is commonly referred to as "earth" or "dirt"; technically, the term "dirt" should be restricted to displaced soil.' https://en.wikipedia.org/wiki/Soil

" The upper limit of soil is the boundary between soil and air, shallow water, live plants, or plant materials that have not begun to decompose. Areas are not considered to have soil if the surface is permanently covered by water too deep (typically more than 2.5 meters) for the growth of rooted plants.

The lower boundary that separates soil from the nonsoil underneath is most difficult to define. Soil consists of horizons near the Earth's surface that, in contrast to the underlying parent material, have been altered by the interactions of climate, relief, and living organisms over time. Commonly, soil grades at its lower boundary to hard rock or to earthy materials virtually devoid of animals, roots, or other marks of biological activity. For purposes of classification, the lower boundary of soil is arbitrarily set at 200 cm."  Soil taxonomy, 2nd Ed., quoted in http://www.nrcs.usda.gov/wps/portal/nrcs/detail/soils/edu/?cid=nrcs142p2_054280" , "http://purl.obolibrary.org/obo/ENVO_00005747" , "http://www.w3.org/2000/01/rdf-schema#subClassOf" , "http://purl.obolibrary.org/obo/ENVO_00001998" ,
 "'In engineering terms, soil is referred to as regolith, or loose rock material that lies above the 'solid geology'. Soil is commonly referred to as "earth" or "dirt"; technically, the term "dirt" should be restricted to displaced soil.' https://en.wikipedia.org/wiki/Soil

" The upper limit of soil is the boundary between soil and air, shallow water, live plants, or plant materials that have not begun to decompose. Areas are not considered to have soil if the surface is permanently covered by water too deep (typically more than 2.5 meters) for the growth of rooted plants.

The lower boundary that separates soil from the nonsoil underneath is most difficult to define. Soil consists of horizons near the Earth's surface that, in contrast to the underlying parent material, have been altered by the interactions of climate, relief, and living organisms over time. Commonly, soil grades at its lower boundary to hard rock or to earthy materials virtually devoid of animals, roots, or other marks of biological activity. For purposes of classification, the lower boundary of soil is arbitrarily set at 200 cm."  Soil taxonomy, 2nd Ed., quoted in http://www.nrcs.usda.gov/wps/portal/nrcs/detail/soils/edu/?cid=nrcs142p2_054280" , "b660" , "http://www.w3.org/1999/02/22-rdf-syntax-ns#first" , "http://purl.obolibrary.org/obo/ENVO_00001998" ,
 "'In engineering terms, soil is referred to as regolith, or loose rock material that lies above the 'solid geology'. Soil is commonly referred to as "earth" or "dirt"; technically, the term "dirt" should be restricted to displaced soil.' https://en.wikipedia.org/wiki/Soil

" The upper limit of soil is the boundary between soil and air, shallow water, live plants, or plant materials that have not begun to decompose. Areas are not considered to have soil if the surface is permanently covered by water too deep (typically more than 2.5 meters) for the growth of rooted plants.

The lower boundary that separates soil from the nonsoil underneath is most difficult to define. Soil consists of horizons near the Earth's surface that, in contrast to the underlying parent material, have been altered by the interactions of climate, relief, and living organisms over time. Commonly, soil grades at its lower boundary to hard rock or to earthy materials virtually devoid of animals, roots, or other marks of biological activity. For purposes of classification, the lower boundary of soil is arbitrarily set at 200 cm."  Soil taxonomy, 2nd Ed., quoted in http://www.nrcs.usda.gov/wps/portal/nrcs/detail/soils/edu/?cid=nrcs142p2_054280" , "http://purl.obolibrary.org/obo/ENVO_00005748" , "http://www.w3.org/2000/01/rdf-schema#subClassOf" , "http://purl.obolibrary.org/obo/ENVO_00001998" ,
 "'In engineering terms, soil is referred to as regolith, or loose rock material that lies above the 'solid geology'. Soil is commonly referred to as "earth" or "dirt"; technically, the term "dirt" should be restricted to displaced soil.' https://en.wikipedia.org/wiki/Soil

" The upper limit of soil is the boundary between soil and air, shallow water, live plants, or plant materials that have not begun to decompose. Areas are not considered to have soil if the surface is permanently covered by water too deep (typically more than 2.5 meters) for the growth of rooted plants.

The lower boundary that separates soil from the nonsoil underneath is most difficult to define. Soil consists of horizons near the Earth's surface that, in contrast to the underlying parent material, have been altered by the interactions of climate, relief, and living organisms over time. Commonly, soil grades at its lower boundary to hard rock or to earthy materials virtually devoid of animals, roots, or other marks of biological activity. For purposes of classification, the lower boundary of soil is arbitrarily set at 200 cm."  Soil taxonomy, 2nd Ed., quoted in http://www.nrcs.usda.gov/wps/portal/nrcs/detail/soils/edu/?cid=nrcs142p2_054280" , "b661" , "http://www.w3.org/1999/02/22-rdf-syntax-ns#first" , "http://purl.obolibrary.org/obo/ENVO_00001998" ,
 "'In engineering terms, soil is referred to as regolith, or loose rock material that lies above the 'solid geology'. Soil is commonly referred to as "earth" or "dirt"; technically, the term "dirt" should be restricted to displaced soil.' https://en.wikipedia.org/wiki/Soil

" The upper limit of soil is the boundary between soil and air, shallow water, live plants, or plant materials that have not begun to decompose. Areas are not considered to have soil if the surface is permanently covered by water too deep (typically more than 2.5 meters) for the growth of rooted plants.

The lower boundary that separates soil from the nonsoil underneath is most difficult to define. Soil consists of horizons near the Earth's surface that, in contrast to the underlying parent material, have been altered by the interactions of climate, relief, and living organisms over time. Commonly, soil grades at its lower boundary to hard rock or to earthy materials virtually devoid of animals, roots, or other marks of biological activity. For purposes of classification, the lower boundary of soil is arbitrarily set at 200 cm."  Soil taxonomy, 2nd Ed., quoted in http://www.nrcs.usda.gov/wps/portal/nrcs/detail/soils/edu/?cid=nrcs142p2_054280" , "http://purl.obolibrary.org/obo/ENVO_00005749" , "http://www.w3.org/2000/01/rdf-schema#subClassOf" , "http://purl.obolibrary.org/obo/ENVO_00001998" ,
 "'In engineering terms, soil is referred to as regolith, or loose rock material that lies above the 'solid geology'. Soil is commonly referred to as "earth" or "dirt"; technically, the term "dirt" should be restricted to displaced soil.' https://en.wikipedia.org/wiki/Soil

" The upper limit of soil is the boundary between soil and air, shallow water, live plants, or plant materials that have not begun to decompose. Areas are not considered to have soil if the surface is permanently covered by water too deep (typically more than 2.5 meters) for the growth of rooted plants.

The lower boundary that separates soil from the nonsoil underneath is most difficult to define. Soil consists of horizons near the Earth's surface that, in contrast to the underlying parent material, have been altered by the interactions of climate, relief, and living organisms over time. Commonly, soil grades at its lower boundary to hard rock or to earthy materials virtually devoid of animals, roots, or other marks of biological activity. For purposes of classification, the lower boundary of soil is arbitrarily set at 200 cm."  Soil taxonomy, 2nd Ed., quoted in http://www.nrcs.usda.gov/wps/portal/nrcs/detail/soils/edu/?cid=nrcs142p2_054280" , "b662" , "http://www.w3.org/1999/02/22-rdf-syntax-ns#first" , "http://purl.obolibrary.org/obo/ENVO_00001998" ,
 "'In engineering terms, soil is referred to as regolith, or loose rock material that lies above the 'solid geology'. Soil is commonly referred to as "earth" or "dirt"; technically, the term "dirt" should be restricted to displaced soil.' https://en.wikipedia.org/wiki/Soil

" The upper limit of soil is the boundary between soil and air, shallow water, live plants, or plant materials that have not begun to decompose. Areas are not considered to have soil if the surface is permanently covered by water too deep (typically more than 2.5 meters) for the growth of rooted plants.

The lower boundary that separates soil from the nonsoil underneath is most difficult to define. Soil consists of horizons near the Earth's surface that, in contrast to the underlying parent material, have been altered by the interactions of climate, relief, and living organisms over time. Commonly, soil grades at its lower boundary to hard rock or to earthy materials virtually devoid of animals, roots, or other marks of biological activity. For purposes of classification, the lower boundary of soil is arbitrarily set at 200 cm."  Soil taxonomy, 2nd Ed., quoted in http://www.nrcs.usda.gov/wps/portal/nrcs/detail/soils/edu/?cid=nrcs142p2_054280" , "b663" , "http://www.w3.org/1999/02/22-rdf-syntax-ns#first" , "http://purl.obolibrary.org/obo/ENVO_00001998" ,
 "'In engineering terms, soil is referred to as regolith, or loose rock material that lies above the 'solid geology'. Soil is commonly referred to as "earth" or "dirt"; technically, the term "dirt" should be restricted to displaced soil.' https://en.wikipedia.org/wiki/Soil

" The upper limit of soil is the boundary between soil and air, shallow water, live plants, or plant materials that have not begun to decompose. Areas are not considered to have soil if the surface is permanently covered by water too deep (typically more than 2.5 meters) for the growth of rooted plants.

The lower boundary that separates soil from the nonsoil underneath is most difficult to define. Soil consists of horizons near the Earth's surface that, in contrast to the underlying parent material, have been altered by the interactions of climate, relief, and living organisms over time. Commonly, soil grades at its lower boundary to hard rock or to earthy materials virtually devoid of animals, roots, or other marks of biological activity. For purposes of classification, the lower boundary of soil is arbitrarily set at 200 cm."  Soil taxonomy, 2nd Ed., quoted in http://www.nrcs.usda.gov/wps/portal/nrcs/detail/soils/edu/?cid=nrcs142p2_054280" , "http://purl.obolibrary.org/obo/ENVO_00005751" , "http://www.w3.org/2000/01/rdf-schema#subClassOf" , "http://purl.obolibrary.org/obo/ENVO_00001998" ,
 "'In engineering terms, soil is referred to as regolith, or loose rock material that lies above the 'solid geology'. Soil is commonly referred to as "earth" or "dirt"; technically, the term "dirt" should be restricted to displaced soil.' https://en.wikipedia.org/wiki/Soil

" The upper limit of soil is the boundary between soil and air, shallow water, live plants, or plant materials that have not begun to decompose. Areas are not considered to have soil if the surface is permanently covered by water too deep (typically more than 2.5 meters) for the growth of rooted plants.

The lower boundary that separates soil from the nonsoil underneath is most difficult to define. Soil consists of horizons near the Earth's surface that, in contrast to the underlying parent material, have been altered by the interactions of climate, relief, and living organisms over time. Commonly, soil grades at its lower boundary to hard rock or to earthy materials virtually devoid of animals, roots, or other marks of biological activity. For purposes of classification, the lower boundary of soil is arbitrarily set at 200 cm."  Soil taxonomy, 2nd Ed., quoted in http://www.nrcs.usda.gov/wps/portal/nrcs/detail/soils/edu/?cid=nrcs142p2_054280" , "http://purl.obolibrary.org/obo/ENVO_00005752" , "http://www.w3.org/2000/01/rdf-schema#subClassOf" , "http://purl.obolibrary.org/obo/ENVO_00001998" ,
 "'In engineering terms, soil is referred to as regolith, or loose rock material that lies above the 'solid geology'. Soil is commonly referred to as "earth" or "dirt"; technically, the term "dirt" should be restricted to displaced soil.' https://en.wikipedia.org/wiki/Soil

" The upper limit of soil is the boundary between soil and air, shallow water, live plants, or plant materials that have not begun to decompose. Areas are not considered to have soil if the surface is permanently covered by water too deep (typically more than 2.5 meters) for the growth of rooted plants.

The lower boundary that separates soil from the nonsoil underneath is most difficult to define. Soil consists of horizons near the Earth's surface that, in contrast to the underlying parent material, have been altered by the interactions of climate, relief, and living organisms over time. Commonly, soil grades at its lower boundary to hard rock or to earthy materials virtually devoid of animals, roots, or other marks of biological activity. For purposes of classification, the lower boundary of soil is arbitrarily set at 200 cm."  Soil taxonomy, 2nd Ed., quoted in http://www.nrcs.usda.gov/wps/portal/nrcs/detail/soils/edu/?cid=nrcs142p2_054280" , "http://purl.obolibrary.org/obo/ENVO_00005754" , "http://www.w3.org/2000/01/rdf-schema#subClassOf" , "http://purl.obolibrary.org/obo/ENVO_00001998" ,
 "'In engineering terms, soil is referred to as regolith, or loose rock material that lies above the 'solid geology'. Soil is commonly referred to as "earth" or "dirt"; technically, the term "dirt" should be restricted to displaced soil.' https://en.wikipedia.org/wiki/Soil

" The upper limit of soil is the boundary between soil and air, shallow water, live plants, or plant materials that have not begun to decompose. Areas are not considered to have soil if the surface is permanently covered by water too deep (typically more than 2.5 meters) for the growth of rooted plants.

The lower boundary that separates soil from the nonsoil underneath is most difficult to define. Soil consists of horizons near the Earth's surface that, in contrast to the underlying parent material, have been altered by the interactions of climate, relief, and living organisms over time. Commonly, soil grades at its lower boundary to hard rock or to earthy materials virtually devoid of animals, roots, or other marks of biological activity. For purposes of classification, the lower boundary of soil is arbitrarily set at 200 cm."  Soil taxonomy, 2nd Ed., quoted in http://www.nrcs.usda.gov/wps/portal/nrcs/detail/soils/edu/?cid=nrcs142p2_054280" , "http://purl.obolibrary.org/obo/ENVO_00005755" , "http://www.w3.org/2000/01/rdf-schema#subClassOf" , "http://purl.obolibrary.org/obo/ENVO_00001998" ,
 "'In engineering terms, soil is referred to as regolith, or loose rock material that lies above the 'solid geology'. Soil is commonly referred to as "earth" or "dirt"; technically, the term "dirt" should be restricted to displaced soil.' https://en.wikipedia.org/wiki/Soil

" The upper limit of soil is the boundary between soil and air, shallow water, live plants, or plant materials that have not begun to decompose. Areas are not considered to have soil if the surface is permanently covered by water too deep (typically more than 2.5 meters) for the growth of rooted plants.

The lower boundary that separates soil from the nonsoil underneath is most difficult to define. Soil consists of horizons near the Earth's surface that, in contrast to the underlying parent material, have been altered by the interactions of climate, relief, and living organisms over time. Commonly, soil grades at its lower boundary to hard rock or to earthy materials virtually devoid of animals, roots, or other marks of biological activity. For purposes of classification, the lower boundary of soil is arbitrarily set at 200 cm."  Soil taxonomy, 2nd Ed., quoted in http://www.nrcs.usda.gov/wps/portal/nrcs/detail/soils/edu/?cid=nrcs142p2_054280" , "b664" , "http://www.w3.org/1999/02/22-rdf-syntax-ns#first" , "http://purl.obolibrary.org/obo/ENVO_00001998" ,
 "'In engineering terms, soil is referred to as regolith, or loose rock material that lies above the 'solid geology'. Soil is commonly referred to as "earth" or "dirt"; technically, the term "dirt" should be restricted to displaced soil.' https://en.wikipedia.org/wiki/Soil

" The upper limit of soil is the boundary between soil and air, shallow water, live plants, or plant materials that have not begun to decompose. Areas are not considered to have soil if the surface is permanently covered by water too deep (typically more than 2.5 meters) for the growth of rooted plants.

The lower boundary that separates soil from the nonsoil underneath is most difficult to define. Soil consists of horizons near the Earth's surface that, in contrast to the underlying parent material, have been altered by the interactions of climate, relief, and living organisms over time. Commonly, soil grades at its lower boundary to hard rock or to earthy materials virtually devoid of animals, roots, or other marks of biological activity. For purposes of classification, the lower boundary of soil is arbitrarily set at 200 cm."  Soil taxonomy, 2nd Ed., quoted in http://www.nrcs.usda.gov/wps/portal/nrcs/detail/soils/edu/?cid=nrcs142p2_054280" , "http://purl.obolibrary.org/obo/ENVO_00005756" , "http://www.w3.org/2000/01/rdf-schema#subClassOf" , "http://purl.obolibrary.org/obo/ENVO_00001998" ,
 "'In engineering terms, soil is referred to as regolith, or loose rock material that lies above the 'solid geology'. Soil is commonly referred to as "earth" or "dirt"; technically, the term "dirt" should be restricted to displaced soil.' https://en.wikipedia.org/wiki/Soil

" The upper limit of soil is the boundary between soil and air, shallow water, live plants, or plant materials that have not begun to decompose. Areas are not considered to have soil if the surface is permanently covered by water too deep (typically more than 2.5 meters) for the growth of rooted plants.

The lower boundary that separates soil from the nonsoil underneath is most difficult to define. Soil consists of horizons near the Earth's surface that, in contrast to the underlying parent material, have been altered by the interactions of climate, relief, and living organisms over time. Commonly, soil grades at its lower boundary to hard rock or to earthy materials virtually devoid of animals, roots, or other marks of biological activity. For purposes of classification, the lower boundary of soil is arbitrarily set at 200 cm."  Soil taxonomy, 2nd Ed., quoted in http://www.nrcs.usda.gov/wps/portal/nrcs/detail/soils/edu/?cid=nrcs142p2_054280" , "http://purl.obolibrary.org/obo/ENVO_00005760" , "http://www.w3.org/2000/01/rdf-schema#subClassOf" , "http://purl.obolibrary.org/obo/ENVO_00001998" ,
 "'In engineering terms, soil is referred to as regolith, or loose rock material that lies above the 'solid geology'. Soil is commonly referred to as "earth" or "dirt"; technically, the term "dirt" should be restricted to displaced soil.' https://en.wikipedia.org/wiki/Soil

" The upper limit of soil is the boundary between soil and air, shallow water, live plants, or plant materials that have not begun to decompose. Areas are not considered to have soil if the surface is permanently covered by water too deep (typically more than 2.5 meters) for the growth of rooted plants.

The lower boundary that separates soil from the nonsoil underneath is most difficult to define. Soil consists of horizons near the Earth's surface that, in contrast to the underlying parent material, have been altered by the interactions of climate, relief, and living organisms over time. Commonly, soil grades at its lower boundary to hard rock or to earthy materials virtually devoid of animals, roots, or other marks of biological activity. For purposes of classification, the lower boundary of soil is arbitrarily set at 200 cm."  Soil taxonomy, 2nd Ed., quoted in http://www.nrcs.usda.gov/wps/portal/nrcs/detail/soils/edu/?cid=nrcs142p2_054280" , "http://purl.obolibrary.org/obo/ENVO_00005764" , "http://www.w3.org/2000/01/rdf-schema#subClassOf" , "http://purl.obolibrary.org/obo/ENVO_00001998" ,
 "'In engineering terms, soil is referred to as regolith, or loose rock material that lies above the 'solid geology'. Soil is commonly referred to as "earth" or "dirt"; technically, the term "dirt" should be restricted to displaced soil.' https://en.wikipedia.org/wiki/Soil

" The upper limit of soil is the boundary between soil and air, shallow water, live plants, or plant materials that have not begun to decompose. Areas are not considered to have soil if the surface is permanently covered by water too deep (typically more than 2.5 meters) for the growth of rooted plants.

The lower boundary that separates soil from the nonsoil underneath is most difficult to define. Soil consists of horizons near the Earth's surface that, in contrast to the underlying parent material, have been altered by the interactions of climate, relief, and living organisms over time. Commonly, soil grades at its lower boundary to hard rock or to earthy materials virtually devoid of animals, roots, or other marks of biological activity. For purposes of classification, the lower boundary of soil is arbitrarily set at 200 cm."  Soil taxonomy, 2nd Ed., quoted in http://www.nrcs.usda.gov/wps/portal/nrcs/detail/soils/edu/?cid=nrcs142p2_054280" , "http://purl.obolibrary.org/obo/ENVO_00005766" , "http://www.w3.org/2000/01/rdf-schema#subClassOf" , "http://purl.obolibrary.org/obo/ENVO_00001998" ,
 "'In engineering terms, soil is referred to as regolith, or loose rock material that lies above the 'solid geology'. Soil is commonly referred to as "earth" or "dirt"; technically, the term "dirt" should be restricted to displaced soil.' https://en.wikipedia.org/wiki/Soil

" The upper limit of soil is the boundary between soil and air, shallow water, live plants, or plant materials that have not begun to decompose. Areas are not considered to have soil if the surface is permanently covered by water too deep (typically more than 2.5 meters) for the growth of rooted plants.

The lower boundary that separates soil from the nonsoil underneath is most difficult to define. Soil consists of horizons near the Earth's surface that, in contrast to the underlying parent material, have been altered by the interactions of climate, relief, and living organisms over time. Commonly, soil grades at its lower boundary to hard rock or to earthy materials virtually devoid of animals, roots, or other marks of biological activity. For purposes of classification, the lower boundary of soil is arbitrarily set at 200 cm."  Soil taxonomy, 2nd Ed., quoted in http://www.nrcs.usda.gov/wps/portal/nrcs/detail/soils/edu/?cid=nrcs142p2_054280" , "http://purl.obolibrary.org/obo/ENVO_00005767" , "http://www.w3.org/2000/01/rdf-schema#subClassOf" , "http://purl.obolibrary.org/obo/ENVO_00001998" ,
 "'In engineering terms, soil is referred to as regolith, or loose rock material that lies above the 'solid geology'. Soil is commonly referred to as "earth" or "dirt"; technically, the term "dirt" should be restricted to displaced soil.' https://en.wikipedia.org/wiki/Soil

" The upper limit of soil is the boundary between soil and air, shallow water, live plants, or plant materials that have not begun to decompose. Areas are not considered to have soil if the surface is permanently covered by water too deep (typically more than 2.5 meters) for the growth of rooted plants.

The lower boundary that separates soil from the nonsoil underneath is most difficult to define. Soil consists of horizons near the Earth's surface that, in contrast to the underlying parent material, have been altered by the interactions of climate, relief, and living organisms over time. Commonly, soil grades at its lower boundary to hard rock or to earthy materials virtually devoid of animals, roots, or other marks of biological activity. For purposes of classification, the lower boundary of soil is arbitrarily set at 200 cm."  Soil taxonomy, 2nd Ed., quoted in http://www.nrcs.usda.gov/wps/portal/nrcs/detail/soils/edu/?cid=nrcs142p2_054280" , "http://purl.obolibrary.org/obo/ENVO_00005768" , "http://www.w3.org/2000/01/rdf-schema#subClassOf" , "http://purl.obolibrary.org/obo/ENVO_00001998" ,
 "'In engineering terms, soil is referred to as regolith, or loose rock material that lies above the 'solid geology'. Soil is commonly referred to as "earth" or "dirt"; technically, the term "dirt" should be restricted to displaced soil.' https://en.wikipedia.org/wiki/Soil

" The upper limit of soil is the boundary between soil and air, shallow water, live plants, or plant materials that have not begun to decompose. Areas are not considered to have soil if the surface is permanently covered by water too deep (typically more than 2.5 meters) for the growth of rooted plants.

The lower boundary that separates soil from the nonsoil underneath is most difficult to define. Soil consists of horizons near the Earth's surface that, in contrast to the underlying parent material, have been altered by the interactions of climate, relief, and living organisms over time. Commonly, soil grades at its lower boundary to hard rock or to earthy materials virtually devoid of animals, roots, or other marks of biological activity. For purposes of classification, the lower boundary of soil is arbitrarily set at 200 cm."  Soil taxonomy, 2nd Ed., quoted in http://www.nrcs.usda.gov/wps/portal/nrcs/detail/soils/edu/?cid=nrcs142p2_054280" , "http://purl.obolibrary.org/obo/ENVO_00005771" , "http://www.w3.org/2000/01/rdf-schema#subClassOf" , "http://purl.obolibrary.org/obo/ENVO_00001998" ,
 "'In engineering terms, soil is referred to as regolith, or loose rock material that lies above the 'solid geology'. Soil is commonly referred to as "earth" or "dirt"; technically, the term "dirt" should be restricted to displaced soil.' https://en.wikipedia.org/wiki/Soil

" The upper limit of soil is the boundary between soil and air, shallow water, live plants, or plant materials that have not begun to decompose. Areas are not considered to have soil if the surface is permanently covered by water too deep (typically more than 2.5 meters) for the growth of rooted plants.

The lower boundary that separates soil from the nonsoil underneath is most difficult to define. Soil consists of horizons near the Earth's surface that, in contrast to the underlying parent material, have been altered by the interactions of climate, relief, and living organisms over time. Commonly, soil grades at its lower boundary to hard rock or to earthy materials virtually devoid of animals, roots, or other marks of biological activity. For purposes of classification, the lower boundary of soil is arbitrarily set at 200 cm."  Soil taxonomy, 2nd Ed., quoted in http://www.nrcs.usda.gov/wps/portal/nrcs/detail/soils/edu/?cid=nrcs142p2_054280" , "http://purl.obolibrary.org/obo/ENVO_00005772" , "http://www.w3.org/2000/01/rdf-schema#subClassOf" , "http://purl.obolibrary.org/obo/ENVO_00001998" ,
 "'In engineering terms, soil is referred to as regolith, or loose rock material that lies above the 'solid geology'. Soil is commonly referred to as "earth" or "dirt"; technically, the term "dirt" should be restricted to displaced soil.' https://en.wikipedia.org/wiki/Soil

" The upper limit of soil is the boundary between soil and air, shallow water, live plants, or plant materials that have not begun to decompose. Areas are not considered to have soil if the surface is permanently covered by water too deep (typically more than 2.5 meters) for the growth of rooted plants.

The lower boundary that separates soil from the nonsoil underneath is most difficult to define. Soil consists of horizons near the Earth's surface that, in contrast to the underlying parent material, have been altered by the interactions of climate, relief, and living organisms over time. Commonly, soil grades at its lower boundary to hard rock or to earthy materials virtually devoid of animals, roots, or other marks of biological activity. For purposes of classification, the lower boundary of soil is arbitrarily set at 200 cm."  Soil taxonomy, 2nd Ed., quoted in http://www.nrcs.usda.gov/wps/portal/nrcs/detail/soils/edu/?cid=nrcs142p2_054280" , "b665" , "http://www.w3.org/1999/02/22-rdf-syntax-ns#first" , "http://purl.obolibrary.org/obo/ENVO_00001998" ,
 "'In engineering terms, soil is referred to as regolith, or loose rock material that lies above the 'solid geology'. Soil is commonly referred to as "earth" or "dirt"; technically, the term "dirt" should be restricted to displaced soil.' https://en.wikipedia.org/wiki/Soil

" The upper limit of soil is the boundary between soil and air, shallow water, live plants, or plant materials that have not begun to decompose. Areas are not considered to have soil if the surface is permanently covered by water too deep (typically more than 2.5 meters) for the growth of rooted plants.

The lower boundary that separates soil from the nonsoil underneath is most difficult to define. Soil consists of horizons near the Earth's surface that, in contrast to the underlying parent material, have been altered by the interactions of climate, relief, and living organisms over time. Commonly, soil grades at its lower boundary to hard rock or to earthy materials virtually devoid of animals, roots, or other marks of biological activity. For purposes of classification, the lower boundary of soil is arbitrarily set at 200 cm."  Soil taxonomy, 2nd Ed., quoted in http://www.nrcs.usda.gov/wps/portal/nrcs/detail/soils/edu/?cid=nrcs142p2_054280" , "b666" , "http://www.w3.org/1999/02/22-rdf-syntax-ns#first" , "http://purl.obolibrary.org/obo/ENVO_00001998" ,
 "'In engineering terms, soil is referred to as regolith, or loose rock material that lies above the 'solid geology'. Soil is commonly referred to as "earth" or "dirt"; technically, the term "dirt" should be restricted to displaced soil.' https://en.wikipedia.org/wiki/Soil

" The upper limit of soil is the boundary between soil and air, shallow water, live plants, or plant materials that have not begun to decompose. Areas are not considered to have soil if the surface is permanently covered by water too deep (typically more than 2.5 meters) for the growth of rooted plants.

The lower boundary that separates soil from the nonsoil underneath is most difficult to define. Soil consists of horizons near the Earth's surface that, in contrast to the underlying parent material, have been altered by the interactions of climate, relief, and living organisms over time. Commonly, soil grades at its lower boundary to hard rock or to earthy materials virtually devoid of animals, roots, or other marks of biological activity. For purposes of classification, the lower boundary of soil is arbitrarily set at 200 cm."  Soil taxonomy, 2nd Ed., quoted in http://www.nrcs.usda.gov/wps/portal/nrcs/detail/soils/edu/?cid=nrcs142p2_054280" , "http://purl.obolibrary.org/obo/ENVO_00005778" , "http://www.w3.org/2000/01/rdf-schema#subClassOf" , "http://purl.obolibrary.org/obo/ENVO_00001998" ,
 "'In engineering terms, soil is referred to as regolith, or loose rock material that lies above the 'solid geology'. Soil is commonly referred to as "earth" or "dirt"; technically, the term "dirt" should be restricted to displaced soil.' https://en.wikipedia.org/wiki/Soil

" The upper limit of soil is the boundary between soil and air, shallow water, live plants, or plant materials that have not begun to decompose. Areas are not considered to have soil if the surface is permanently covered by water too deep (typically more than 2.5 meters) for the growth of rooted plants.

The lower boundary that separates soil from the nonsoil underneath is most difficult to define. Soil consists of horizons near the Earth's surface that, in contrast to the underlying parent material, have been altered by the interactions of climate, relief, and living organisms over time. Commonly, soil grades at its lower boundary to hard rock or to earthy materials virtually devoid of animals, roots, or other marks of biological activity. For purposes of classification, the lower boundary of soil is arbitrarily set at 200 cm."  Soil taxonomy, 2nd Ed., quoted in http://www.nrcs.usda.gov/wps/portal/nrcs/detail/soils/edu/?cid=nrcs142p2_054280" , "http://purl.obolibrary.org/obo/ENVO_00005780" , "http://www.w3.org/2000/01/rdf-schema#subClassOf" , "http://purl.obolibrary.org/obo/ENVO_00001998" ,
 "'In engineering terms, soil is referred to as regolith, or loose rock material that lies above the 'solid geology'. Soil is commonly referred to as "earth" or "dirt"; technically, the term "dirt" should be restricted to displaced soil.' https://en.wikipedia.org/wiki/Soil

" The upper limit of soil is the boundary between soil and air, shallow water, live plants, or plant materials that have not begun to decompose. Areas are not considered to have soil if the surface is permanently covered by water too deep (typically more than 2.5 meters) for the growth of rooted plants.

The lower boundary that separates soil from the nonsoil underneath is most difficult to define. Soil consists of horizons near the Earth's surface that, in contrast to the underlying parent material, have been altered by the interactions of climate, relief, and living organisms over time. Commonly, soil grades at its lower boundary to hard rock or to earthy materials virtually devoid of animals, roots, or other marks of biological activity. For purposes of classification, the lower boundary of soil is arbitrarily set at 200 cm."  Soil taxonomy, 2nd Ed., quoted in http://www.nrcs.usda.gov/wps/portal/nrcs/detail/soils/edu/?cid=nrcs142p2_054280" , "http://purl.obolibrary.org/obo/ENVO_00005781" , "http://www.w3.org/2000/01/rdf-schema#subClassOf" , "http://purl.obolibrary.org/obo/ENVO_00001998" ,
 "'In engineering terms, soil is referred to as regolith, or loose rock material that lies above the 'solid geology'. Soil is commonly referred to as "earth" or "dirt"; technically, the term "dirt" should be restricted to displaced soil.' https://en.wikipedia.org/wiki/Soil

" The upper limit of soil is the boundary between soil and air, shallow water, live plants, or plant materials that have not begun to decompose. Areas are not considered to have soil if the surface is permanently covered by water too deep (typically more than 2.5 meters) for the growth of rooted plants.

The lower boundary that separates soil from the nonsoil underneath is most difficult to define. Soil consists of horizons near the Earth's surface that, in contrast to the underlying parent material, have been altered by the interactions of climate, relief, and living organisms over time. Commonly, soil grades at its lower boundary to hard rock or to earthy materials virtually devoid of animals, roots, or other marks of biological activity. For purposes of classification, the lower boundary of soil is arbitrarily set at 200 cm."  Soil taxonomy, 2nd Ed., quoted in http://www.nrcs.usda.gov/wps/portal/nrcs/detail/soils/edu/?cid=nrcs142p2_054280" , "http://purl.obolibrary.org/obo/ENVO_00005782" , "http://www.w3.org/2000/01/rdf-schema#subClassOf" , "http://purl.obolibrary.org/obo/ENVO_00001998" ,
 "'In engineering terms, soil is referred to as regolith, or loose rock material that lies above the 'solid geology'. Soil is commonly referred to as "earth" or "dirt"; technically, the term "dirt" should be restricted to displaced soil.' https://en.wikipedia.org/wiki/Soil

" The upper limit of soil is the boundary between soil and air, shallow water, live plants, or plant materials that have not begun to decompose. Areas are not considered to have soil if the surface is permanently covered by water too deep (typically more than 2.5 meters) for the growth of rooted plants.

The lower boundary that separates soil from the nonsoil underneath is most difficult to define. Soil consists of horizons near the Earth's surface that, in contrast to the underlying parent material, have been altered by the interactions of climate, relief, and living organisms over time. Commonly, soil grades at its lower boundary to hard rock or to earthy materials virtually devoid of animals, roots, or other marks of biological activity. For purposes of classification, the lower boundary of soil is arbitrarily set at 200 cm."  Soil taxonomy, 2nd Ed., quoted in http://www.nrcs.usda.gov/wps/portal/nrcs/detail/soils/edu/?cid=nrcs142p2_054280" , "http://purl.obolibrary.org/obo/ENVO_00005785" , "http://www.w3.org/2000/01/rdf-schema#subClassOf" , "http://purl.obolibrary.org/obo/ENVO_00001998" ,
 "'In engineering terms, soil is referred to as regolith, or loose rock material that lies above the 'solid geology'. Soil is commonly referred to as "earth" or "dirt"; technically, the term "dirt" should be restricted to displaced soil.' https://en.wikipedia.org/wiki/Soil

" The upper limit of soil is the boundary between soil and air, shallow water, live plants, or plant materials that have not begun to decompose. Areas are not considered to have soil if the surface is permanently covered by water too deep (typically more than 2.5 meters) for the growth of rooted plants.

The lower boundary that separates soil from the nonsoil underneath is most difficult to define. Soil consists of horizons near the Earth's surface that, in contrast to the underlying parent material, have been altered by the interactions of climate, relief, and living organisms over time. Commonly, soil grades at its lower boundary to hard rock or to earthy materials virtually devoid of animals, roots, or other marks of biological activity. For purposes of classification, the lower boundary of soil is arbitrarily set at 200 cm."  Soil taxonomy, 2nd Ed., quoted in http://www.nrcs.usda.gov/wps/portal/nrcs/detail/soils/edu/?cid=nrcs142p2_054280" , "b667" , "http://www.w3.org/1999/02/22-rdf-syntax-ns#first" , "http://purl.obolibrary.org/obo/ENVO_00001998" ,
 "'In engineering terms, soil is referred to as regolith, or loose rock material that lies above the 'solid geology'. Soil is commonly referred to as "earth" or "dirt"; technically, the term "dirt" should be restricted to displaced soil.' https://en.wikipedia.org/wiki/Soil

" The upper limit of soil is the boundary between soil and air, shallow water, live plants, or plant materials that have not begun to decompose. Areas are not considered to have soil if the surface is permanently covered by water too deep (typically more than 2.5 meters) for the growth of rooted plants.

The lower boundary that separates soil from the nonsoil underneath is most difficult to define. Soil consists of horizons near the Earth's surface that, in contrast to the underlying parent material, have been altered by the interactions of climate, relief, and living organisms over time. Commonly, soil grades at its lower boundary to hard rock or to earthy materials virtually devoid of animals, roots, or other marks of biological activity. For purposes of classification, the lower boundary of soil is arbitrarily set at 200 cm."  Soil taxonomy, 2nd Ed., quoted in http://www.nrcs.usda.gov/wps/portal/nrcs/detail/soils/edu/?cid=nrcs142p2_054280" , "http://purl.obolibrary.org/obo/ENVO_00005786" , "http://www.w3.org/2000/01/rdf-schema#subClassOf" , "http://purl.obolibrary.org/obo/ENVO_00001998" ,
 "'In engineering terms, soil is referred to as regolith, or loose rock material that lies above the 'solid geology'. Soil is commonly referred to as "earth" or "dirt"; technically, the term "dirt" should be restricted to displaced soil.' https://en.wikipedia.org/wiki/Soil

" The upper limit of soil is the boundary between soil and air, shallow water, live plants, or plant materials that have not begun to decompose. Areas are not considered to have soil if the surface is permanently covered by water too deep (typically more than 2.5 meters) for the growth of rooted plants.

The lower boundary that separates soil from the nonsoil underneath is most difficult to define. Soil consists of horizons near the Earth's surface that, in contrast to the underlying parent material, have been altered by the interactions of climate, relief, and living organisms over time. Commonly, soil grades at its lower boundary to hard rock or to earthy materials virtually devoid of animals, roots, or other marks of biological activity. For purposes of classification, the lower boundary of soil is arbitrarily set at 200 cm."  Soil taxonomy, 2nd Ed., quoted in http://www.nrcs.usda.gov/wps/portal/nrcs/detail/soils/edu/?cid=nrcs142p2_054280" , "b668" , "http://www.w3.org/1999/02/22-rdf-syntax-ns#first" , "http://purl.obolibrary.org/obo/ENVO_00001998" ,
 "'In engineering terms, soil is referred to as regolith, or loose rock material that lies above the 'solid geology'. Soil is commonly referred to as "earth" or "dirt"; technically, the term "dirt" should be restricted to displaced soil.' https://en.wikipedia.org/wiki/Soil

" The upper limit of soil is the boundary between soil and air, shallow water, live plants, or plant materials that have not begun to decompose. Areas are not considered to have soil if the surface is permanently covered by water too deep (typically more than 2.5 meters) for the growth of rooted plants.

The lower boundary that separates soil from the nonsoil underneath is most difficult to define. Soil consists of horizons near the Earth's surface that, in contrast to the underlying parent material, have been altered by the interactions of climate, relief, and living organisms over time. Commonly, soil grades at its lower boundary to hard rock or to earthy materials virtually devoid of animals, roots, or other marks of biological activity. For purposes of classification, the lower boundary of soil is arbitrarily set at 200 cm."  Soil taxonomy, 2nd Ed., quoted in http://www.nrcs.usda.gov/wps/portal/nrcs/detail/soils/edu/?cid=nrcs142p2_054280" , "http://purl.obolibrary.org/obo/ENVO_00005790" , "http://www.w3.org/2000/01/rdf-schema#subClassOf" , "http://purl.obolibrary.org/obo/ENVO_00001998" ,
 "'In engineering terms, soil is referred to as regolith, or loose rock material that lies above the 'solid geology'. Soil is commonly referred to as "earth" or "dirt"; technically, the term "dirt" should be restricted to displaced soil.' https://en.wikipedia.org/wiki/Soil

" The upper limit of soil is the boundary between soil and air, shallow water, live plants, or plant materials that have not begun to decompose. Areas are not considered to have soil if the surface is permanently covered by water too deep (typically more than 2.5 meters) for the growth of rooted plants.

The lower boundary that separates soil from the nonsoil underneath is most difficult to define. Soil consists of horizons near the Earth's surface that, in contrast to the underlying parent material, have been altered by the interactions of climate, relief, and living organisms over time. Commonly, soil grades at its lower boundary to hard rock or to earthy materials virtually devoid of animals, roots, or other marks of biological activity. For purposes of classification, the lower boundary of soil is arbitrarily set at 200 cm."  Soil taxonomy, 2nd Ed., quoted in http://www.nrcs.usda.gov/wps/portal/nrcs/detail/soils/edu/?cid=nrcs142p2_054280" , "b669" , "http://www.w3.org/2002/07/owl#someValuesFrom" , "http://purl.obolibrary.org/obo/ENVO_00001998" ,
 "'In engineering terms, soil is referred to as regolith, or loose rock material that lies above the 'solid geology'. Soil is commonly referred to as "earth" or "dirt"; technically, the term "dirt" should be restricted to displaced soil.' https://en.wikipedia.org/wiki/Soil

" The upper limit of soil is the boundary between soil and air, shallow water, live plants, or plant materials that have not begun to decompose. Areas are not considered to have soil if the surface is permanently covered by water too deep (typically more than 2.5 meters) for the growth of rooted plants.

The lower boundary that separates soil from the nonsoil underneath is most difficult to define. Soil consists of horizons near the Earth's surface that, in contrast to the underlying parent material, have been altered by the interactions of climate, relief, and living organisms over time. Commonly, soil grades at its lower boundary to hard rock or to earthy materials virtually devoid of animals, roots, or other marks of biological activity. For purposes of classification, the lower boundary of soil is arbitrarily set at 200 cm."  Soil taxonomy, 2nd Ed., quoted in http://www.nrcs.usda.gov/wps/portal/nrcs/detail/soils/edu/?cid=nrcs142p2_054280" , "http://purl.obolibrary.org/obo/ENVO_00005802" , "http://www.w3.org/2000/01/rdf-schema#subClassOf" , "http://purl.obolibrary.org/obo/ENVO_00001998" ,
 "'In engineering terms, soil is referred to as regolith, or loose rock material that lies above the 'solid geology'. Soil is commonly referred to as "earth" or "dirt"; technically, the term "dirt" should be restricted to displaced soil.' https://en.wikipedia.org/wiki/Soil

" The upper limit of soil is the boundary between soil and air, shallow water, live plants, or plant materials that have not begun to decompose. Areas are not considered to have soil if the surface is permanently covered by water too deep (typically more than 2.5 meters) for the growth of rooted plants.

The lower boundary that separates soil from the nonsoil underneath is most difficult to define. Soil consists of horizons near the Earth's surface that, in contrast to the underlying parent material, have been altered by the interactions of climate, relief, and living organisms over time. Commonly, soil grades at its lower boundary to hard rock or to earthy materials virtually devoid of animals, roots, or other marks of biological activity. For purposes of classification, the lower boundary of soil is arbitrarily set at 200 cm."  Soil taxonomy, 2nd Ed., quoted in http://www.nrcs.usda.gov/wps/portal/nrcs/detail/soils/edu/?cid=nrcs142p2_054280" , "b670" , "http://www.w3.org/2002/07/owl#someValuesFrom" , "http://purl.obolibrary.org/obo/ENVO_00001998" ,
 "'In engineering terms, soil is referred to as regolith, or loose rock material that lies above the 'solid geology'. Soil is commonly referred to as "earth" or "dirt"; technically, the term "dirt" should be restricted to displaced soil.' https://en.wikipedia.org/wiki/Soil

" The upper limit of soil is the boundary between soil and air, shallow water, live plants, or plant materials that have not begun to decompose. Areas are not considered to have soil if the surface is permanently covered by water too deep (typically more than 2.5 meters) for the growth of rooted plants.

The lower boundary that separates soil from the nonsoil underneath is most difficult to define. Soil consists of horizons near the Earth's surface that, in contrast to the underlying parent material, have been altered by the interactions of climate, relief, and living organisms over time. Commonly, soil grades at its lower boundary to hard rock or to earthy materials virtually devoid of animals, roots, or other marks of biological activity. For purposes of classification, the lower boundary of soil is arbitrarily set at 200 cm."  Soil taxonomy, 2nd Ed., quoted in http://www.nrcs.usda.gov/wps/portal/nrcs/detail/soils/edu/?cid=nrcs142p2_054280" , "b671" , "http://www.w3.org/1999/02/22-rdf-syntax-ns#first" , "http://purl.obolibrary.org/obo/ENVO_00001998" ,
 "'In engineering terms, soil is referred to as regolith, or loose rock material that lies above the 'solid geology'. Soil is commonly referred to as "earth" or "dirt"; technically, the term "dirt" should be restricted to displaced soil.' https://en.wikipedia.org/wiki/Soil

" The upper limit of soil is the boundary between soil and air, shallow water, live plants, or plant materials that have not begun to decompose. Areas are not considered to have soil if the surface is permanently covered by water too deep (typically more than 2.5 meters) for the growth of rooted plants.

The lower boundary that separates soil from the nonsoil underneath is most difficult to define. Soil consists of horizons near the Earth's surface that, in contrast to the underlying parent material, have been altered by the interactions of climate, relief, and living organisms over time. Commonly, soil grades at its lower boundary to hard rock or to earthy materials virtually devoid of animals, roots, or other marks of biological activity. For purposes of classification, the lower boundary of soil is arbitrarily set at 200 cm."  Soil taxonomy, 2nd Ed., quoted in http://www.nrcs.usda.gov/wps/portal/nrcs/detail/soils/edu/?cid=nrcs142p2_054280" , "b672" , "http://www.w3.org/1999/02/22-rdf-syntax-ns#first" , "http://purl.obolibrary.org/obo/ENVO_00001998" ,
 "'In engineering terms, soil is referred to as regolith, or loose rock material that lies above the 'solid geology'. Soil is commonly referred to as "earth" or "dirt"; technically, the term "dirt" should be restricted to displaced soil.' https://en.wikipedia.org/wiki/Soil

" The upper limit of soil is the boundary between soil and air, shallow water, live plants, or plant materials that have not begun to decompose. Areas are not considered to have soil if the surface is permanently covered by water too deep (typically more than 2.5 meters) for the growth of rooted plants.

The lower boundary that separates soil from the nonsoil underneath is most difficult to define. Soil consists of horizons near the Earth's surface that, in contrast to the underlying parent material, have been altered by the interactions of climate, relief, and living organisms over time. Commonly, soil grades at its lower boundary to hard rock or to earthy materials virtually devoid of animals, roots, or other marks of biological activity. For purposes of classification, the lower boundary of soil is arbitrarily set at 200 cm."  Soil taxonomy, 2nd Ed., quoted in http://www.nrcs.usda.gov/wps/portal/nrcs/detail/soils/edu/?cid=nrcs142p2_054280" , "b673" , "http://www.w3.org/1999/02/22-rdf-syntax-ns#first" , "http://purl.obolibrary.org/obo/ENVO_00001998" ,
 "'In engineering terms, soil is referred to as regolith, or loose rock material that lies above the 'solid geology'. Soil is commonly referred to as "earth" or "dirt"; technically, the term "dirt" should be restricted to displaced soil.' https://en.wikipedia.org/wiki/Soil

" The upper limit of soil is the boundary between soil and air, shallow water, live plants, or plant materials that have not begun to decompose. Areas are not considered to have soil if the surface is permanently covered by water too deep (typically more than 2.5 meters) for the growth of rooted plants.

The lower boundary that separates soil from the nonsoil underneath is most difficult to define. Soil consists of horizons near the Earth's surface that, in contrast to the underlying parent material, have been altered by the interactions of climate, relief, and living organisms over time. Commonly, soil grades at its lower boundary to hard rock or to earthy materials virtually devoid of animals, roots, or other marks of biological activity. For purposes of classification, the lower boundary of soil is arbitrarily set at 200 cm."  Soil taxonomy, 2nd Ed., quoted in http://www.nrcs.usda.gov/wps/portal/nrcs/detail/soils/edu/?cid=nrcs142p2_054280" , "b674" , "http://www.w3.org/2002/07/owl#someValuesFrom" , "http://purl.obolibrary.org/obo/ENVO_00001998" ,
 "'In engineering terms, soil is referred to as regolith, or loose rock material that lies above the 'solid geology'. Soil is commonly referred to as "earth" or "dirt"; technically, the term "dirt" should be restricted to displaced soil.' https://en.wikipedia.org/wiki/Soil

" The upper limit of soil is the boundary between soil and air, shallow water, live plants, or plant materials that have not begun to decompose. Areas are not considered to have soil if the surface is permanently covered by water too deep (typically more than 2.5 meters) for the growth of rooted plants.

The lower boundary that separates soil from the nonsoil underneath is most difficult to define. Soil consists of horizons near the Earth's surface that, in contrast to the underlying parent material, have been altered by the interactions of climate, relief, and living organisms over time. Commonly, soil grades at its lower boundary to hard rock or to earthy materials virtually devoid of animals, roots, or other marks of biological activity. For purposes of classification, the lower boundary of soil is arbitrarily set at 200 cm."  Soil taxonomy, 2nd Ed., quoted in http://www.nrcs.usda.gov/wps/portal/nrcs/detail/soils/edu/?cid=nrcs142p2_054280" , "b675" , "http://www.w3.org/2002/07/owl#someValuesFrom" , "http://purl.obolibrary.org/obo/ENVO_00001998" ,
 "'In engineering terms, soil is referred to as regolith, or loose rock material that lies above the 'solid geology'. Soil is commonly referred to as "earth" or "dirt"; technically, the term "dirt" should be restricted to displaced soil.' https://en.wikipedia.org/wiki/Soil

" The upper limit of soil is the boundary between soil and air, shallow water, live plants, or plant materials that have not begun to decompose. Areas are not considered to have soil if the surface is permanently covered by water too deep (typically more than 2.5 meters) for the growth of rooted plants.

The lower boundary that separates soil from the nonsoil underneath is most difficult to define. Soil consists of horizons near the Earth's surface that, in contrast to the underlying parent material, have been altered by the interactions of climate, relief, and living organisms over time. Commonly, soil grades at its lower boundary to hard rock or to earthy materials virtually devoid of animals, roots, or other marks of biological activity. For purposes of classification, the lower boundary of soil is arbitrarily set at 200 cm."  Soil taxonomy, 2nd Ed., quoted in http://www.nrcs.usda.gov/wps/portal/nrcs/detail/soils/edu/?cid=nrcs142p2_054280" , "b676" , "http://www.w3.org/1999/02/22-rdf-syntax-ns#first" , "http://purl.obolibrary.org/obo/ENVO_00001998" ,
 "'In engineering terms, soil is referred to as regolith, or loose rock material that lies above the 'solid geology'. Soil is commonly referred to as "earth" or "dirt"; technically, the term "dirt" should be restricted to displaced soil.' https://en.wikipedia.org/wiki/Soil

" The upper limit of soil is the boundary between soil and air, shallow water, live plants, or plant materials that have not begun to decompose. Areas are not considered to have soil if the surface is permanently covered by water too deep (typically more than 2.5 meters) for the growth of rooted plants.

The lower boundary that separates soil from the nonsoil underneath is most difficult to define. Soil consists of horizons near the Earth's surface that, in contrast to the underlying parent material, have been altered by the interactions of climate, relief, and living organisms over time. Commonly, soil grades at its lower boundary to hard rock or to earthy materials virtually devoid of animals, roots, or other marks of biological activity. For purposes of classification, the lower boundary of soil is arbitrarily set at 200 cm."  Soil taxonomy, 2nd Ed., quoted in http://www.nrcs.usda.gov/wps/portal/nrcs/detail/soils/edu/?cid=nrcs142p2_054280" , "b677" , "http://www.w3.org/1999/02/22-rdf-syntax-ns#first" , "http://purl.obolibrary.org/obo/ENVO_00001998" ,
 "'In engineering terms, soil is referred to as regolith, or loose rock material that lies above the 'solid geology'. Soil is commonly referred to as "earth" or "dirt"; technically, the term "dirt" should be restricted to displaced soil.' https://en.wikipedia.org/wiki/Soil

" The upper limit of soil is the boundary between soil and air, shallow water, live plants, or plant materials that have not begun to decompose. Areas are not considered to have soil if the surface is permanently covered by water too deep (typically more than 2.5 meters) for the growth of rooted plants.

The lower boundary that separates soil from the nonsoil underneath is most difficult to define. Soil consists of horizons near the Earth's surface that, in contrast to the underlying parent material, have been altered by the interactions of climate, relief, and living organisms over time. Commonly, soil grades at its lower boundary to hard rock or to earthy materials virtually devoid of animals, roots, or other marks of biological activity. For purposes of classification, the lower boundary of soil is arbitrarily set at 200 cm."  Soil taxonomy, 2nd Ed., quoted in http://www.nrcs.usda.gov/wps/portal/nrcs/detail/soils/edu/?cid=nrcs142p2_054280" , "http://purl.obolibrary.org/obo/ENVO_02000059" , "http://www.w3.org/2000/01/rdf-schema#subClassOf" , "http://purl.obolibrary.org/obo/ENVO_00001998" ,
 "'In engineering terms, soil is referred to as regolith, or loose rock material that lies above the 'solid geology'. Soil is commonly referred to as "earth" or "dirt"; technically, the term "dirt" should be restricted to displaced soil.' https://en.wikipedia.org/wiki/Soil

" The upper limit of soil is the boundary between soil and air, shallow water, live plants, or plant materials that have not begun to decompose. Areas are not considered to have soil if the surface is permanently covered by water too deep (typically more than 2.5 meters) for the growth of rooted plants.

The lower boundary that separates soil from the nonsoil underneath is most difficult to define. Soil consists of horizons near the Earth's surface that, in contrast to the underlying parent material, have been altered by the interactions of climate, relief, and living organisms over time. Commonly, soil grades at its lower boundary to hard rock or to earthy materials virtually devoid of animals, roots, or other marks of biological activity. For purposes of classification, the lower boundary of soil is arbitrarily set at 200 cm."  Soil taxonomy, 2nd Ed., quoted in http://www.nrcs.usda.gov/wps/portal/nrcs/detail/soils/edu/?cid=nrcs142p2_054280" , "b678" , "http://www.w3.org/1999/02/22-rdf-syntax-ns#first" , "http://purl.obolibrary.org/obo/ENVO_00001998" ,
 "'In engineering terms, soil is referred to as regolith, or loose rock material that lies above the 'solid geology'. Soil is commonly referred to as "earth" or "dirt"; technically, the term "dirt" should be restricted to displaced soil.' https://en.wikipedia.org/wiki/Soil

" The upper limit of soil is the boundary between soil and air, shallow water, live plants, or plant materials that have not begun to decompose. Areas are not considered to have soil if the surface is permanently covered by water too deep (typically more than 2.5 meters) for the growth of rooted plants.

The lower boundary that separates soil from the nonsoil underneath is most difficult to define. Soil consists of horizons near the Earth's surface that, in contrast to the underlying parent material, have been altered by the interactions of climate, relief, and living organisms over time. Commonly, soil grades at its lower boundary to hard rock or to earthy materials virtually devoid of animals, roots, or other marks of biological activity. For purposes of classification, the lower boundary of soil is arbitrarily set at 200 cm."  Soil taxonomy, 2nd Ed., quoted in http://www.nrcs.usda.gov/wps/portal/nrcs/detail/soils/edu/?cid=nrcs142p2_054280" , "b679" , "http://www.w3.org/2002/07/owl#someValuesFrom" , "http://purl.obolibrary.org/obo/ENVO_00001998" ,
 "'In engineering terms, soil is referred to as regolith, or loose rock material that lies above the 'solid geology'. Soil is commonly referred to as "earth" or "dirt"; technically, the term "dirt" should be restricted to displaced soil.' https://en.wikipedia.org/wiki/Soil

" The upper limit of soil is the boundary between soil and air, shallow water, live plants, or plant materials that have not begun to decompose. Areas are not considered to have soil if the surface is permanently covered by water too deep (typically more than 2.5 meters) for the growth of rooted plants.

The lower boundary that separates soil from the nonsoil underneath is most difficult to define. Soil consists of horizons near the Earth's surface that, in contrast to the underlying parent material, have been altered by the interactions of climate, relief, and living organisms over time. Commonly, soil grades at its lower boundary to hard rock or to earthy materials virtually devoid of animals, roots, or other marks of biological activity. For purposes of classification, the lower boundary of soil is arbitrarily set at 200 cm."  Soil taxonomy, 2nd Ed., quoted in http://www.nrcs.usda.gov/wps/portal/nrcs/detail/soils/edu/?cid=nrcs142p2_054280" , "b680" , "http://www.w3.org/2002/07/owl#someValuesFrom" , "http://purl.obolibrary.org/obo/ENVO_00001998" ,
 "'In engineering terms, soil is referred to as regolith, or loose rock material that lies above the 'solid geology'. Soil is commonly referred to as "earth" or "dirt"; technically, the term "dirt" should be restricted to displaced soil.' https://en.wikipedia.org/wiki/Soil

" The upper limit of soil is the boundary between soil and air, shallow water, live plants, or plant materials that have not begun to decompose. Areas are not considered to have soil if the surface is permanently covered by water too deep (typically more than 2.5 meters) for the growth of rooted plants.

The lower boundary that separates soil from the nonsoil underneath is most difficult to define. Soil consists of horizons near the Earth's surface that, in contrast to the underlying parent material, have been altered by the interactions of climate, relief, and living organisms over time. Commonly, soil grades at its lower boundary to hard rock or to earthy materials virtually devoid of animals, roots, or other marks of biological activity. For purposes of classification, the lower boundary of soil is arbitrarily set at 200 cm."  Soil taxonomy, 2nd Ed., quoted in http://www.nrcs.usda.gov/wps/portal/nrcs/detail/soils/edu/?cid=nrcs142p2_054280" , "b681" , "http://www.w3.org/2002/07/owl#someValuesFrom" , "http://purl.obolibrary.org/obo/ENVO_00001998" ,
 "'In engineering terms, soil is referred to as regolith, or loose rock material that lies above the 'solid geology'. Soil is commonly referred to as "earth" or "dirt"; technically, the term "dirt" should be restricted to displaced soil.' https://en.wikipedia.org/wiki/Soil

" The upper limit of soil is the boundary between soil and air, shallow water, live plants, or plant materials that have not begun to decompose. Areas are not considered to have soil if the surface is permanently covered by water too deep (typically more than 2.5 meters) for the growth of rooted plants.

The lower boundary that separates soil from the nonsoil underneath is most difficult to define. Soil consists of horizons near the Earth's surface that, in contrast to the underlying parent material, have been altered by the interactions of climate, relief, and living organisms over time. Commonly, soil grades at its lower boundary to hard rock or to earthy materials virtually devoid of animals, roots, or other marks of biological activity. For purposes of classification, the lower boundary of soil is arbitrarily set at 200 cm."  Soil taxonomy, 2nd Ed., quoted in http://www.nrcs.usda.gov/wps/portal/nrcs/detail/soils/edu/?cid=nrcs142p2_054280" , "b682" , "http://www.w3.org/2002/07/owl#someValuesFrom" , "http://purl.obolibrary.org/obo/ENVO_00001998" ,
 "'In engineering terms, soil is referred to as regolith, or loose rock material that lies above the 'solid geology'. Soil is commonly referred to as "earth" or "dirt"; technically, the term "dirt" should be restricted to displaced soil.' https://en.wikipedia.org/wiki/Soil

" The upper limit of soil is the boundary between soil and air, shallow water, live plants, or plant materials that have not begun to decompose. Areas are not considered to have soil if the surface is permanently covered by water too deep (typically more than 2.5 meters) for the growth of rooted plants.

The lower boundary that separates soil from the nonsoil underneath is most difficult to define. Soil consists of horizons near the Earth's surface that, in contrast to the underlying parent material, have been altered by the interactions of climate, relief, and living organisms over time. Commonly, soil grades at its lower boundary to hard rock or to earthy materials virtually devoid of animals, roots, or other marks of biological activity. For purposes of classification, the lower boundary of soil is arbitrarily set at 200 cm."  Soil taxonomy, 2nd Ed., quoted in http://www.nrcs.usda.gov/wps/portal/nrcs/detail/soils/edu/?cid=nrcs142p2_054280" , "b683" , "http://www.w3.org/2002/07/owl#someValuesFrom" , "http://purl.obolibrary.org/obo/ENVO_00001998" ,
 "'In engineering terms, soil is referred to as regolith, or loose rock material that lies above the 'solid geology'. Soil is commonly referred to as "earth" or "dirt"; technically, the term "dirt" should be restricted to displaced soil.' https://en.wikipedia.org/wiki/Soil

" The upper limit of soil is the boundary between soil and air, shallow water, live plants, or plant materials that have not begun to decompose. Areas are not considered to have soil if the surface is permanently covered by water too deep (typically more than 2.5 meters) for the growth of rooted plants.

The lower boundary that separates soil from the nonsoil underneath is most difficult to define. Soil consists of horizons near the Earth's surface that, in contrast to the underlying parent material, have been altered by the interactions of climate, relief, and living organisms over time. Commonly, soil grades at its lower boundary to hard rock or to earthy materials virtually devoid of animals, roots, or other marks of biological activity. For purposes of classification, the lower boundary of soil is arbitrarily set at 200 cm."  Soil taxonomy, 2nd Ed., quoted in http://www.nrcs.usda.gov/wps/portal/nrcs/detail/soils/edu/?cid=nrcs142p2_054280" , "b684" , "http://www.w3.org/2002/07/owl#someValuesFrom" , "http://purl.obolibrary.org/obo/ENVO_00001998" ,
 "'In engineering terms, soil is referred to as regolith, or loose rock material that lies above the 'solid geology'. Soil is commonly referred to as "earth" or "dirt"; technically, the term "dirt" should be restricted to displaced soil.' https://en.wikipedia.org/wiki/Soil

" The upper limit of soil is the boundary between soil and air, shallow water, live plants, or plant materials that have not begun to decompose. Areas are not considered to have soil if the surface is permanently covered by water too deep (typically more than 2.5 meters) for the growth of rooted plants.

The lower boundary that separates soil from the nonsoil underneath is most difficult to define. Soil consists of horizons near the Earth's surface that, in contrast to the underlying parent material, have been altered by the interactions of climate, relief, and living organisms over time. Commonly, soil grades at its lower boundary to hard rock or to earthy materials virtually devoid of animals, roots, or other marks of biological activity. For purposes of classification, the lower boundary of soil is arbitrarily set at 200 cm."  Soil taxonomy, 2nd Ed., quoted in http://www.nrcs.usda.gov/wps/portal/nrcs/detail/soils/edu/?cid=nrcs142p2_054280" , "b685" , "http://www.w3.org/2002/07/owl#someValuesFrom" , "http://purl.obolibrary.org/obo/ENVO_00001998" ,
 "'In engineering terms, soil is referred to as regolith, or loose rock material that lies above the 'solid geology'. Soil is commonly referred to as "earth" or "dirt"; technically, the term "dirt" should be restricted to displaced soil.' https://en.wikipedia.org/wiki/Soil

" The upper limit of soil is the boundary between soil and air, shallow water, live plants, or plant materials that have not begun to decompose. Areas are not considered to have soil if the surface is permanently covered by water too deep (typically more than 2.5 meters) for the growth of rooted plants.

The lower boundary that separates soil from the nonsoil underneath is most difficult to define. Soil consists of horizons near the Earth's surface that, in contrast to the underlying parent material, have been altered by the interactions of climate, relief, and living organisms over time. Commonly, soil grades at its lower boundary to hard rock or to earthy materials virtually devoid of animals, roots, or other marks of biological activity. For purposes of classification, the lower boundary of soil is arbitrarily set at 200 cm."  Soil taxonomy, 2nd Ed., quoted in http://www.nrcs.usda.gov/wps/portal/nrcs/detail/soils/edu/?cid=nrcs142p2_054280" , "b686" , "http://www.w3.org/2002/07/owl#someValuesFrom" , "http://purl.obolibrary.org/obo/ENVO_00001998" ,
 "'In engineering terms, soil is referred to as regolith, or loose rock material that lies above the 'solid geology'. Soil is commonly referred to as "earth" or "dirt"; technically, the term "dirt" should be restricted to displaced soil.' https://en.wikipedia.org/wiki/Soil

" The upper limit of soil is the boundary between soil and air, shallow water, live plants, or plant materials that have not begun to decompose. Areas are not considered to have soil if the surface is permanently covered by water too deep (typically more than 2.5 meters) for the growth of rooted plants.

The lower boundary that separates soil from the nonsoil underneath is most difficult to define. Soil consists of horizons near the Earth's surface that, in contrast to the underlying parent material, have been altered by the interactions of climate, relief, and living organisms over time. Commonly, soil grades at its lower boundary to hard rock or to earthy materials virtually devoid of animals, roots, or other marks of biological activity. For purposes of classification, the lower boundary of soil is arbitrarily set at 200 cm."  Soil taxonomy, 2nd Ed., quoted in http://www.nrcs.usda.gov/wps/portal/nrcs/detail/soils/edu/?cid=nrcs142p2_054280" , "b687" , "http://www.w3.org/2002/07/owl#someValuesFrom" , "http://purl.obolibrary.org/obo/ENVO_00001998" ,
 "'In engineering terms, soil is referred to as regolith, or loose rock material that lies above the 'solid geology'. Soil is commonly referred to as "earth" or "dirt"; technically, the term "dirt" should be restricted to displaced soil.' https://en.wikipedia.org/wiki/Soil

" The upper limit of soil is the boundary between soil and air, shallow water, live plants, or plant materials that have not begun to decompose. Areas are not considered to have soil if the surface is permanently covered by water too deep (typically more than 2.5 meters) for the growth of rooted plants.

The lower boundary that separates soil from the nonsoil underneath is most difficult to define. Soil consists of horizons near the Earth's surface that, in contrast to the underlying parent material, have been altered by the interactions of climate, relief, and living organisms over time. Commonly, soil grades at its lower boundary to hard rock or to earthy materials virtually devoid of animals, roots, or other marks of biological activity. For purposes of classification, the lower boundary of soil is arbitrarily set at 200 cm."  Soil taxonomy, 2nd Ed., quoted in http://www.nrcs.usda.gov/wps/portal/nrcs/detail/soils/edu/?cid=nrcs142p2_054280" , "b688" , "http://www.w3.org/2002/07/owl#someValuesFrom" , "http://purl.obolibrary.org/obo/ENVO_00001998" ,
 "'In engineering terms, soil is referred to as regolith, or loose rock material that lies above the 'solid geology'. Soil is commonly referred to as "earth" or "dirt"; technically, the term "dirt" should be restricted to displaced soil.' https://en.wikipedia.org/wiki/Soil

" The upper limit of soil is the boundary between soil and air, shallow water, live plants, or plant materials that have not begun to decompose. Areas are not considered to have soil if the surface is permanently covered by water too deep (typically more than 2.5 meters) for the growth of rooted plants.

The lower boundary that separates soil from the nonsoil underneath is most difficult to define. Soil consists of horizons near the Earth's surface that, in contrast to the underlying parent material, have been altered by the interactions of climate, relief, and living organisms over time. Commonly, soil grades at its lower boundary to hard rock or to earthy materials virtually devoid of animals, roots, or other marks of biological activity. For purposes of classification, the lower boundary of soil is arbitrarily set at 200 cm."  Soil taxonomy, 2nd Ed., quoted in http://www.nrcs.usda.gov/wps/portal/nrcs/detail/soils/edu/?cid=nrcs142p2_054280" , "b689" , "http://www.w3.org/2002/07/owl#someValuesFrom" , "http://purl.obolibrary.org/obo/ENVO_00001998" ,
 "'In engineering terms, soil is referred to as regolith, or loose rock material that lies above the 'solid geology'. Soil is commonly referred to as "earth" or "dirt"; technically, the term "dirt" should be restricted to displaced soil.' https://en.wikipedia.org/wiki/Soil

" The upper limit of soil is the boundary between soil and air, shallow water, live plants, or plant materials that have not begun to decompose. Areas are not considered to have soil if the surface is permanently covered by water too deep (typically more than 2.5 meters) for the growth of rooted plants.

The lower boundary that separates soil from the nonsoil underneath is most difficult to define. Soil consists of horizons near the Earth's surface that, in contrast to the underlying parent material, have been altered by the interactions of climate, relief, and living organisms over time. Commonly, soil grades at its lower boundary to hard rock or to earthy materials virtually devoid of animals, roots, or other marks of biological activity. For purposes of classification, the lower boundary of soil is arbitrarily set at 200 cm."  Soil taxonomy, 2nd Ed., quoted in http://www.nrcs.usda.gov/wps/portal/nrcs/detail/soils/edu/?cid=nrcs142p2_054280" , "b690" , "http://www.w3.org/2002/07/owl#someValuesFrom" , "http://purl.obolibrary.org/obo/ENVO_00001998" ,
 "'In engineering terms, soil is referred to as regolith, or loose rock material that lies above the 'solid geology'. Soil is commonly referred to as "earth" or "dirt"; technically, the term "dirt" should be restricted to displaced soil.' https://en.wikipedia.org/wiki/Soil

" The upper limit of soil is the boundary between soil and air, shallow water, live plants, or plant materials that have not begun to decompose. Areas are not considered to have soil if the surface is permanently covered by water too deep (typically more than 2.5 meters) for the growth of rooted plants.

The lower boundary that separates soil from the nonsoil underneath is most difficult to define. Soil consists of horizons near the Earth's surface that, in contrast to the underlying parent material, have been altered by the interactions of climate, relief, and living organisms over time. Commonly, soil grades at its lower boundary to hard rock or to earthy materials virtually devoid of animals, roots, or other marks of biological activity. For purposes of classification, the lower boundary of soil is arbitrarily set at 200 cm."  Soil taxonomy, 2nd Ed., quoted in http://www.nrcs.usda.gov/wps/portal/nrcs/detail/soils/edu/?cid=nrcs142p2_054280" , "b691" , "http://www.w3.org/2002/07/owl#someValuesFrom" , "http://purl.obolibrary.org/obo/ENVO_00001998" ,
 "'In engineering terms, soil is referred to as regolith, or loose rock material that lies above the 'solid geology'. Soil is commonly referred to as "earth" or "dirt"; technically, the term "dirt" should be restricted to displaced soil.' https://en.wikipedia.org/wiki/Soil

" The upper limit of soil is the boundary between soil and air, shallow water, live plants, or plant materials that have not begun to decompose. Areas are not considered to have soil if the surface is permanently covered by water too deep (typically more than 2.5 meters) for the growth of rooted plants.

The lower boundary that separates soil from the nonsoil underneath is most difficult to define. Soil consists of horizons near the Earth's surface that, in contrast to the underlying parent material, have been altered by the interactions of climate, relief, and living organisms over time. Commonly, soil grades at its lower boundary to hard rock or to earthy materials virtually devoid of animals, roots, or other marks of biological activity. For purposes of classification, the lower boundary of soil is arbitrarily set at 200 cm."  Soil taxonomy, 2nd Ed., quoted in http://www.nrcs.usda.gov/wps/portal/nrcs/detail/soils/edu/?cid=nrcs142p2_054280" , "b692" , "http://www.w3.org/2002/07/owl#someValuesFrom" , "http://purl.obolibrary.org/obo/ENVO_00001998" ,
 "'In engineering terms, soil is referred to as regolith, or loose rock material that lies above the 'solid geology'. Soil is commonly referred to as "earth" or "dirt"; technically, the term "dirt" should be restricted to displaced soil.' https://en.wikipedia.org/wiki/Soil

" The upper limit of soil is the boundary between soil and air, shallow water, live plants, or plant materials that have not begun to decompose. Areas are not considered to have soil if the surface is permanently covered by water too deep (typically more than 2.5 meters) for the growth of rooted plants.

The lower boundary that separates soil from the nonsoil underneath is most difficult to define. Soil consists of horizons near the Earth's surface that, in contrast to the underlying parent material, have been altered by the interactions of climate, relief, and living organisms over time. Commonly, soil grades at its lower boundary to hard rock or to earthy materials virtually devoid of animals, roots, or other marks of biological activity. For purposes of classification, the lower boundary of soil is arbitrarily set at 200 cm."  Soil taxonomy, 2nd Ed., quoted in http://www.nrcs.usda.gov/wps/portal/nrcs/detail/soils/edu/?cid=nrcs142p2_054280" , "b693" , "http://www.w3.org/2002/07/owl#someValuesFrom" , "http://purl.obolibrary.org/obo/ENVO_00001998" ,
 "'In engineering terms, soil is referred to as regolith, or loose rock material that lies above the 'solid geology'. Soil is commonly referred to as "earth" or "dirt"; technically, the term "dirt" should be restricted to displaced soil.' https://en.wikipedia.org/wiki/Soil

" The upper limit of soil is the boundary between soil and air, shallow water, live plants, or plant materials that have not begun to decompose. Areas are not considered to have soil if the surface is permanently covered by water too deep (typically more than 2.5 meters) for the growth of rooted plants.

The lower boundary that separates soil from the nonsoil underneath is most difficult to define. Soil consists of horizons near the Earth's surface that, in contrast to the underlying parent material, have been altered by the interactions of climate, relief, and living organisms over time. Commonly, soil grades at its lower boundary to hard rock or to earthy materials virtually devoid of animals, roots, or other marks of biological activity. For purposes of classification, the lower boundary of soil is arbitrarily set at 200 cm."  Soil taxonomy, 2nd Ed., quoted in http://www.nrcs.usda.gov/wps/portal/nrcs/detail/soils/edu/?cid=nrcs142p2_054280" , "b694" , "http://www.w3.org/2002/07/owl#someValuesFrom" , "http://purl.obolibrary.org/obo/ENVO_00001998" ,
 "'In engineering terms, soil is referred to as regolith, or loose rock material that lies above the 'solid geology'. Soil is commonly referred to as "earth" or "dirt"; technically, the term "dirt" should be restricted to displaced soil.' https://en.wikipedia.org/wiki/Soil

" The upper limit of soil is the boundary between soil and air, shallow water, live plants, or plant materials that have not begun to decompose. Areas are not considered to have soil if the surface is permanently covered by water too deep (typically more than 2.5 meters) for the growth of rooted plants.

The lower boundary that separates soil from the nonsoil underneath is most difficult to define. Soil consists of horizons near the Earth's surface that, in contrast to the underlying parent material, have been altered by the interactions of climate, relief, and living organisms over time. Commonly, soil grades at its lower boundary to hard rock or to earthy materials virtually devoid of animals, roots, or other marks of biological activity. For purposes of classification, the lower boundary of soil is arbitrarily set at 200 cm."  Soil taxonomy, 2nd Ed., quoted in http://www.nrcs.usda.gov/wps/portal/nrcs/detail/soils/edu/?cid=nrcs142p2_054280" , "b695" , "http://www.w3.org/2002/07/owl#someValuesFrom" , "http://purl.obolibrary.org/obo/ENVO_00001998" ,
 "'In engineering terms, soil is referred to as regolith, or loose rock material that lies above the 'solid geology'. Soil is commonly referred to as "earth" or "dirt"; technically, the term "dirt" should be restricted to displaced soil.' https://en.wikipedia.org/wiki/Soil

" The upper limit of soil is the boundary between soil and air, shallow water, live plants, or plant materials that have not begun to decompose. Areas are not considered to have soil if the surface is permanently covered by water too deep (typically more than 2.5 meters) for the growth of rooted plants.

The lower boundary that separates soil from the nonsoil underneath is most difficult to define. Soil consists of horizons near the Earth's surface that, in contrast to the underlying parent material, have been altered by the interactions of climate, relief, and living organisms over time. Commonly, soil grades at its lower boundary to hard rock or to earthy materials virtually devoid of animals, roots, or other marks of biological activity. For purposes of classification, the lower boundary of soil is arbitrarily set at 200 cm."  Soil taxonomy, 2nd Ed., quoted in http://www.nrcs.usda.gov/wps/portal/nrcs/detail/soils/edu/?cid=nrcs142p2_054280" , "b696" , "http://www.w3.org/2002/07/owl#someValuesFrom" , "http://purl.obolibrary.org/obo/ENVO_00001998" ,
 "'In engineering terms, soil is referred to as regolith, or loose rock material that lies above the 'solid geology'. Soil is commonly referred to as "earth" or "dirt"; technically, the term "dirt" should be restricted to displaced soil.' https://en.wikipedia.org/wiki/Soil

" The upper limit of soil is the boundary between soil and air, shallow water, live plants, or plant materials that have not begun to decompose. Areas are not considered to have soil if the surface is permanently covered by water too deep (typically more than 2.5 meters) for the growth of rooted plants.

The lower boundary that separates soil from the nonsoil underneath is most difficult to define. Soil consists of horizons near the Earth's surface that, in contrast to the underlying parent material, have been altered by the interactions of climate, relief, and living organisms over time. Commonly, soil grades at its lower boundary to hard rock or to earthy materials virtually devoid of animals, roots, or other marks of biological activity. For purposes of classification, the lower boundary of soil is arbitrarily set at 200 cm."  Soil taxonomy, 2nd Ed., quoted in http://www.nrcs.usda.gov/wps/portal/nrcs/detail/soils/edu/?cid=nrcs142p2_054280" , "b697" , "http://www.w3.org/2002/07/owl#someValuesFrom" , "http://purl.obolibrary.org/obo/ENVO_00001998" ,
 "'In engineering terms, soil is referred to as regolith, or loose rock material that lies above the 'solid geology'. Soil is commonly referred to as "earth" or "dirt"; technically, the term "dirt" should be restricted to displaced soil.' https://en.wikipedia.org/wiki/Soil

" The upper limit of soil is the boundary between soil and air, shallow water, live plants, or plant materials that have not begun to decompose. Areas are not considered to have soil if the surface is permanently covered by water too deep (typically more than 2.5 meters) for the growth of rooted plants.

The lower boundary that separates soil from the nonsoil underneath is most difficult to define. Soil consists of horizons near the Earth's surface that, in contrast to the underlying parent material, have been altered by the interactions of climate, relief, and living organisms over time. Commonly, soil grades at its lower boundary to hard rock or to earthy materials virtually devoid of animals, roots, or other marks of biological activity. For purposes of classification, the lower boundary of soil is arbitrarily set at 200 cm."  Soil taxonomy, 2nd Ed., quoted in http://www.nrcs.usda.gov/wps/portal/nrcs/detail/soils/edu/?cid=nrcs142p2_054280" , "b698" , "http://www.w3.org/2002/07/owl#someValuesFrom" , "http://purl.obolibrary.org/obo/ENVO_00001998" ,
 "'In engineering terms, soil is referred to as regolith, or loose rock material that lies above the 'solid geology'. Soil is commonly referred to as "earth" or "dirt"; technically, the term "dirt" should be restricted to displaced soil.' https://en.wikipedia.org/wiki/Soil

" The upper limit of soil is the boundary between soil and air, shallow water, live plants, or plant materials that have not begun to decompose. Areas are not considered to have soil if the surface is permanently covered by water too deep (typically more than 2.5 meters) for the growth of rooted plants.

The lower boundary that separates soil from the nonsoil underneath is most difficult to define. Soil consists of horizons near the Earth's surface that, in contrast to the underlying parent material, have been altered by the interactions of climate, relief, and living organisms over time. Commonly, soil grades at its lower boundary to hard rock or to earthy materials virtually devoid of animals, roots, or other marks of biological activity. For purposes of classification, the lower boundary of soil is arbitrarily set at 200 cm."  Soil taxonomy, 2nd Ed., quoted in http://www.nrcs.usda.gov/wps/portal/nrcs/detail/soils/edu/?cid=nrcs142p2_054280" , "b699" , "http://www.w3.org/2002/07/owl#someValuesFrom" , "http://purl.obolibrary.org/obo/ENVO_00001998" ,
 "'In engineering terms, soil is referred to as regolith, or loose rock material that lies above the 'solid geology'. Soil is commonly referred to as "earth" or "dirt"; technically, the term "dirt" should be restricted to displaced soil.' https://en.wikipedia.org/wiki/Soil

" The upper limit of soil is the boundary between soil and air, shallow water, live plants, or plant materials that have not begun to decompose. Areas are not considered to have soil if the surface is permanently covered by water too deep (typically more than 2.5 meters) for the growth of rooted plants.

The lower boundary that separates soil from the nonsoil underneath is most difficult to define. Soil consists of horizons near the Earth's surface that, in contrast to the underlying parent material, have been altered by the interactions of climate, relief, and living organisms over time. Commonly, soil grades at its lower boundary to hard rock or to earthy materials virtually devoid of animals, roots, or other marks of biological activity. For purposes of classification, the lower boundary of soil is arbitrarily set at 200 cm."  Soil taxonomy, 2nd Ed., quoted in http://www.nrcs.usda.gov/wps/portal/nrcs/detail/soils/edu/?cid=nrcs142p2_054280" , "b700" , "http://www.w3.org/2002/07/owl#someValuesFrom" , "http://purl.obolibrary.org/obo/ENVO_00001998" ,
 "'In engineering terms, soil is referred to as regolith, or loose rock material that lies above the 'solid geology'. Soil is commonly referred to as "earth" or "dirt"; technically, the term "dirt" should be restricted to displaced soil.' https://en.wikipedia.org/wiki/Soil

" The upper limit of soil is the boundary between soil and air, shallow water, live plants, or plant materials that have not begun to decompose. Areas are not considered to have soil if the surface is permanently covered by water too deep (typically more than 2.5 meters) for the growth of rooted plants.

The lower boundary that separates soil from the nonsoil underneath is most difficult to define. Soil consists of horizons near the Earth's surface that, in contrast to the underlying parent material, have been altered by the interactions of climate, relief, and living organisms over time. Commonly, soil grades at its lower boundary to hard rock or to earthy materials virtually devoid of animals, roots, or other marks of biological activity. For purposes of classification, the lower boundary of soil is arbitrarily set at 200 cm."  Soil taxonomy, 2nd Ed., quoted in http://www.nrcs.usda.gov/wps/portal/nrcs/detail/soils/edu/?cid=nrcs142p2_054280" , "b104" , "http://www.w3.org/2002/07/owl#someValuesFrom" , "http://purl.obolibrary.org/obo/ENVO_00001998" ,
 "'In engineering terms, soil is referred to as regolith, or loose rock material that lies above the 'solid geology'. Soil is commonly referred to as "earth" or "dirt"; technically, the term "dirt" should be restricted to displaced soil.' https://en.wikipedia.org/wiki/Soil

" The upper limit of soil is the boundary between soil and air, shallow water, live plants, or plant materials that have not begun to decompose. Areas are not considered to have soil if the surface is permanently covered by water too deep (typically more than 2.5 meters) for the growth of rooted plants.

The lower boundary that separates soil from the nonsoil underneath is most difficult to define. Soil consists of horizons near the Earth's surface that, in contrast to the underlying parent material, have been altered by the interactions of climate, relief, and living organisms over time. Commonly, soil grades at its lower boundary to hard rock or to earthy materials virtually devoid of animals, roots, or other marks of biological activity. For purposes of classification, the lower boundary of soil is arbitrarily set at 200 cm."  Soil taxonomy, 2nd Ed., quoted in http://www.nrcs.usda.gov/wps/portal/nrcs/detail/soils/edu/?cid=nrcs142p2_054280" , "b701" , "http://www.w3.org/2002/07/owl#someValuesFrom" , "http://purl.obolibrary.org/obo/ENVO_00001998" ,
 "'In engineering terms, soil is referred to as regolith, or loose rock material that lies above the 'solid geology'. Soil is commonly referred to as "earth" or "dirt"; technically, the term "dirt" should be restricted to displaced soil.' https://en.wikipedia.org/wiki/Soil

" The upper limit of soil is the boundary between soil and air, shallow water, live plants, or plant materials that have not begun to decompose. Areas are not considered to have soil if the surface is permanently covered by water too deep (typically more than 2.5 meters) for the growth of rooted plants.

The lower boundary that separates soil from the nonsoil underneath is most difficult to define. Soil consists of horizons near the Earth's surface that, in contrast to the underlying parent material, have been altered by the interactions of climate, relief, and living organisms over time. Commonly, soil grades at its lower boundary to hard rock or to earthy materials virtually devoid of animals, roots, or other marks of biological activity. For purposes of classification, the lower boundary of soil is arbitrarily set at 200 cm."  Soil taxonomy, 2nd Ed., quoted in http://www.nrcs.usda.gov/wps/portal/nrcs/detail/soils/edu/?cid=nrcs142p2_054280" , "b702" , "http://www.w3.org/2002/07/owl#someValuesFrom" , "http://purl.obolibrary.org/obo/ENVO_00001998" ,
 "'In engineering terms, soil is referred to as regolith, or loose rock material that lies above the 'solid geology'. Soil is commonly referred to as "earth" or "dirt"; technically, the term "dirt" should be restricted to displaced soil.' https://en.wikipedia.org/wiki/Soil

" The upper limit of soil is the boundary between soil and air, shallow water, live plants, or plant materials that have not begun to decompose. Areas are not considered to have soil if the surface is permanently covered by water too deep (typically more than 2.5 meters) for the growth of rooted plants.

The lower boundary that separates soil from the nonsoil underneath is most difficult to define. Soil consists of horizons near the Earth's surface that, in contrast to the underlying parent material, have been altered by the interactions of climate, relief, and living organisms over time. Commonly, soil grades at its lower boundary to hard rock or to earthy materials virtually devoid of animals, roots, or other marks of biological activity. For purposes of classification, the lower boundary of soil is arbitrarily set at 200 cm."  Soil taxonomy, 2nd Ed., quoted in http://www.nrcs.usda.gov/wps/portal/nrcs/detail/soils/edu/?cid=nrcs142p2_054280" , "b703" , "http://www.w3.org/2002/07/owl#someValuesFrom" , "http://purl.obolibrary.org/obo/ENVO_00001998" ,
 "'In engineering terms, soil is referred to as regolith, or loose rock material that lies above the 'solid geology'. Soil is commonly referred to as "earth" or "dirt"; technically, the term "dirt" should be restricted to displaced soil.' https://en.wikipedia.org/wiki/Soil

" The upper limit of soil is the boundary between soil and air, shallow water, live plants, or plant materials that have not begun to decompose. Areas are not considered to have soil if the surface is permanently covered by water too deep (typically more than 2.5 meters) for the growth of rooted plants.

The lower boundary that separates soil from the nonsoil underneath is most difficult to define. Soil consists of horizons near the Earth's surface that, in contrast to the underlying parent material, have been altered by the interactions of climate, relief, and living organisms over time. Commonly, soil grades at its lower boundary to hard rock or to earthy materials virtually devoid of animals, roots, or other marks of biological activity. For purposes of classification, the lower boundary of soil is arbitrarily set at 200 cm."  Soil taxonomy, 2nd Ed., quoted in http://www.nrcs.usda.gov/wps/portal/nrcs/detail/soils/edu/?cid=nrcs142p2_054280" , "b704" , "http://www.w3.org/2002/07/owl#someValuesFrom" , "http://purl.obolibrary.org/obo/ENVO_00001998" ,
 "'In engineering terms, soil is referred to as regolith, or loose rock material that lies above the 'solid geology'. Soil is commonly referred to as "earth" or "dirt"; technically, the term "dirt" should be restricted to displaced soil.' https://en.wikipedia.org/wiki/Soil

" The upper limit of soil is the boundary between soil and air, shallow water, live plants, or plant materials that have not begun to decompose. Areas are not considered to have soil if the surface is permanently covered by water too deep (typically more than 2.5 meters) for the growth of rooted plants.

The lower boundary that separates soil from the nonsoil underneath is most difficult to define. Soil consists of horizons near the Earth's surface that, in contrast to the underlying parent material, have been altered by the interactions of climate, relief, and living organisms over time. Commonly, soil grades at its lower boundary to hard rock or to earthy materials virtually devoid of animals, roots, or other marks of biological activity. For purposes of classification, the lower boundary of soil is arbitrarily set at 200 cm."  Soil taxonomy, 2nd Ed., quoted in http://www.nrcs.usda.gov/wps/portal/nrcs/detail/soils/edu/?cid=nrcs142p2_054280" , "b705" , "http://www.w3.org/2002/07/owl#someValuesFrom" , "http://purl.obolibrary.org/obo/ENVO_00001998" ,
 "'In engineering terms, soil is referred to as regolith, or loose rock material that lies above the 'solid geology'. Soil is commonly referred to as "earth" or "dirt"; technically, the term "dirt" should be restricted to displaced soil.' https://en.wikipedia.org/wiki/Soil

" The upper limit of soil is the boundary between soil and air, shallow water, live plants, or plant materials that have not begun to decompose. Areas are not considered to have soil if the surface is permanently covered by water too deep (typically more than 2.5 meters) for the growth of rooted plants.

The lower boundary that separates soil from the nonsoil underneath is most difficult to define. Soil consists of horizons near the Earth's surface that, in contrast to the underlying parent material, have been altered by the interactions of climate, relief, and living organisms over time. Commonly, soil grades at its lower boundary to hard rock or to earthy materials virtually devoid of animals, roots, or other marks of biological activity. For purposes of classification, the lower boundary of soil is arbitrarily set at 200 cm."  Soil taxonomy, 2nd Ed., quoted in http://www.nrcs.usda.gov/wps/portal/nrcs/detail/soils/edu/?cid=nrcs142p2_054280" , "b706" , "http://www.w3.org/2002/07/owl#someValuesFrom" , "http://purl.obolibrary.org/obo/ENVO_00001998" ,
 "'In engineering terms, soil is referred to as regolith, or loose rock material that lies above the 'solid geology'. Soil is commonly referred to as "earth" or "dirt"; technically, the term "dirt" should be restricted to displaced soil.' https://en.wikipedia.org/wiki/Soil

" The upper limit of soil is the boundary between soil and air, shallow water, live plants, or plant materials that have not begun to decompose. Areas are not considered to have soil if the surface is permanently covered by water too deep (typically more than 2.5 meters) for the growth of rooted plants.

The lower boundary that separates soil from the nonsoil underneath is most difficult to define. Soil consists of horizons near the Earth's surface that, in contrast to the underlying parent material, have been altered by the interactions of climate, relief, and living organisms over time. Commonly, soil grades at its lower boundary to hard rock or to earthy materials virtually devoid of animals, roots, or other marks of biological activity. For purposes of classification, the lower boundary of soil is arbitrarily set at 200 cm."  Soil taxonomy, 2nd Ed., quoted in http://www.nrcs.usda.gov/wps/portal/nrcs/detail/soils/edu/?cid=nrcs142p2_054280" , "b707" , "http://www.w3.org/2002/07/owl#someValuesFrom" , "http://purl.obolibrary.org/obo/ENVO_00001998" ,
 "'In engineering terms, soil is referred to as regolith, or loose rock material that lies above the 'solid geology'. Soil is commonly referred to as "earth" or "dirt"; technically, the term "dirt" should be restricted to displaced soil.' https://en.wikipedia.org/wiki/Soil

" The upper limit of soil is the boundary between soil and air, shallow water, live plants, or plant materials that have not begun to decompose. Areas are not considered to have soil if the surface is permanently covered by water too deep (typically more than 2.5 meters) for the growth of rooted plants.

The lower boundary that separates soil from the nonsoil underneath is most difficult to define. Soil consists of horizons near the Earth's surface that, in contrast to the underlying parent material, have been altered by the interactions of climate, relief, and living organisms over time. Commonly, soil grades at its lower boundary to hard rock or to earthy materials virtually devoid of animals, roots, or other marks of biological activity. For purposes of classification, the lower boundary of soil is arbitrarily set at 200 cm."  Soil taxonomy, 2nd Ed., quoted in http://www.nrcs.usda.gov/wps/portal/nrcs/detail/soils/edu/?cid=nrcs142p2_054280" , "b708" , "http://www.w3.org/2002/07/owl#someValuesFrom" , "http://purl.obolibrary.org/obo/ENVO_00001998" ,
 "'In engineering terms, soil is referred to as regolith, or loose rock material that lies above the 'solid geology'. Soil is commonly referred to as "earth" or "dirt"; technically, the term "dirt" should be restricted to displaced soil.' https://en.wikipedia.org/wiki/Soil

" The upper limit of soil is the boundary between soil and air, shallow water, live plants, or plant materials that have not begun to decompose. Areas are not considered to have soil if the surface is permanently covered by water too deep (typically more than 2.5 meters) for the growth of rooted plants.

The lower boundary that separates soil from the nonsoil underneath is most difficult to define. Soil consists of horizons near the Earth's surface that, in contrast to the underlying parent material, have been altered by the interactions of climate, relief, and living organisms over time. Commonly, soil grades at its lower boundary to hard rock or to earthy materials virtually devoid of animals, roots, or other marks of biological activity. For purposes of classification, the lower boundary of soil is arbitrarily set at 200 cm."  Soil taxonomy, 2nd Ed., quoted in http://www.nrcs.usda.gov/wps/portal/nrcs/detail/soils/edu/?cid=nrcs142p2_054280" , "b709" , "http://www.w3.org/2002/07/owl#someValuesFrom" , "http://purl.obolibrary.org/obo/ENVO_00001998" ,
 "'In engineering terms, soil is referred to as regolith, or loose rock material that lies above the 'solid geology'. Soil is commonly referred to as "earth" or "dirt"; technically, the term "dirt" should be restricted to displaced soil.' https://en.wikipedia.org/wiki/Soil

" The upper limit of soil is the boundary between soil and air, shallow water, live plants, or plant materials that have not begun to decompose. Areas are not considered to have soil if the surface is permanently covered by water too deep (typically more than 2.5 meters) for the growth of rooted plants.

The lower boundary that separates soil from the nonsoil underneath is most difficult to define. Soil consists of horizons near the Earth's surface that, in contrast to the underlying parent material, have been altered by the interactions of climate, relief, and living organisms over time. Commonly, soil grades at its lower boundary to hard rock or to earthy materials virtually devoid of animals, roots, or other marks of biological activity. For purposes of classification, the lower boundary of soil is arbitrarily set at 200 cm."  Soil taxonomy, 2nd Ed., quoted in http://www.nrcs.usda.gov/wps/portal/nrcs/detail/soils/edu/?cid=nrcs142p2_054280" , "b710" , "http://www.w3.org/2002/07/owl#someValuesFrom" , "http://purl.obolibrary.org/obo/ENVO_00001998" ,
 "A similar term exists in linguistics and mathematics. An ecocline, or biological cline, is a related concept; however, may be better placed as a child of a class like "ecotone". Further, some definitions of "layer" require a layer's constiuent materials to have consistent properties, thus "cline" would not qualify as a subclass. The term "gradient" has been proposed as a more suitable superclass. Discussion in Issue #286)" , "http://purl.obolibrary.org/obo/ENVO_00002269" , "http://www.w3.org/2000/01/rdf-schema#subClassOf" , "http://purl.obolibrary.org/obo/ENVO_01000258" ,
 "A similar term exists in linguistics and mathematics. An ecocline, or biological cline, is a related concept; however, may be better placed as a child of a class like "ecotone". Further, some definitions of "layer" require a layer's constiuent materials to have consistent properties, thus "cline" would not qualify as a subclass. The term "gradient" has been proposed as a more suitable superclass. Discussion in Issue #286)" , "http://purl.obolibrary.org/obo/ENVO_00002270" , "http://www.w3.org/2000/01/rdf-schema#subClassOf" , "http://purl.obolibrary.org/obo/ENVO_01000258" ,
 "A similar term exists in linguistics and mathematics. An ecocline, or biological cline, is a related concept; however, may be better placed as a child of a class like "ecotone". Further, some definitions of "layer" require a layer's constiuent materials to have consistent properties, thus "cline" would not qualify as a subclass. The term "gradient" has been proposed as a more suitable superclass. Discussion in Issue #286)" , "http://purl.obolibrary.org/obo/ENVO_01000071" , "http://www.w3.org/2000/01/rdf-schema#subClassOf" , "http://purl.obolibrary.org/obo/ENVO_01000258" ,
 "A similar term exists in linguistics and mathematics. An ecocline, or biological cline, is a related concept; however, may be better placed as a child of a class like "ecotone". Further, some definitions of "layer" require a layer's constiuent materials to have consistent properties, thus "cline" would not qualify as a subclass. The term "gradient" has been proposed as a more suitable superclass. Discussion in Issue #286)" , "http://purl.obolibrary.org/obo/ENVO_01000259" , "http://www.w3.org/2000/01/rdf-schema#subClassOf" , "http://purl.obolibrary.org/obo/ENVO_01000258" ,
 "A similar term exists in linguistics and mathematics. An ecocline, or biological cline, is a related concept; however, may be better placed as a child of a class like "ecotone". Further, some definitions of "layer" require a layer's constiuent materials to have consistent properties, thus "cline" would not qualify as a subclass. The term "gradient" has been proposed as a more suitable superclass. Discussion in Issue #286)" , "http://purl.obolibrary.org/obo/ENVO_01000260" , "http://www.w3.org/2000/01/rdf-schema#subClassOf" , "http://purl.obolibrary.org/obo/ENVO_01000258" ,
 "A similar term exists in linguistics and mathematics. An ecocline, or biological cline, is a related concept; however, may be better placed as a child of a class like "ecotone". Further, some definitions of "layer" require a layer's constiuent materials to have consistent properties, thus "cline" would not qualify as a subclass. The term "gradient" has been proposed as a more suitable superclass. Discussion in Issue #286)" , "http://purl.obolibrary.org/obo/ENVO_01000261" , "http://www.w3.org/2000/01/rdf-schema#subClassOf" , "http://purl.obolibrary.org/obo/ENVO_01000258" ,
 "A similar term exists in linguistics and mathematics. An ecocline, or biological cline, is a related concept; however, may be better placed as a child of a class like "ecotone". Further, some definitions of "layer" require a layer's constiuent materials to have consistent properties, thus "cline" would not qualify as a subclass. The term "gradient" has been proposed as a more suitable superclass. Discussion in Issue #286)" , "b743" , "http://www.w3.org/2002/07/owl#annotatedSource" , "http://purl.obolibrary.org/obo/ENVO_01000258" ,
 "Not to be confused with a flame - the visible portion of gas released by a fire . Oxidation processes such as rusting or biological digestion are not subsumed here." , "b744" , "http://www.w3.org/2002/07/owl#annotatedSource" , "http://purl.obolibrary.org/obo/ENVO_01000786" ,
 "Not to be confused with a flame - the visible portion of gas released by a fire . Oxidation processes such as rusting or biological digestion are not subsumed here." , "http://purl.obolibrary.org/obo/ENVO_01000788" , "http://www.w3.org/2000/01/rdf-schema#subClassOf" , "http://purl.obolibrary.org/obo/ENVO_01000786" ,
 "(copied from ReO)
Reagents are distinguished from instruments or devices that also participate in scientific techniques by the fact that reagents are chemical or biological in nature and necessarily participate in or have parts that participate in some chemical interaction or reaction during their intended participation in some technique.  By contrast, instruments do not participate in a chemical reaction/interaction during the technique.

Reagents are distinguished from study subjects/evaluants in that study subjects and evaluants are that about which conclusions are drawn and knowledge is sought in an investigation - while reagents, by definition, are not.  It should be noted, however, that reagent and study subject/evaluant roles can be borne by instances of the same type of material entity - but a given instance will realize only one of these roles in the execution of a given assay or technique. For example, taq polymerase can bear a reagent role or an evaluant role.  In a DNA sequencing assay aimed at generating sequence data about some plasmid, the reagent role of the taq polymerase is realized. In an assay to evaluate the quality of the taq polymerase itself, the evaluant/study subject role of the taq is realized, but not the reagent role since the taq is the subject about which data is generated.

In regard to the statement that reagents are 'distinct' from the specified outputs of a technique, note that a reagent may be incorporated into a material output of a technique, as long as the IDENTITY of this output is distinct from that of the bearer of the reagent role.  For example, dNTPs input into a PCR are reagents that become part of the material output of this technique, but this output has a new identity (ie that of a 'nucleic acid molecule') that is distinct from the identity of the dNTPs that comprise it.  Similarly, a biotin molecule input into a cell labeling technique are reagents that become part of the specified output, but the identity of the output is that of some modified cell specimen which shares identity with the input unmodified cell specimen, and not with the biotin label. Thus, we see that an important criteria of 'reagent-ness' is that it is a facilitator, and not the primary focus of an investigation or material processing technique (ie not the specified subject/evaluant about which knowledge is sought, or the specified output material of the technique)." , "b745" , "http://www.w3.org/1999/02/22-rdf-syntax-ns#first" , "http://purl.obolibrary.org/obo/OBI_0000086" ,
 "(copied from ReO)
Reagents are distinguished from instruments or devices that also participate in scientific techniques by the fact that reagents are chemical or biological in nature and necessarily participate in or have parts that participate in some chemical interaction or reaction during their intended participation in some technique.  By contrast, instruments do not participate in a chemical reaction/interaction during the technique.

Reagents are distinguished from study subjects/evaluants in that study subjects and evaluants are that about which conclusions are drawn and knowledge is sought in an investigation - while reagents, by definition, are not.  It should be noted, however, that reagent and study subject/evaluant roles can be borne by instances of the same type of material entity - but a given instance will realize only one of these roles in the execution of a given assay or technique. For example, taq polymerase can bear a reagent role or an evaluant role.  In a DNA sequencing assay aimed at generating sequence data about some plasmid, the reagent role of the taq polymerase is realized. In an assay to evaluate the quality of the taq polymerase itself, the evaluant/study subject role of the taq is realized, but not the reagent role since the taq is the subject about which data is generated.

In regard to the statement that reagents are 'distinct' from the specified outputs of a technique, note that a reagent may be incorporated into a material output of a technique, as long as the IDENTITY of this output is distinct from that of the bearer of the reagent role.  For example, dNTPs input into a PCR are reagents that become part of the material output of this technique, but this output has a new identity (ie that of a 'nucleic acid molecule') that is distinct from the identity of the dNTPs that comprise it.  Similarly, a biotin molecule input into a cell labeling technique are reagents that become part of the specified output, but the identity of the output is that of some modified cell specimen which shares identity with the input unmodified cell specimen, and not with the biotin label. Thus, we see that an important criteria of 'reagent-ness' is that it is a facilitator, and not the primary focus of an investigation or material processing technique (ie not the specified subject/evaluant about which knowledge is sought, or the specified output material of the technique)." , "b746" , "http://www.w3.org/1999/02/22-rdf-syntax-ns#first" , "http://purl.obolibrary.org/obo/OBI_0000086" ,
 "(copied from ReO)
Reagents are distinguished from instruments or devices that also participate in scientific techniques by the fact that reagents are chemical or biological in nature and necessarily participate in or have parts that participate in some chemical interaction or reaction during their intended participation in some technique.  By contrast, instruments do not participate in a chemical reaction/interaction during the technique.

Reagents are distinguished from study subjects/evaluants in that study subjects and evaluants are that about which conclusions are drawn and knowledge is sought in an investigation - while reagents, by definition, are not.  It should be noted, however, that reagent and study subject/evaluant roles can be borne by instances of the same type of material entity - but a given instance will realize only one of these roles in the execution of a given assay or technique. For example, taq polymerase can bear a reagent role or an evaluant role.  In a DNA sequencing assay aimed at generating sequence data about some plasmid, the reagent role of the taq polymerase is realized. In an assay to evaluate the quality of the taq polymerase itself, the evaluant/study subject role of the taq is realized, but not the reagent role since the taq is the subject about which data is generated.

In regard to the statement that reagents are 'distinct' from the specified outputs of a technique, note that a reagent may be incorporated into a material output of a technique, as long as the IDENTITY of this output is distinct from that of the bearer of the reagent role.  For example, dNTPs input into a PCR are reagents that become part of the material output of this technique, but this output has a new identity (ie that of a 'nucleic acid molecule') that is distinct from the identity of the dNTPs that comprise it.  Similarly, a biotin molecule input into a cell labeling technique are reagents that become part of the specified output, but the identity of the output is that of some modified cell specimen which shares identity with the input unmodified cell specimen, and not with the biotin label. Thus, we see that an important criteria of 'reagent-ness' is that it is a facilitator, and not the primary focus of an investigation or material processing technique (ie not the specified subject/evaluant about which knowledge is sought, or the specified output material of the technique)." , "b747" , "http://www.w3.org/1999/02/22-rdf-syntax-ns#first" , "http://purl.obolibrary.org/obo/OBI_0000086" ,
 "(copied from ReO)
Reagents are distinguished from instruments or devices that also participate in scientific techniques by the fact that reagents are chemical or biological in nature and necessarily participate in or have parts that participate in some chemical interaction or reaction during their intended participation in some technique.  By contrast, instruments do not participate in a chemical reaction/interaction during the technique.

Reagents are distinguished from study subjects/evaluants in that study subjects and evaluants are that about which conclusions are drawn and knowledge is sought in an investigation - while reagents, by definition, are not.  It should be noted, however, that reagent and study subject/evaluant roles can be borne by instances of the same type of material entity - but a given instance will realize only one of these roles in the execution of a given assay or technique. For example, taq polymerase can bear a reagent role or an evaluant role.  In a DNA sequencing assay aimed at generating sequence data about some plasmid, the reagent role of the taq polymerase is realized. In an assay to evaluate the quality of the taq polymerase itself, the evaluant/study subject role of the taq is realized, but not the reagent role since the taq is the subject about which data is generated.

In regard to the statement that reagents are 'distinct' from the specified outputs of a technique, note that a reagent may be incorporated into a material output of a technique, as long as the IDENTITY of this output is distinct from that of the bearer of the reagent role.  For example, dNTPs input into a PCR are reagents that become part of the material output of this technique, but this output has a new identity (ie that of a 'nucleic acid molecule') that is distinct from the identity of the dNTPs that comprise it.  Similarly, a biotin molecule input into a cell labeling technique are reagents that become part of the specified output, but the identity of the output is that of some modified cell specimen which shares identity with the input unmodified cell specimen, and not with the biotin label. Thus, we see that an important criteria of 'reagent-ness' is that it is a facilitator, and not the primary focus of an investigation or material processing technique (ie not the specified subject/evaluant about which knowledge is sought, or the specified output material of the technique)." , "b748" , "http://www.w3.org/1999/02/22-rdf-syntax-ns#first" , "http://purl.obolibrary.org/obo/OBI_0000086" ,
 "(copied from ReO)
Reagents are distinguished from instruments or devices that also participate in scientific techniques by the fact that reagents are chemical or biological in nature and necessarily participate in or have parts that participate in some chemical interaction or reaction during their intended participation in some technique.  By contrast, instruments do not participate in a chemical reaction/interaction during the technique.

Reagents are distinguished from study subjects/evaluants in that study subjects and evaluants are that about which conclusions are drawn and knowledge is sought in an investigation - while reagents, by definition, are not.  It should be noted, however, that reagent and study subject/evaluant roles can be borne by instances of the same type of material entity - but a given instance will realize only one of these roles in the execution of a given assay or technique. For example, taq polymerase can bear a reagent role or an evaluant role.  In a DNA sequencing assay aimed at generating sequence data about some plasmid, the reagent role of the taq polymerase is realized. In an assay to evaluate the quality of the taq polymerase itself, the evaluant/study subject role of the taq is realized, but not the reagent role since the taq is the subject about which data is generated.

In regard to the statement that reagents are 'distinct' from the specified outputs of a technique, note that a reagent may be incorporated into a material output of a technique, as long as the IDENTITY of this output is distinct from that of the bearer of the reagent role.  For example, dNTPs input into a PCR are reagents that become part of the material output of this technique, but this output has a new identity (ie that of a 'nucleic acid molecule') that is distinct from the identity of the dNTPs that comprise it.  Similarly, a biotin molecule input into a cell labeling technique are reagents that become part of the specified output, but the identity of the output is that of some modified cell specimen which shares identity with the input unmodified cell specimen, and not with the biotin label. Thus, we see that an important criteria of 'reagent-ness' is that it is a facilitator, and not the primary focus of an investigation or material processing technique (ie not the specified subject/evaluant about which knowledge is sought, or the specified output material of the technique)." , "b749" , "http://www.w3.org/1999/02/22-rdf-syntax-ns#first" , "http://purl.obolibrary.org/obo/OBI_0000086" ,
 "(copied from ReO)
Reagents are distinguished from instruments or devices that also participate in scientific techniques by the fact that reagents are chemical or biological in nature and necessarily participate in or have parts that participate in some chemical interaction or reaction during their intended participation in some technique.  By contrast, instruments do not participate in a chemical reaction/interaction during the technique.

Reagents are distinguished from study subjects/evaluants in that study subjects and evaluants are that about which conclusions are drawn and knowledge is sought in an investigation - while reagents, by definition, are not.  It should be noted, however, that reagent and study subject/evaluant roles can be borne by instances of the same type of material entity - but a given instance will realize only one of these roles in the execution of a given assay or technique. For example, taq polymerase can bear a reagent role or an evaluant role.  In a DNA sequencing assay aimed at generating sequence data about some plasmid, the reagent role of the taq polymerase is realized. In an assay to evaluate the quality of the taq polymerase itself, the evaluant/study subject role of the taq is realized, but not the reagent role since the taq is the subject about which data is generated.

In regard to the statement that reagents are 'distinct' from the specified outputs of a technique, note that a reagent may be incorporated into a material output of a technique, as long as the IDENTITY of this output is distinct from that of the bearer of the reagent role.  For example, dNTPs input into a PCR are reagents that become part of the material output of this technique, but this output has a new identity (ie that of a 'nucleic acid molecule') that is distinct from the identity of the dNTPs that comprise it.  Similarly, a biotin molecule input into a cell labeling technique are reagents that become part of the specified output, but the identity of the output is that of some modified cell specimen which shares identity with the input unmodified cell specimen, and not with the biotin label. Thus, we see that an important criteria of 'reagent-ness' is that it is a facilitator, and not the primary focus of an investigation or material processing technique (ie not the specified subject/evaluant about which knowledge is sought, or the specified output material of the technique)." , "b750" , "http://www.w3.org/1999/02/22-rdf-syntax-ns#first" , "http://purl.obolibrary.org/obo/OBI_0000086" ,
 "(copied from ReO)
Reagents are distinguished from instruments or devices that also participate in scientific techniques by the fact that reagents are chemical or biological in nature and necessarily participate in or have parts that participate in some chemical interaction or reaction during their intended participation in some technique.  By contrast, instruments do not participate in a chemical reaction/interaction during the technique.

Reagents are distinguished from study subjects/evaluants in that study subjects and evaluants are that about which conclusions are drawn and knowledge is sought in an investigation - while reagents, by definition, are not.  It should be noted, however, that reagent and study subject/evaluant roles can be borne by instances of the same type of material entity - but a given instance will realize only one of these roles in the execution of a given assay or technique. For example, taq polymerase can bear a reagent role or an evaluant role.  In a DNA sequencing assay aimed at generating sequence data about some plasmid, the reagent role of the taq polymerase is realized. In an assay to evaluate the quality of the taq polymerase itself, the evaluant/study subject role of the taq is realized, but not the reagent role since the taq is the subject about which data is generated.

In regard to the statement that reagents are 'distinct' from the specified outputs of a technique, note that a reagent may be incorporated into a material output of a technique, as long as the IDENTITY of this output is distinct from that of the bearer of the reagent role.  For example, dNTPs input into a PCR are reagents that become part of the material output of this technique, but this output has a new identity (ie that of a 'nucleic acid molecule') that is distinct from the identity of the dNTPs that comprise it.  Similarly, a biotin molecule input into a cell labeling technique are reagents that become part of the specified output, but the identity of the output is that of some modified cell specimen which shares identity with the input unmodified cell specimen, and not with the biotin label. Thus, we see that an important criteria of 'reagent-ness' is that it is a facilitator, and not the primary focus of an investigation or material processing technique (ie not the specified subject/evaluant about which knowledge is sought, or the specified output material of the technique)." , "b751" , "http://www.w3.org/2002/07/owl#someValuesFrom" , "http://purl.obolibrary.org/obo/OBI_0000086" ,
 "(copied from ReO)
Reagents are distinguished from instruments or devices that also participate in scientific techniques by the fact that reagents are chemical or biological in nature and necessarily participate in or have parts that participate in some chemical interaction or reaction during their intended participation in some technique.  By contrast, instruments do not participate in a chemical reaction/interaction during the technique.

Reagents are distinguished from study subjects/evaluants in that study subjects and evaluants are that about which conclusions are drawn and knowledge is sought in an investigation - while reagents, by definition, are not.  It should be noted, however, that reagent and study subject/evaluant roles can be borne by instances of the same type of material entity - but a given instance will realize only one of these roles in the execution of a given assay or technique. For example, taq polymerase can bear a reagent role or an evaluant role.  In a DNA sequencing assay aimed at generating sequence data about some plasmid, the reagent role of the taq polymerase is realized. In an assay to evaluate the quality of the taq polymerase itself, the evaluant/study subject role of the taq is realized, but not the reagent role since the taq is the subject about which data is generated.

In regard to the statement that reagents are 'distinct' from the specified outputs of a technique, note that a reagent may be incorporated into a material output of a technique, as long as the IDENTITY of this output is distinct from that of the bearer of the reagent role.  For example, dNTPs input into a PCR are reagents that become part of the material output of this technique, but this output has a new identity (ie that of a 'nucleic acid molecule') that is distinct from the identity of the dNTPs that comprise it.  Similarly, a biotin molecule input into a cell labeling technique are reagents that become part of the specified output, but the identity of the output is that of some modified cell specimen which shares identity with the input unmodified cell specimen, and not with the biotin label. Thus, we see that an important criteria of 'reagent-ness' is that it is a facilitator, and not the primary focus of an investigation or material processing technique (ie not the specified subject/evaluant about which knowledge is sought, or the specified output material of the technique)." , "b752" , "http://www.w3.org/2002/07/owl#someValuesFrom" , "http://purl.obolibrary.org/obo/OBI_0000086" ,
 "(copied from ReO)
Reagents are distinguished from instruments or devices that also participate in scientific techniques by the fact that reagents are chemical or biological in nature and necessarily participate in or have parts that participate in some chemical interaction or reaction during their intended participation in some technique.  By contrast, instruments do not participate in a chemical reaction/interaction during the technique.

Reagents are distinguished from study subjects/evaluants in that study subjects and evaluants are that about which conclusions are drawn and knowledge is sought in an investigation - while reagents, by definition, are not.  It should be noted, however, that reagent and study subject/evaluant roles can be borne by instances of the same type of material entity - but a given instance will realize only one of these roles in the execution of a given assay or technique. For example, taq polymerase can bear a reagent role or an evaluant role.  In a DNA sequencing assay aimed at generating sequence data about some plasmid, the reagent role of the taq polymerase is realized. In an assay to evaluate the quality of the taq polymerase itself, the evaluant/study subject role of the taq is realized, but not the reagent role since the taq is the subject about which data is generated.

In regard to the statement that reagents are 'distinct' from the specified outputs of a technique, note that a reagent may be incorporated into a material output of a technique, as long as the IDENTITY of this output is distinct from that of the bearer of the reagent role.  For example, dNTPs input into a PCR are reagents that become part of the material output of this technique, but this output has a new identity (ie that of a 'nucleic acid molecule') that is distinct from the identity of the dNTPs that comprise it.  Similarly, a biotin molecule input into a cell labeling technique are reagents that become part of the specified output, but the identity of the output is that of some modified cell specimen which shares identity with the input unmodified cell specimen, and not with the biotin label. Thus, we see that an important criteria of 'reagent-ness' is that it is a facilitator, and not the primary focus of an investigation or material processing technique (ie not the specified subject/evaluant about which knowledge is sought, or the specified output material of the technique)." , "b753" , "http://www.w3.org/1999/02/22-rdf-syntax-ns#first" , "http://purl.obolibrary.org/obo/OBI_0000086" ,
 "(copied from ReO)
Reagents are distinguished from instruments or devices that also participate in scientific techniques by the fact that reagents are chemical or biological in nature and necessarily participate in or have parts that participate in some chemical interaction or reaction during their intended participation in some technique.  By contrast, instruments do not participate in a chemical reaction/interaction during the technique.

Reagents are distinguished from study subjects/evaluants in that study subjects and evaluants are that about which conclusions are drawn and knowledge is sought in an investigation - while reagents, by definition, are not.  It should be noted, however, that reagent and study subject/evaluant roles can be borne by instances of the same type of material entity - but a given instance will realize only one of these roles in the execution of a given assay or technique. For example, taq polymerase can bear a reagent role or an evaluant role.  In a DNA sequencing assay aimed at generating sequence data about some plasmid, the reagent role of the taq polymerase is realized. In an assay to evaluate the quality of the taq polymerase itself, the evaluant/study subject role of the taq is realized, but not the reagent role since the taq is the subject about which data is generated.

In regard to the statement that reagents are 'distinct' from the specified outputs of a technique, note that a reagent may be incorporated into a material output of a technique, as long as the IDENTITY of this output is distinct from that of the bearer of the reagent role.  For example, dNTPs input into a PCR are reagents that become part of the material output of this technique, but this output has a new identity (ie that of a 'nucleic acid molecule') that is distinct from the identity of the dNTPs that comprise it.  Similarly, a biotin molecule input into a cell labeling technique are reagents that become part of the specified output, but the identity of the output is that of some modified cell specimen which shares identity with the input unmodified cell specimen, and not with the biotin label. Thus, we see that an important criteria of 'reagent-ness' is that it is a facilitator, and not the primary focus of an investigation or material processing technique (ie not the specified subject/evaluant about which knowledge is sought, or the specified output material of the technique)." , "b754" , "http://www.w3.org/1999/02/22-rdf-syntax-ns#first" , "http://purl.obolibrary.org/obo/OBI_0000086" ,
 "(copied from ReO)
Reagents are distinguished from instruments or devices that also participate in scientific techniques by the fact that reagents are chemical or biological in nature and necessarily participate in or have parts that participate in some chemical interaction or reaction during their intended participation in some technique.  By contrast, instruments do not participate in a chemical reaction/interaction during the technique.

Reagents are distinguished from study subjects/evaluants in that study subjects and evaluants are that about which conclusions are drawn and knowledge is sought in an investigation - while reagents, by definition, are not.  It should be noted, however, that reagent and study subject/evaluant roles can be borne by instances of the same type of material entity - but a given instance will realize only one of these roles in the execution of a given assay or technique. For example, taq polymerase can bear a reagent role or an evaluant role.  In a DNA sequencing assay aimed at generating sequence data about some plasmid, the reagent role of the taq polymerase is realized. In an assay to evaluate the quality of the taq polymerase itself, the evaluant/study subject role of the taq is realized, but not the reagent role since the taq is the subject about which data is generated.

In regard to the statement that reagents are 'distinct' from the specified outputs of a technique, note that a reagent may be incorporated into a material output of a technique, as long as the IDENTITY of this output is distinct from that of the bearer of the reagent role.  For example, dNTPs input into a PCR are reagents that become part of the material output of this technique, but this output has a new identity (ie that of a 'nucleic acid molecule') that is distinct from the identity of the dNTPs that comprise it.  Similarly, a biotin molecule input into a cell labeling technique are reagents that become part of the specified output, but the identity of the output is that of some modified cell specimen which shares identity with the input unmodified cell specimen, and not with the biotin label. Thus, we see that an important criteria of 'reagent-ness' is that it is a facilitator, and not the primary focus of an investigation or material processing technique (ie not the specified subject/evaluant about which knowledge is sought, or the specified output material of the technique)." , "b755" , "http://www.w3.org/1999/02/22-rdf-syntax-ns#first" , "http://purl.obolibrary.org/obo/OBI_0000086" ,
 "(copied from ReO)
Reagents are distinguished from instruments or devices that also participate in scientific techniques by the fact that reagents are chemical or biological in nature and necessarily participate in or have parts that participate in some chemical interaction or reaction during their intended participation in some technique.  By contrast, instruments do not participate in a chemical reaction/interaction during the technique.

Reagents are distinguished from study subjects/evaluants in that study subjects and evaluants are that about which conclusions are drawn and knowledge is sought in an investigation - while reagents, by definition, are not.  It should be noted, however, that reagent and study subject/evaluant roles can be borne by instances of the same type of material entity - but a given instance will realize only one of these roles in the execution of a given assay or technique. For example, taq polymerase can bear a reagent role or an evaluant role.  In a DNA sequencing assay aimed at generating sequence data about some plasmid, the reagent role of the taq polymerase is realized. In an assay to evaluate the quality of the taq polymerase itself, the evaluant/study subject role of the taq is realized, but not the reagent role since the taq is the subject about which data is generated.

In regard to the statement that reagents are 'distinct' from the specified outputs of a technique, note that a reagent may be incorporated into a material output of a technique, as long as the IDENTITY of this output is distinct from that of the bearer of the reagent role.  For example, dNTPs input into a PCR are reagents that become part of the material output of this technique, but this output has a new identity (ie that of a 'nucleic acid molecule') that is distinct from the identity of the dNTPs that comprise it.  Similarly, a biotin molecule input into a cell labeling technique are reagents that become part of the specified output, but the identity of the output is that of some modified cell specimen which shares identity with the input unmodified cell specimen, and not with the biotin label. Thus, we see that an important criteria of 'reagent-ness' is that it is a facilitator, and not the primary focus of an investigation or material processing technique (ie not the specified subject/evaluant about which knowledge is sought, or the specified output material of the technique)." , "b756" , "http://www.w3.org/1999/02/22-rdf-syntax-ns#first" , "http://purl.obolibrary.org/obo/OBI_0000086" ,
 "(copied from ReO)
Reagents are distinguished from instruments or devices that also participate in scientific techniques by the fact that reagents are chemical or biological in nature and necessarily participate in or have parts that participate in some chemical interaction or reaction during their intended participation in some technique.  By contrast, instruments do not participate in a chemical reaction/interaction during the technique.

Reagents are distinguished from study subjects/evaluants in that study subjects and evaluants are that about which conclusions are drawn and knowledge is sought in an investigation - while reagents, by definition, are not.  It should be noted, however, that reagent and study subject/evaluant roles can be borne by instances of the same type of material entity - but a given instance will realize only one of these roles in the execution of a given assay or technique. For example, taq polymerase can bear a reagent role or an evaluant role.  In a DNA sequencing assay aimed at generating sequence data about some plasmid, the reagent role of the taq polymerase is realized. In an assay to evaluate the quality of the taq polymerase itself, the evaluant/study subject role of the taq is realized, but not the reagent role since the taq is the subject about which data is generated.

In regard to the statement that reagents are 'distinct' from the specified outputs of a technique, note that a reagent may be incorporated into a material output of a technique, as long as the IDENTITY of this output is distinct from that of the bearer of the reagent role.  For example, dNTPs input into a PCR are reagents that become part of the material output of this technique, but this output has a new identity (ie that of a 'nucleic acid molecule') that is distinct from the identity of the dNTPs that comprise it.  Similarly, a biotin molecule input into a cell labeling technique are reagents that become part of the specified output, but the identity of the output is that of some modified cell specimen which shares identity with the input unmodified cell specimen, and not with the biotin label. Thus, we see that an important criteria of 'reagent-ness' is that it is a facilitator, and not the primary focus of an investigation or material processing technique (ie not the specified subject/evaluant about which knowledge is sought, or the specified output material of the technique)." , "b757" , "http://www.w3.org/1999/02/22-rdf-syntax-ns#first" , "http://purl.obolibrary.org/obo/OBI_0000086" ,
 "(copied from ReO)
Reagents are distinguished from instruments or devices that also participate in scientific techniques by the fact that reagents are chemical or biological in nature and necessarily participate in or have parts that participate in some chemical interaction or reaction during their intended participation in some technique.  By contrast, instruments do not participate in a chemical reaction/interaction during the technique.

Reagents are distinguished from study subjects/evaluants in that study subjects and evaluants are that about which conclusions are drawn and knowledge is sought in an investigation - while reagents, by definition, are not.  It should be noted, however, that reagent and study subject/evaluant roles can be borne by instances of the same type of material entity - but a given instance will realize only one of these roles in the execution of a given assay or technique. For example, taq polymerase can bear a reagent role or an evaluant role.  In a DNA sequencing assay aimed at generating sequence data about some plasmid, the reagent role of the taq polymerase is realized. In an assay to evaluate the quality of the taq polymerase itself, the evaluant/study subject role of the taq is realized, but not the reagent role since the taq is the subject about which data is generated.

In regard to the statement that reagents are 'distinct' from the specified outputs of a technique, note that a reagent may be incorporated into a material output of a technique, as long as the IDENTITY of this output is distinct from that of the bearer of the reagent role.  For example, dNTPs input into a PCR are reagents that become part of the material output of this technique, but this output has a new identity (ie that of a 'nucleic acid molecule') that is distinct from the identity of the dNTPs that comprise it.  Similarly, a biotin molecule input into a cell labeling technique are reagents that become part of the specified output, but the identity of the output is that of some modified cell specimen which shares identity with the input unmodified cell specimen, and not with the biotin label. Thus, we see that an important criteria of 'reagent-ness' is that it is a facilitator, and not the primary focus of an investigation or material processing technique (ie not the specified subject/evaluant about which knowledge is sought, or the specified output material of the technique)." , "b758" , "http://www.w3.org/1999/02/22-rdf-syntax-ns#first" , "http://purl.obolibrary.org/obo/OBI_0000086" ,
 "(copied from ReO)
Reagents are distinguished from instruments or devices that also participate in scientific techniques by the fact that reagents are chemical or biological in nature and necessarily participate in or have parts that participate in some chemical interaction or reaction during their intended participation in some technique.  By contrast, instruments do not participate in a chemical reaction/interaction during the technique.

Reagents are distinguished from study subjects/evaluants in that study subjects and evaluants are that about which conclusions are drawn and knowledge is sought in an investigation - while reagents, by definition, are not.  It should be noted, however, that reagent and study subject/evaluant roles can be borne by instances of the same type of material entity - but a given instance will realize only one of these roles in the execution of a given assay or technique. For example, taq polymerase can bear a reagent role or an evaluant role.  In a DNA sequencing assay aimed at generating sequence data about some plasmid, the reagent role of the taq polymerase is realized. In an assay to evaluate the quality of the taq polymerase itself, the evaluant/study subject role of the taq is realized, but not the reagent role since the taq is the subject about which data is generated.

In regard to the statement that reagents are 'distinct' from the specified outputs of a technique, note that a reagent may be incorporated into a material output of a technique, as long as the IDENTITY of this output is distinct from that of the bearer of the reagent role.  For example, dNTPs input into a PCR are reagents that become part of the material output of this technique, but this output has a new identity (ie that of a 'nucleic acid molecule') that is distinct from the identity of the dNTPs that comprise it.  Similarly, a biotin molecule input into a cell labeling technique are reagents that become part of the specified output, but the identity of the output is that of some modified cell specimen which shares identity with the input unmodified cell specimen, and not with the biotin label. Thus, we see that an important criteria of 'reagent-ness' is that it is a facilitator, and not the primary focus of an investigation or material processing technique (ie not the specified subject/evaluant about which knowledge is sought, or the specified output material of the technique)." , "b759" , "http://www.w3.org/1999/02/22-rdf-syntax-ns#first" , "http://purl.obolibrary.org/obo/OBI_0000086" ,
 "(copied from ReO)
Reagents are distinguished from instruments or devices that also participate in scientific techniques by the fact that reagents are chemical or biological in nature and necessarily participate in or have parts that participate in some chemical interaction or reaction during their intended participation in some technique.  By contrast, instruments do not participate in a chemical reaction/interaction during the technique.

Reagents are distinguished from study subjects/evaluants in that study subjects and evaluants are that about which conclusions are drawn and knowledge is sought in an investigation - while reagents, by definition, are not.  It should be noted, however, that reagent and study subject/evaluant roles can be borne by instances of the same type of material entity - but a given instance will realize only one of these roles in the execution of a given assay or technique. For example, taq polymerase can bear a reagent role or an evaluant role.  In a DNA sequencing assay aimed at generating sequence data about some plasmid, the reagent role of the taq polymerase is realized. In an assay to evaluate the quality of the taq polymerase itself, the evaluant/study subject role of the taq is realized, but not the reagent role since the taq is the subject about which data is generated.

In regard to the statement that reagents are 'distinct' from the specified outputs of a technique, note that a reagent may be incorporated into a material output of a technique, as long as the IDENTITY of this output is distinct from that of the bearer of the reagent role.  For example, dNTPs input into a PCR are reagents that become part of the material output of this technique, but this output has a new identity (ie that of a 'nucleic acid molecule') that is distinct from the identity of the dNTPs that comprise it.  Similarly, a biotin molecule input into a cell labeling technique are reagents that become part of the specified output, but the identity of the output is that of some modified cell specimen which shares identity with the input unmodified cell specimen, and not with the biotin label. Thus, we see that an important criteria of 'reagent-ness' is that it is a facilitator, and not the primary focus of an investigation or material processing technique (ie not the specified subject/evaluant about which knowledge is sought, or the specified output material of the technique)." , "b760" , "http://www.w3.org/1999/02/22-rdf-syntax-ns#first" , "http://purl.obolibrary.org/obo/OBI_0000086" ,
 "(copied from ReO)
Reagents are distinguished from instruments or devices that also participate in scientific techniques by the fact that reagents are chemical or biological in nature and necessarily participate in or have parts that participate in some chemical interaction or reaction during their intended participation in some technique.  By contrast, instruments do not participate in a chemical reaction/interaction during the technique.

Reagents are distinguished from study subjects/evaluants in that study subjects and evaluants are that about which conclusions are drawn and knowledge is sought in an investigation - while reagents, by definition, are not.  It should be noted, however, that reagent and study subject/evaluant roles can be borne by instances of the same type of material entity - but a given instance will realize only one of these roles in the execution of a given assay or technique. For example, taq polymerase can bear a reagent role or an evaluant role.  In a DNA sequencing assay aimed at generating sequence data about some plasmid, the reagent role of the taq polymerase is realized. In an assay to evaluate the quality of the taq polymerase itself, the evaluant/study subject role of the taq is realized, but not the reagent role since the taq is the subject about which data is generated.

In regard to the statement that reagents are 'distinct' from the specified outputs of a technique, note that a reagent may be incorporated into a material output of a technique, as long as the IDENTITY of this output is distinct from that of the bearer of the reagent role.  For example, dNTPs input into a PCR are reagents that become part of the material output of this technique, but this output has a new identity (ie that of a 'nucleic acid molecule') that is distinct from the identity of the dNTPs that comprise it.  Similarly, a biotin molecule input into a cell labeling technique are reagents that become part of the specified output, but the identity of the output is that of some modified cell specimen which shares identity with the input unmodified cell specimen, and not with the biotin label. Thus, we see that an important criteria of 'reagent-ness' is that it is a facilitator, and not the primary focus of an investigation or material processing technique (ie not the specified subject/evaluant about which knowledge is sought, or the specified output material of the technique)." , "b761" , "http://www.w3.org/1999/02/22-rdf-syntax-ns#first" , "http://purl.obolibrary.org/obo/OBI_0000086" ,
 "(copied from ReO)
Reagents are distinguished from instruments or devices that also participate in scientific techniques by the fact that reagents are chemical or biological in nature and necessarily participate in or have parts that participate in some chemical interaction or reaction during their intended participation in some technique.  By contrast, instruments do not participate in a chemical reaction/interaction during the technique.

Reagents are distinguished from study subjects/evaluants in that study subjects and evaluants are that about which conclusions are drawn and knowledge is sought in an investigation - while reagents, by definition, are not.  It should be noted, however, that reagent and study subject/evaluant roles can be borne by instances of the same type of material entity - but a given instance will realize only one of these roles in the execution of a given assay or technique. For example, taq polymerase can bear a reagent role or an evaluant role.  In a DNA sequencing assay aimed at generating sequence data about some plasmid, the reagent role of the taq polymerase is realized. In an assay to evaluate the quality of the taq polymerase itself, the evaluant/study subject role of the taq is realized, but not the reagent role since the taq is the subject about which data is generated.

In regard to the statement that reagents are 'distinct' from the specified outputs of a technique, note that a reagent may be incorporated into a material output of a technique, as long as the IDENTITY of this output is distinct from that of the bearer of the reagent role.  For example, dNTPs input into a PCR are reagents that become part of the material output of this technique, but this output has a new identity (ie that of a 'nucleic acid molecule') that is distinct from the identity of the dNTPs that comprise it.  Similarly, a biotin molecule input into a cell labeling technique are reagents that become part of the specified output, but the identity of the output is that of some modified cell specimen which shares identity with the input unmodified cell specimen, and not with the biotin label. Thus, we see that an important criteria of 'reagent-ness' is that it is a facilitator, and not the primary focus of an investigation or material processing technique (ie not the specified subject/evaluant about which knowledge is sought, or the specified output material of the technique)." , "b762" , "http://www.w3.org/1999/02/22-rdf-syntax-ns#first" , "http://purl.obolibrary.org/obo/OBI_0000086" ,
 "(copied from ReO)
Reagents are distinguished from instruments or devices that also participate in scientific techniques by the fact that reagents are chemical or biological in nature and necessarily participate in or have parts that participate in some chemical interaction or reaction during their intended participation in some technique.  By contrast, instruments do not participate in a chemical reaction/interaction during the technique.

Reagents are distinguished from study subjects/evaluants in that study subjects and evaluants are that about which conclusions are drawn and knowledge is sought in an investigation - while reagents, by definition, are not.  It should be noted, however, that reagent and study subject/evaluant roles can be borne by instances of the same type of material entity - but a given instance will realize only one of these roles in the execution of a given assay or technique. For example, taq polymerase can bear a reagent role or an evaluant role.  In a DNA sequencing assay aimed at generating sequence data about some plasmid, the reagent role of the taq polymerase is realized. In an assay to evaluate the quality of the taq polymerase itself, the evaluant/study subject role of the taq is realized, but not the reagent role since the taq is the subject about which data is generated.

In regard to the statement that reagents are 'distinct' from the specified outputs of a technique, note that a reagent may be incorporated into a material output of a technique, as long as the IDENTITY of this output is distinct from that of the bearer of the reagent role.  For example, dNTPs input into a PCR are reagents that become part of the material output of this technique, but this output has a new identity (ie that of a 'nucleic acid molecule') that is distinct from the identity of the dNTPs that comprise it.  Similarly, a biotin molecule input into a cell labeling technique are reagents that become part of the specified output, but the identity of the output is that of some modified cell specimen which shares identity with the input unmodified cell specimen, and not with the biotin label. Thus, we see that an important criteria of 'reagent-ness' is that it is a facilitator, and not the primary focus of an investigation or material processing technique (ie not the specified subject/evaluant about which knowledge is sought, or the specified output material of the technique)." , "b763" , "http://www.w3.org/1999/02/22-rdf-syntax-ns#first" , "http://purl.obolibrary.org/obo/OBI_0000086" ,
 "(copied from ReO)
Reagents are distinguished from instruments or devices that also participate in scientific techniques by the fact that reagents are chemical or biological in nature and necessarily participate in or have parts that participate in some chemical interaction or reaction during their intended participation in some technique.  By contrast, instruments do not participate in a chemical reaction/interaction during the technique.

Reagents are distinguished from study subjects/evaluants in that study subjects and evaluants are that about which conclusions are drawn and knowledge is sought in an investigation - while reagents, by definition, are not.  It should be noted, however, that reagent and study subject/evaluant roles can be borne by instances of the same type of material entity - but a given instance will realize only one of these roles in the execution of a given assay or technique. For example, taq polymerase can bear a reagent role or an evaluant role.  In a DNA sequencing assay aimed at generating sequence data about some plasmid, the reagent role of the taq polymerase is realized. In an assay to evaluate the quality of the taq polymerase itself, the evaluant/study subject role of the taq is realized, but not the reagent role since the taq is the subject about which data is generated.

In regard to the statement that reagents are 'distinct' from the specified outputs of a technique, note that a reagent may be incorporated into a material output of a technique, as long as the IDENTITY of this output is distinct from that of the bearer of the reagent role.  For example, dNTPs input into a PCR are reagents that become part of the material output of this technique, but this output has a new identity (ie that of a 'nucleic acid molecule') that is distinct from the identity of the dNTPs that comprise it.  Similarly, a biotin molecule input into a cell labeling technique are reagents that become part of the specified output, but the identity of the output is that of some modified cell specimen which shares identity with the input unmodified cell specimen, and not with the biotin label. Thus, we see that an important criteria of 'reagent-ness' is that it is a facilitator, and not the primary focus of an investigation or material processing technique (ie not the specified subject/evaluant about which knowledge is sought, or the specified output material of the technique)." , "b764" , "http://www.w3.org/1999/02/22-rdf-syntax-ns#first" , "http://purl.obolibrary.org/obo/OBI_0000086" ,
 "(copied from ReO)
Reagents are distinguished from instruments or devices that also participate in scientific techniques by the fact that reagents are chemical or biological in nature and necessarily participate in or have parts that participate in some chemical interaction or reaction during their intended participation in some technique.  By contrast, instruments do not participate in a chemical reaction/interaction during the technique.

Reagents are distinguished from study subjects/evaluants in that study subjects and evaluants are that about which conclusions are drawn and knowledge is sought in an investigation - while reagents, by definition, are not.  It should be noted, however, that reagent and study subject/evaluant roles can be borne by instances of the same type of material entity - but a given instance will realize only one of these roles in the execution of a given assay or technique. For example, taq polymerase can bear a reagent role or an evaluant role.  In a DNA sequencing assay aimed at generating sequence data about some plasmid, the reagent role of the taq polymerase is realized. In an assay to evaluate the quality of the taq polymerase itself, the evaluant/study subject role of the taq is realized, but not the reagent role since the taq is the subject about which data is generated.

In regard to the statement that reagents are 'distinct' from the specified outputs of a technique, note that a reagent may be incorporated into a material output of a technique, as long as the IDENTITY of this output is distinct from that of the bearer of the reagent role.  For example, dNTPs input into a PCR are reagents that become part of the material output of this technique, but this output has a new identity (ie that of a 'nucleic acid molecule') that is distinct from the identity of the dNTPs that comprise it.  Similarly, a biotin molecule input into a cell labeling technique are reagents that become part of the specified output, but the identity of the output is that of some modified cell specimen which shares identity with the input unmodified cell specimen, and not with the biotin label. Thus, we see that an important criteria of 'reagent-ness' is that it is a facilitator, and not the primary focus of an investigation or material processing technique (ie not the specified subject/evaluant about which knowledge is sought, or the specified output material of the technique)." , "b765" , "http://www.w3.org/1999/02/22-rdf-syntax-ns#first" , "http://purl.obolibrary.org/obo/OBI_0000086" ,
 "(copied from ReO)
Reagents are distinguished from instruments or devices that also participate in scientific techniques by the fact that reagents are chemical or biological in nature and necessarily participate in or have parts that participate in some chemical interaction or reaction during their intended participation in some technique.  By contrast, instruments do not participate in a chemical reaction/interaction during the technique.

Reagents are distinguished from study subjects/evaluants in that study subjects and evaluants are that about which conclusions are drawn and knowledge is sought in an investigation - while reagents, by definition, are not.  It should be noted, however, that reagent and study subject/evaluant roles can be borne by instances of the same type of material entity - but a given instance will realize only one of these roles in the execution of a given assay or technique. For example, taq polymerase can bear a reagent role or an evaluant role.  In a DNA sequencing assay aimed at generating sequence data about some plasmid, the reagent role of the taq polymerase is realized. In an assay to evaluate the quality of the taq polymerase itself, the evaluant/study subject role of the taq is realized, but not the reagent role since the taq is the subject about which data is generated.

In regard to the statement that reagents are 'distinct' from the specified outputs of a technique, note that a reagent may be incorporated into a material output of a technique, as long as the IDENTITY of this output is distinct from that of the bearer of the reagent role.  For example, dNTPs input into a PCR are reagents that become part of the material output of this technique, but this output has a new identity (ie that of a 'nucleic acid molecule') that is distinct from the identity of the dNTPs that comprise it.  Similarly, a biotin molecule input into a cell labeling technique are reagents that become part of the specified output, but the identity of the output is that of some modified cell specimen which shares identity with the input unmodified cell specimen, and not with the biotin label. Thus, we see that an important criteria of 'reagent-ness' is that it is a facilitator, and not the primary focus of an investigation or material processing technique (ie not the specified subject/evaluant about which knowledge is sought, or the specified output material of the technique)." , "b766" , "http://www.w3.org/1999/02/22-rdf-syntax-ns#first" , "http://purl.obolibrary.org/obo/OBI_0000086" ,
 "(copied from ReO)
Reagents are distinguished from instruments or devices that also participate in scientific techniques by the fact that reagents are chemical or biological in nature and necessarily participate in or have parts that participate in some chemical interaction or reaction during their intended participation in some technique.  By contrast, instruments do not participate in a chemical reaction/interaction during the technique.

Reagents are distinguished from study subjects/evaluants in that study subjects and evaluants are that about which conclusions are drawn and knowledge is sought in an investigation - while reagents, by definition, are not.  It should be noted, however, that reagent and study subject/evaluant roles can be borne by instances of the same type of material entity - but a given instance will realize only one of these roles in the execution of a given assay or technique. For example, taq polymerase can bear a reagent role or an evaluant role.  In a DNA sequencing assay aimed at generating sequence data about some plasmid, the reagent role of the taq polymerase is realized. In an assay to evaluate the quality of the taq polymerase itself, the evaluant/study subject role of the taq is realized, but not the reagent role since the taq is the subject about which data is generated.

In regard to the statement that reagents are 'distinct' from the specified outputs of a technique, note that a reagent may be incorporated into a material output of a technique, as long as the IDENTITY of this output is distinct from that of the bearer of the reagent role.  For example, dNTPs input into a PCR are reagents that become part of the material output of this technique, but this output has a new identity (ie that of a 'nucleic acid molecule') that is distinct from the identity of the dNTPs that comprise it.  Similarly, a biotin molecule input into a cell labeling technique are reagents that become part of the specified output, but the identity of the output is that of some modified cell specimen which shares identity with the input unmodified cell specimen, and not with the biotin label. Thus, we see that an important criteria of 'reagent-ness' is that it is a facilitator, and not the primary focus of an investigation or material processing technique (ie not the specified subject/evaluant about which knowledge is sought, or the specified output material of the technique)." , "b767" , "http://www.w3.org/1999/02/22-rdf-syntax-ns#first" , "http://purl.obolibrary.org/obo/OBI_0000086" ,
 "(copied from ReO)
Reagents are distinguished from instruments or devices that also participate in scientific techniques by the fact that reagents are chemical or biological in nature and necessarily participate in or have parts that participate in some chemical interaction or reaction during their intended participation in some technique.  By contrast, instruments do not participate in a chemical reaction/interaction during the technique.

Reagents are distinguished from study subjects/evaluants in that study subjects and evaluants are that about which conclusions are drawn and knowledge is sought in an investigation - while reagents, by definition, are not.  It should be noted, however, that reagent and study subject/evaluant roles can be borne by instances of the same type of material entity - but a given instance will realize only one of these roles in the execution of a given assay or technique. For example, taq polymerase can bear a reagent role or an evaluant role.  In a DNA sequencing assay aimed at generating sequence data about some plasmid, the reagent role of the taq polymerase is realized. In an assay to evaluate the quality of the taq polymerase itself, the evaluant/study subject role of the taq is realized, but not the reagent role since the taq is the subject about which data is generated.

In regard to the statement that reagents are 'distinct' from the specified outputs of a technique, note that a reagent may be incorporated into a material output of a technique, as long as the IDENTITY of this output is distinct from that of the bearer of the reagent role.  For example, dNTPs input into a PCR are reagents that become part of the material output of this technique, but this output has a new identity (ie that of a 'nucleic acid molecule') that is distinct from the identity of the dNTPs that comprise it.  Similarly, a biotin molecule input into a cell labeling technique are reagents that become part of the specified output, but the identity of the output is that of some modified cell specimen which shares identity with the input unmodified cell specimen, and not with the biotin label. Thus, we see that an important criteria of 'reagent-ness' is that it is a facilitator, and not the primary focus of an investigation or material processing technique (ie not the specified subject/evaluant about which knowledge is sought, or the specified output material of the technique)." , "b768" , "http://www.w3.org/1999/02/22-rdf-syntax-ns#first" , "http://purl.obolibrary.org/obo/OBI_0000086" ,
 "(copied from ReO)
Reagents are distinguished from instruments or devices that also participate in scientific techniques by the fact that reagents are chemical or biological in nature and necessarily participate in or have parts that participate in some chemical interaction or reaction during their intended participation in some technique.  By contrast, instruments do not participate in a chemical reaction/interaction during the technique.

Reagents are distinguished from study subjects/evaluants in that study subjects and evaluants are that about which conclusions are drawn and knowledge is sought in an investigation - while reagents, by definition, are not.  It should be noted, however, that reagent and study subject/evaluant roles can be borne by instances of the same type of material entity - but a given instance will realize only one of these roles in the execution of a given assay or technique. For example, taq polymerase can bear a reagent role or an evaluant role.  In a DNA sequencing assay aimed at generating sequence data about some plasmid, the reagent role of the taq polymerase is realized. In an assay to evaluate the quality of the taq polymerase itself, the evaluant/study subject role of the taq is realized, but not the reagent role since the taq is the subject about which data is generated.

In regard to the statement that reagents are 'distinct' from the specified outputs of a technique, note that a reagent may be incorporated into a material output of a technique, as long as the IDENTITY of this output is distinct from that of the bearer of the reagent role.  For example, dNTPs input into a PCR are reagents that become part of the material output of this technique, but this output has a new identity (ie that of a 'nucleic acid molecule') that is distinct from the identity of the dNTPs that comprise it.  Similarly, a biotin molecule input into a cell labeling technique are reagents that become part of the specified output, but the identity of the output is that of some modified cell specimen which shares identity with the input unmodified cell specimen, and not with the biotin label. Thus, we see that an important criteria of 'reagent-ness' is that it is a facilitator, and not the primary focus of an investigation or material processing technique (ie not the specified subject/evaluant about which knowledge is sought, or the specified output material of the technique)." , "b769" , "http://www.w3.org/2002/07/owl#someValuesFrom" , "http://purl.obolibrary.org/obo/OBI_0000086" ,
 "(copied from ReO)
Reagents are distinguished from instruments or devices that also participate in scientific techniques by the fact that reagents are chemical or biological in nature and necessarily participate in or have parts that participate in some chemical interaction or reaction during their intended participation in some technique.  By contrast, instruments do not participate in a chemical reaction/interaction during the technique.

Reagents are distinguished from study subjects/evaluants in that study subjects and evaluants are that about which conclusions are drawn and knowledge is sought in an investigation - while reagents, by definition, are not.  It should be noted, however, that reagent and study subject/evaluant roles can be borne by instances of the same type of material entity - but a given instance will realize only one of these roles in the execution of a given assay or technique. For example, taq polymerase can bear a reagent role or an evaluant role.  In a DNA sequencing assay aimed at generating sequence data about some plasmid, the reagent role of the taq polymerase is realized. In an assay to evaluate the quality of the taq polymerase itself, the evaluant/study subject role of the taq is realized, but not the reagent role since the taq is the subject about which data is generated.

In regard to the statement that reagents are 'distinct' from the specified outputs of a technique, note that a reagent may be incorporated into a material output of a technique, as long as the IDENTITY of this output is distinct from that of the bearer of the reagent role.  For example, dNTPs input into a PCR are reagents that become part of the material output of this technique, but this output has a new identity (ie that of a 'nucleic acid molecule') that is distinct from the identity of the dNTPs that comprise it.  Similarly, a biotin molecule input into a cell labeling technique are reagents that become part of the specified output, but the identity of the output is that of some modified cell specimen which shares identity with the input unmodified cell specimen, and not with the biotin label. Thus, we see that an important criteria of 'reagent-ness' is that it is a facilitator, and not the primary focus of an investigation or material processing technique (ie not the specified subject/evaluant about which knowledge is sought, or the specified output material of the technique)." , "b770" , "http://www.w3.org/2002/07/owl#someValuesFrom" , "http://purl.obolibrary.org/obo/OBI_0000086" ,
 "(copied from ReO)
Reagents are distinguished from instruments or devices that also participate in scientific techniques by the fact that reagents are chemical or biological in nature and necessarily participate in or have parts that participate in some chemical interaction or reaction during their intended participation in some technique.  By contrast, instruments do not participate in a chemical reaction/interaction during the technique.

Reagents are distinguished from study subjects/evaluants in that study subjects and evaluants are that about which conclusions are drawn and knowledge is sought in an investigation - while reagents, by definition, are not.  It should be noted, however, that reagent and study subject/evaluant roles can be borne by instances of the same type of material entity - but a given instance will realize only one of these roles in the execution of a given assay or technique. For example, taq polymerase can bear a reagent role or an evaluant role.  In a DNA sequencing assay aimed at generating sequence data about some plasmid, the reagent role of the taq polymerase is realized. In an assay to evaluate the quality of the taq polymerase itself, the evaluant/study subject role of the taq is realized, but not the reagent role since the taq is the subject about which data is generated.

In regard to the statement that reagents are 'distinct' from the specified outputs of a technique, note that a reagent may be incorporated into a material output of a technique, as long as the IDENTITY of this output is distinct from that of the bearer of the reagent role.  For example, dNTPs input into a PCR are reagents that become part of the material output of this technique, but this output has a new identity (ie that of a 'nucleic acid molecule') that is distinct from the identity of the dNTPs that comprise it.  Similarly, a biotin molecule input into a cell labeling technique are reagents that become part of the specified output, but the identity of the output is that of some modified cell specimen which shares identity with the input unmodified cell specimen, and not with the biotin label. Thus, we see that an important criteria of 'reagent-ness' is that it is a facilitator, and not the primary focus of an investigation or material processing technique (ie not the specified subject/evaluant about which knowledge is sought, or the specified output material of the technique)." , "b771" , "http://www.w3.org/2002/07/owl#someValuesFrom" , "http://purl.obolibrary.org/obo/OBI_0000086" ,
 "(copied from ReO)
Reagents are distinguished from instruments or devices that also participate in scientific techniques by the fact that reagents are chemical or biological in nature and necessarily participate in or have parts that participate in some chemical interaction or reaction during their intended participation in some technique.  By contrast, instruments do not participate in a chemical reaction/interaction during the technique.

Reagents are distinguished from study subjects/evaluants in that study subjects and evaluants are that about which conclusions are drawn and knowledge is sought in an investigation - while reagents, by definition, are not.  It should be noted, however, that reagent and study subject/evaluant roles can be borne by instances of the same type of material entity - but a given instance will realize only one of these roles in the execution of a given assay or technique. For example, taq polymerase can bear a reagent role or an evaluant role.  In a DNA sequencing assay aimed at generating sequence data about some plasmid, the reagent role of the taq polymerase is realized. In an assay to evaluate the quality of the taq polymerase itself, the evaluant/study subject role of the taq is realized, but not the reagent role since the taq is the subject about which data is generated.

In regard to the statement that reagents are 'distinct' from the specified outputs of a technique, note that a reagent may be incorporated into a material output of a technique, as long as the IDENTITY of this output is distinct from that of the bearer of the reagent role.  For example, dNTPs input into a PCR are reagents that become part of the material output of this technique, but this output has a new identity (ie that of a 'nucleic acid molecule') that is distinct from the identity of the dNTPs that comprise it.  Similarly, a biotin molecule input into a cell labeling technique are reagents that become part of the specified output, but the identity of the output is that of some modified cell specimen which shares identity with the input unmodified cell specimen, and not with the biotin label. Thus, we see that an important criteria of 'reagent-ness' is that it is a facilitator, and not the primary focus of an investigation or material processing technique (ie not the specified subject/evaluant about which knowledge is sought, or the specified output material of the technique)." , "b772" , "http://www.w3.org/1999/02/22-rdf-syntax-ns#first" , "http://purl.obolibrary.org/obo/OBI_0000086" ,
 "(copied from ReO)
Reagents are distinguished from instruments or devices that also participate in scientific techniques by the fact that reagents are chemical or biological in nature and necessarily participate in or have parts that participate in some chemical interaction or reaction during their intended participation in some technique.  By contrast, instruments do not participate in a chemical reaction/interaction during the technique.

Reagents are distinguished from study subjects/evaluants in that study subjects and evaluants are that about which conclusions are drawn and knowledge is sought in an investigation - while reagents, by definition, are not.  It should be noted, however, that reagent and study subject/evaluant roles can be borne by instances of the same type of material entity - but a given instance will realize only one of these roles in the execution of a given assay or technique. For example, taq polymerase can bear a reagent role or an evaluant role.  In a DNA sequencing assay aimed at generating sequence data about some plasmid, the reagent role of the taq polymerase is realized. In an assay to evaluate the quality of the taq polymerase itself, the evaluant/study subject role of the taq is realized, but not the reagent role since the taq is the subject about which data is generated.

In regard to the statement that reagents are 'distinct' from the specified outputs of a technique, note that a reagent may be incorporated into a material output of a technique, as long as the IDENTITY of this output is distinct from that of the bearer of the reagent role.  For example, dNTPs input into a PCR are reagents that become part of the material output of this technique, but this output has a new identity (ie that of a 'nucleic acid molecule') that is distinct from the identity of the dNTPs that comprise it.  Similarly, a biotin molecule input into a cell labeling technique are reagents that become part of the specified output, but the identity of the output is that of some modified cell specimen which shares identity with the input unmodified cell specimen, and not with the biotin label. Thus, we see that an important criteria of 'reagent-ness' is that it is a facilitator, and not the primary focus of an investigation or material processing technique (ie not the specified subject/evaluant about which knowledge is sought, or the specified output material of the technique)." , "b773" , "http://www.w3.org/1999/02/22-rdf-syntax-ns#first" , "http://purl.obolibrary.org/obo/OBI_0000086" ,
 "(copied from ReO)
Reagents are distinguished from instruments or devices that also participate in scientific techniques by the fact that reagents are chemical or biological in nature and necessarily participate in or have parts that participate in some chemical interaction or reaction during their intended participation in some technique.  By contrast, instruments do not participate in a chemical reaction/interaction during the technique.

Reagents are distinguished from study subjects/evaluants in that study subjects and evaluants are that about which conclusions are drawn and knowledge is sought in an investigation - while reagents, by definition, are not.  It should be noted, however, that reagent and study subject/evaluant roles can be borne by instances of the same type of material entity - but a given instance will realize only one of these roles in the execution of a given assay or technique. For example, taq polymerase can bear a reagent role or an evaluant role.  In a DNA sequencing assay aimed at generating sequence data about some plasmid, the reagent role of the taq polymerase is realized. In an assay to evaluate the quality of the taq polymerase itself, the evaluant/study subject role of the taq is realized, but not the reagent role since the taq is the subject about which data is generated.

In regard to the statement that reagents are 'distinct' from the specified outputs of a technique, note that a reagent may be incorporated into a material output of a technique, as long as the IDENTITY of this output is distinct from that of the bearer of the reagent role.  For example, dNTPs input into a PCR are reagents that become part of the material output of this technique, but this output has a new identity (ie that of a 'nucleic acid molecule') that is distinct from the identity of the dNTPs that comprise it.  Similarly, a biotin molecule input into a cell labeling technique are reagents that become part of the specified output, but the identity of the output is that of some modified cell specimen which shares identity with the input unmodified cell specimen, and not with the biotin label. Thus, we see that an important criteria of 'reagent-ness' is that it is a facilitator, and not the primary focus of an investigation or material processing technique (ie not the specified subject/evaluant about which knowledge is sought, or the specified output material of the technique)." , "b774" , "http://www.w3.org/1999/02/22-rdf-syntax-ns#first" , "http://purl.obolibrary.org/obo/OBI_0000086" ,
 "(copied from ReO)
Reagents are distinguished from instruments or devices that also participate in scientific techniques by the fact that reagents are chemical or biological in nature and necessarily participate in or have parts that participate in some chemical interaction or reaction during their intended participation in some technique.  By contrast, instruments do not participate in a chemical reaction/interaction during the technique.

Reagents are distinguished from study subjects/evaluants in that study subjects and evaluants are that about which conclusions are drawn and knowledge is sought in an investigation - while reagents, by definition, are not.  It should be noted, however, that reagent and study subject/evaluant roles can be borne by instances of the same type of material entity - but a given instance will realize only one of these roles in the execution of a given assay or technique. For example, taq polymerase can bear a reagent role or an evaluant role.  In a DNA sequencing assay aimed at generating sequence data about some plasmid, the reagent role of the taq polymerase is realized. In an assay to evaluate the quality of the taq polymerase itself, the evaluant/study subject role of the taq is realized, but not the reagent role since the taq is the subject about which data is generated.

In regard to the statement that reagents are 'distinct' from the specified outputs of a technique, note that a reagent may be incorporated into a material output of a technique, as long as the IDENTITY of this output is distinct from that of the bearer of the reagent role.  For example, dNTPs input into a PCR are reagents that become part of the material output of this technique, but this output has a new identity (ie that of a 'nucleic acid molecule') that is distinct from the identity of the dNTPs that comprise it.  Similarly, a biotin molecule input into a cell labeling technique are reagents that become part of the specified output, but the identity of the output is that of some modified cell specimen which shares identity with the input unmodified cell specimen, and not with the biotin label. Thus, we see that an important criteria of 'reagent-ness' is that it is a facilitator, and not the primary focus of an investigation or material processing technique (ie not the specified subject/evaluant about which knowledge is sought, or the specified output material of the technique)." , "b775" , "http://www.w3.org/1999/02/22-rdf-syntax-ns#first" , "http://purl.obolibrary.org/obo/OBI_0000086" ,
 "(copied from ReO)
Reagents are distinguished from devices/instruments that also serve as facilitators in scientific techniques by the fact that reagents are chemical or biological in nature and necessarily participate in or have parts that participate in some chemical interaction or reaction during their intended participation in some technique.  By contrast, devices do not participate in a chemical reaction/interaction during the technique.

Reagents are distinguished from study subjects/evaluants in that study subjects and evaluants are that about which conclusions are drawn and knowledge is sought in an investigation - while reagents, by definition, are not.  It should be noted, however, that reagent and study subject/evaluant roles can be borne by instances of the same type of material entity - but a given instance can only realize one of these roles in the execution of a given  assay. For example, taq polymerase can bear a reagent role or an evaluant role.  In a DNA sequencing assay aimed at generating sequence data about some plasmid, the reagent role of the taq polymerase is realized. In an assay to evaluate the quality of the taq polymerase itself, the evaluant/study subject role of the taq is realized, but not the reagent role since the taq is the subject about which data is generated.

In regard to the statement that reagents are 'distinct' from the specified outputs of a technique:  note that a reagent may be incorporated into a material output of a technique, as long as the IDENTITY of this output is distinct from that of the bearer of the reagent role.  For example, dNTPs input into a PCR are reagents that become part of the material output of this technique, but this output has a new identity (ie that of a 'nucleic acid molecule') that is distinct from the identity of the dNTPs that comprise it.  Similarly, a biotin molecule input into a cell labeling technique are reagents that become part of the specified output, but the identity of the output is that of some modified cell specimen which shares identity with the input unmodified cell specimen, and not with the biotin label. Thus, we see that an important criteria of 'reagent-ness' is that it is a facilitator, and not the primary focus of an investigation or material processing technique (ie not the specified subject/evaluant about which knowledge is sought, or the specified output material of the technique)." , "http://purl.obolibrary.org/obo/OBI_0001946" , "http://www.w3.org/2000/01/rdf-schema#subClassOf" , "http://purl.obolibrary.org/obo/OBI_0001879" ,
 "(copied from ReO)
Reagents are distinguished from devices/instruments that also serve as facilitators in scientific techniques by the fact that reagents are chemical or biological in nature and necessarily participate in or have parts that participate in some chemical interaction or reaction during their intended participation in some technique.  By contrast, devices do not participate in a chemical reaction/interaction during the technique.

Reagents are distinguished from study subjects/evaluants in that study subjects and evaluants are that about which conclusions are drawn and knowledge is sought in an investigation - while reagents, by definition, are not.  It should be noted, however, that reagent and study subject/evaluant roles can be borne by instances of the same type of material entity - but a given instance can only realize one of these roles in the execution of a given  assay. For example, taq polymerase can bear a reagent role or an evaluant role.  In a DNA sequencing assay aimed at generating sequence data about some plasmid, the reagent role of the taq polymerase is realized. In an assay to evaluate the quality of the taq polymerase itself, the evaluant/study subject role of the taq is realized, but not the reagent role since the taq is the subject about which data is generated.

In regard to the statement that reagents are 'distinct' from the specified outputs of a technique:  note that a reagent may be incorporated into a material output of a technique, as long as the IDENTITY of this output is distinct from that of the bearer of the reagent role.  For example, dNTPs input into a PCR are reagents that become part of the material output of this technique, but this output has a new identity (ie that of a 'nucleic acid molecule') that is distinct from the identity of the dNTPs that comprise it.  Similarly, a biotin molecule input into a cell labeling technique are reagents that become part of the specified output, but the identity of the output is that of some modified cell specimen which shares identity with the input unmodified cell specimen, and not with the biotin label. Thus, we see that an important criteria of 'reagent-ness' is that it is a facilitator, and not the primary focus of an investigation or material processing technique (ie not the specified subject/evaluant about which knowledge is sought, or the specified output material of the technique)." , "http://purl.obolibrary.org/obo/OBI_0001951" , "http://www.w3.org/2000/01/rdf-schema#subClassOf" , "http://purl.obolibrary.org/obo/OBI_0001879" ,
 "A 'cell culture' as used here referes to a new lineage of cells in culture deriving from a single biological source.. New cultures are established through the initial isolation and culturing of cells from an organismal source, or through changes in an existing cell culture or line that result in a new culture with unique characteristics.  This can occur through the passaging/selection of a primary culture into a secondary culture or line, or experimental modifications of an existing cell culture or line such as an immortalization process or other stable genetic modification. This class covers establishment of cultures of either multicellular organism cells or unicellular organisms." , "http://purl.obolibrary.org/obo/OBI_0001867" , "http://www.w3.org/2000/01/rdf-schema#subClassOf" , "http://purl.obolibrary.org/obo/OBI_0600036" ,
 "A 'cell culture' as used here referes to a new lineage of cells in culture deriving from a single biological source.. New cultures are established through the initial isolation and culturing of cells from an organismal source, or through changes in an existing cell culture or line that result in a new culture with unique characteristics.  This can occur through the passaging/selection of a primary culture into a secondary culture or line, or experimental modifications of an existing cell culture or line such as an immortalization process or other stable genetic modification. This class covers establishment of cultures of either multicellular organism cells or unicellular organisms." , "b776" , "http://www.w3.org/2002/07/owl#someValuesFrom" , "http://purl.obolibrary.org/obo/OBI_0600036" ,
 "A 'cell culture' as used here referes to a new lineage of cells in culture deriving from a single biological source.. New cultures are established through the initial isolation and culturing of cells from an organismal source, or through changes in an existing cell culture or line that result in a new culture with unique characteristics.  This can occur through the passaging/selection of a primary culture into a secondary culture or line, or experimental modifications of an existing cell culture or line such as an immortalization process or other stable genetic modification. This class covers establishment of cultures of either multicellular organism cells or unicellular organisms." , "b777" , "http://www.w3.org/2002/07/owl#someValuesFrom" , "http://purl.obolibrary.org/obo/OBI_0600036" ,
 "A 'cell culture' as used here referes to a new lineage of cells in culture deriving from a single biological source.. New cultures are established through the initial isolation and culturing of cells from an organismal source, or through changes in an existing cell culture or line that result in a new culture with unique characteristics.  This can occur through the passaging/selection of a primary culture into a secondary culture or line, or experimental modifications of an existing cell culture or line such as an immortalization process or other stable genetic modification. This class covers establishment of cultures of either multicellular organism cells or unicellular organisms." , "http://purl.obolibrary.org/obo/OBI_0001878" , "http://www.w3.org/2000/01/rdf-schema#subClassOf" , "http://purl.obolibrary.org/obo/OBI_0600036" ,
 "A 'cell culture' as used here referes to a new lineage of cells in culture deriving from a single biological source.. New cultures are established through the initial isolation and culturing of cells from an organismal source, or through changes in an existing cell culture or line that result in a new culture with unique characteristics.  This can occur through the passaging/selection of a primary culture into a secondary culture or line, or experimental modifications of an existing cell culture or line such as an immortalization process or other stable genetic modification. This class covers establishment of cultures of either multicellular organism cells or unicellular organisms." , "b778" , "http://www.w3.org/1999/02/22-rdf-syntax-ns#first" , "http://purl.obolibrary.org/obo/OBI_0600036" ,
 "A measured characteristic of an entity is one that is measurable within the physical world. A measured characteristic includes primary and derived physical dimensions (e.g., length, mass, area, density). The measured value assigned to a measured characteristic may be a quantity (a numerical value) or a quality (a category), including both nominal and ordinal categories." , "http://ecoinformatics.org/oboe/oboe.1.2/oboe-core.owl#hasQualifier" , "http://www.w3.org/2000/01/rdf-schema#domain" , "http://ecoinformatics.org/oboe/oboe.1.2/oboe-core.owl#MeasuredCharacteristic" ,
 "A measured characteristic of an entity is one that is measurable within the physical world. A measured characteristic includes primary and derived physical dimensions (e.g., length, mass, area, density). The measured value assigned to a measured characteristic may be a quantity (a numerical value) or a quality (a category), including both nominal and ordinal categories." , "http://ecoinformatics.org/oboe/oboe.1.2/oboe-core.owl#IdentifyingCharacteristic" , "http://www.w3.org/2002/07/owl#disjointWith" , "http://ecoinformatics.org/oboe/oboe.1.2/oboe-core.owl#MeasuredCharacteristic" ,
 "Ice mass may need to be resolved from ice field, the former referring simply to an accumulation of ice." , "b779" , "http://www.w3.org/2002/07/owl#annotatedSource" , "http://purl.obolibrary.org/obo/ENVO_00000299" ,
 "Ice mass may need to be resolved from ice field, the former referring simply to an accumulation of ice." , "b780" , "http://www.w3.org/2002/07/owl#annotatedSource" , "http://purl.obolibrary.org/obo/ENVO_00000299" ,
 "Ice mass may need to be resolved from ice field, the former referring simply to an accumulation of ice." , "b781" , "http://www.w3.org/2002/07/owl#annotatedSource" , "http://purl.obolibrary.org/obo/ENVO_00000299" ,
 "Ice mass may need to be resolved from ice field, the former referring simply to an accumulation of ice." , "b782" , "http://www.w3.org/2002/07/owl#annotatedSource" , "http://purl.obolibrary.org/obo/ENVO_00000299" ,
 "Ice mass may need to be resolved from ice field, the former referring simply to an accumulation of ice." , "b783" , "http://www.w3.org/2002/07/owl#annotatedSource" , "http://purl.obolibrary.org/obo/ENVO_00000299" ,
 "Ice mass may need to be resolved from ice field, the former referring simply to an accumulation of ice." , "b784" , "http://www.w3.org/2002/07/owl#annotatedSource" , "http://purl.obolibrary.org/obo/ENVO_00000299" ,
 "Ice mass may need to be resolved from ice field, the former referring simply to an accumulation of ice." , "b785" , "http://www.w3.org/2002/07/owl#annotatedSource" , "http://purl.obolibrary.org/obo/ENVO_00000299" ,
 "Ice mass may need to be resolved from ice field, the former referring simply to an accumulation of ice." , "b786" , "http://www.w3.org/2002/07/owl#annotatedSource" , "http://purl.obolibrary.org/obo/ENVO_00000299" ,
 "Something more specific than an adjacent_to relation would be better, especially considering the volcano in question may have melted nearby glacial mass." , "b787" , "http://www.w3.org/2002/07/owl#annotatedSource" , "http://purl.obolibrary.org/obo/ENVO_00000407" ,
 "Could be a subclass of a class that describes holes in solid material covering water or other liquids. Perhaps a class like "clearing". Logical def can include surrounded_by "ice mass"." , "b788" , "http://www.w3.org/2002/07/owl#annotatedSource" , "http://purl.obolibrary.org/obo/ENVO_00000484" ,
 "Could be a subclass of a class that describes holes in solid material covering water or other liquids. Perhaps a class like "clearing". Logical def can include surrounded_by "ice mass"." , "b789" , "http://www.w3.org/2002/07/owl#annotatedSource" , "http://purl.obolibrary.org/obo/ENVO_00000484" ,
 "Could be a subclass of a class that describes holes in solid material covering water or other liquids. Perhaps a class like "clearing". Logical def can include surrounded_by "ice mass"." , "b790" , "http://www.w3.org/2002/07/owl#annotatedSource" , "http://purl.obolibrary.org/obo/ENVO_00000484" ,
 "Could be a subclass of a class that describes holes in solid material covering water or other liquids. Perhaps a class like "clearing". Logical def can include surrounded_by "ice mass"." , "b791" , "http://www.w3.org/2002/07/owl#annotatedSource" , "http://purl.obolibrary.org/obo/ENVO_00000484" ,
 "Could be a subclass of a class that describes holes in solid material covering water or other liquids. Perhaps a class like "clearing". Logical def can include surrounded_by "ice mass"." , "b792" , "http://www.w3.org/2002/07/owl#annotatedSource" , "http://purl.obolibrary.org/obo/ENVO_00000484" ,
 "Could be a subclass of a class that describes holes in solid material covering water or other liquids. Perhaps a class like "clearing". Logical def can include surrounded_by "ice mass"." , "b793" , "http://www.w3.org/2002/07/owl#annotatedSource" , "http://purl.obolibrary.org/obo/ENVO_00000484" ,
 "Could be a subclass of a class that describes holes in solid material covering water or other liquids. Perhaps a class like "clearing". Logical def can include surrounded_by "ice mass"." , "b794" , "http://www.w3.org/2002/07/owl#annotatedSource" , "http://purl.obolibrary.org/obo/ENVO_00000484" ,
 "Could be a subclass of a class that describes holes in solid material covering water or other liquids. Perhaps a class like "clearing". Logical def can include surrounded_by "ice mass"." , "b795" , "http://www.w3.org/2002/07/owl#annotatedSource" , "http://purl.obolibrary.org/obo/ENVO_00000484" ,
 "Could be a subclass of a class that describes holes in solid material covering water or other liquids. Perhaps a class like "clearing". Logical def can include surrounded_by "ice mass"." , "b796" , "http://www.w3.org/2002/07/owl#annotatedSource" , "http://purl.obolibrary.org/obo/ENVO_00000484" ,
 "Everything under this parent must be a mass noun. All subclasses are to be understood as being composed primarily of the named entity, rather than restricted to that entity. For example, "ENVO:water" is to be understood as "environmental material composed primarly of some CHEBI:water". This class is currently being aligned to the Basic Formal Ontology. Following this alignment, its definition and the definitions of its subclasses will be revised." , "http://purl.obolibrary.org/obo/ENVO_0010001" , "http://www.w3.org/2000/01/rdf-schema#subClassOf" , "http://purl.obolibrary.org/obo/ENVO_00010483" ,
 "Everything under this parent must be a mass noun. All subclasses are to be understood as being composed primarily of the named entity, rather than restricted to that entity. For example, "ENVO:water" is to be understood as "environmental material composed primarly of some CHEBI:water". This class is currently being aligned to the Basic Formal Ontology. Following this alignment, its definition and the definitions of its subclasses will be revised." , "http://purl.obolibrary.org/obo/ENVO_01000017" , "http://www.w3.org/2000/01/rdf-schema#subClassOf" , "http://purl.obolibrary.org/obo/ENVO_00010483" ,
 "Everything under this parent must be a mass noun. All subclasses are to be understood as being composed primarily of the named entity, rather than restricted to that entity. For example, "ENVO:water" is to be understood as "environmental material composed primarly of some CHEBI:water". This class is currently being aligned to the Basic Formal Ontology. Following this alignment, its definition and the definitions of its subclasses will be revised." , "http://purl.obolibrary.org/obo/ENVO_01000406" , "http://www.w3.org/2000/01/rdf-schema#subClassOf" , "http://purl.obolibrary.org/obo/ENVO_00010483" ,
 "Everything under this parent must be a mass noun. All subclasses are to be understood as being composed primarily of the named entity, rather than restricted to that entity. For example, "ENVO:water" is to be understood as "environmental material composed primarly of some CHEBI:water". This class is currently being aligned to the Basic Formal Ontology. Following this alignment, its definition and the definitions of its subclasses will be revised." , "http://purl.obolibrary.org/obo/ENVO_00001998" , "http://www.w3.org/2000/01/rdf-schema#subClassOf" , "http://purl.obolibrary.org/obo/ENVO_00010483" ,
 "Everything under this parent must be a mass noun. All subclasses are to be understood as being composed primarily of the named entity, rather than restricted to that entity. For example, "ENVO:water" is to be understood as "environmental material composed primarly of some CHEBI:water". This class is currently being aligned to the Basic Formal Ontology. Following this alignment, its definition and the definitions of its subclasses will be revised." , "http://purl.obolibrary.org/obo/ENVO_00000194" , "http://www.w3.org/2000/01/rdf-schema#subClassOf" , "http://purl.obolibrary.org/obo/ENVO_00010483" ,
 "Everything under this parent must be a mass noun. All subclasses are to be understood as being composed primarily of the named entity, rather than restricted to that entity. For example, "ENVO:water" is to be understood as "environmental material composed primarly of some CHEBI:water". This class is currently being aligned to the Basic Formal Ontology. Following this alignment, its definition and the definitions of its subclasses will be revised." , "b797" , "http://www.w3.org/1999/02/22-rdf-syntax-ns#first" , "http://purl.obolibrary.org/obo/ENVO_00010483" ,
 "Everything under this parent must be a mass noun. All subclasses are to be understood as being composed primarily of the named entity, rather than restricted to that entity. For example, "ENVO:water" is to be understood as "environmental material composed primarly of some CHEBI:water". This class is currently being aligned to the Basic Formal Ontology. Following this alignment, its definition and the definitions of its subclasses will be revised." , "http://purl.obolibrary.org/obo/ENVO_01000701" , "http://www.w3.org/2000/01/rdf-schema#subClassOf" , "http://purl.obolibrary.org/obo/ENVO_00010483" ,
 "Everything under this parent must be a mass noun. All subclasses are to be understood as being composed primarily of the named entity, rather than restricted to that entity. For example, "ENVO:water" is to be understood as "environmental material composed primarly of some CHEBI:water". This class is currently being aligned to the Basic Formal Ontology. Following this alignment, its definition and the definitions of its subclasses will be revised." , "http://purl.obolibrary.org/obo/ENVO_01000660" , "http://www.w3.org/2000/01/rdf-schema#subClassOf" , "http://purl.obolibrary.org/obo/ENVO_00010483" ,
 "Everything under this parent must be a mass noun. All subclasses are to be understood as being composed primarily of the named entity, rather than restricted to that entity. For example, "ENVO:water" is to be understood as "environmental material composed primarly of some CHEBI:water". This class is currently being aligned to the Basic Formal Ontology. Following this alignment, its definition and the definitions of its subclasses will be revised." , "http://purl.obolibrary.org/obo/ENVO_01000018" , "http://www.w3.org/2000/01/rdf-schema#subClassOf" , "http://purl.obolibrary.org/obo/ENVO_00010483" ,
 "Everything under this parent must be a mass noun. All subclasses are to be understood as being composed primarily of the named entity, rather than restricted to that entity. For example, "ENVO:water" is to be understood as "environmental material composed primarly of some CHEBI:water". This class is currently being aligned to the Basic Formal Ontology. Following this alignment, its definition and the definitions of its subclasses will be revised." , "b798" , "http://www.w3.org/1999/02/22-rdf-syntax-ns#first" , "http://purl.obolibrary.org/obo/ENVO_00010483" ,
 "Everything under this parent must be a mass noun. All subclasses are to be understood as being composed primarily of the named entity, rather than restricted to that entity. For example, "ENVO:water" is to be understood as "environmental material composed primarly of some CHEBI:water". This class is currently being aligned to the Basic Formal Ontology. Following this alignment, its definition and the definitions of its subclasses will be revised." , "http://purl.obolibrary.org/obo/ENVO_00002007" , "http://www.w3.org/2000/01/rdf-schema#subClassOf" , "http://purl.obolibrary.org/obo/ENVO_00010483" ,
 "Everything under this parent must be a mass noun. All subclasses are to be understood as being composed primarily of the named entity, rather than restricted to that entity. For example, "ENVO:water" is to be understood as "environmental material composed primarly of some CHEBI:water". This class is currently being aligned to the Basic Formal Ontology. Following this alignment, its definition and the definitions of its subclasses will be revised." , "http://purl.obolibrary.org/obo/ENVO_01000814" , "http://www.w3.org/2000/01/rdf-schema#subClassOf" , "http://purl.obolibrary.org/obo/ENVO_00010483" ,
 "Everything under this parent must be a mass noun. All subclasses are to be understood as being composed primarily of the named entity, rather than restricted to that entity. For example, "ENVO:water" is to be understood as "environmental material composed primarly of some CHEBI:water". This class is currently being aligned to the Basic Formal Ontology. Following this alignment, its definition and the definitions of its subclasses will be revised." , "http://purl.obolibrary.org/obo/ENVO_00002982" , "http://www.w3.org/2000/01/rdf-schema#subClassOf" , "http://purl.obolibrary.org/obo/ENVO_00010483" ,
 "Everything under this parent must be a mass noun. All subclasses are to be understood as being composed primarily of the named entity, rather than restricted to that entity. For example, "ENVO:water" is to be understood as "environmental material composed primarly of some CHEBI:water". This class is currently being aligned to the Basic Formal Ontology. Following this alignment, its definition and the definitions of its subclasses will be revised." , "http://purl.obolibrary.org/obo/ENVO_01000016" , "http://www.w3.org/2000/01/rdf-schema#subClassOf" , "http://purl.obolibrary.org/obo/ENVO_00010483" ,
 "Everything under this parent must be a mass noun. All subclasses are to be understood as being composed primarily of the named entity, rather than restricted to that entity. For example, "ENVO:water" is to be understood as "environmental material composed primarly of some CHEBI:water". This class is currently being aligned to the Basic Formal Ontology. Following this alignment, its definition and the definitions of its subclasses will be revised." , "http://purl.obolibrary.org/obo/ENVO_01000155" , "http://www.w3.org/2000/01/rdf-schema#subClassOf" , "http://purl.obolibrary.org/obo/ENVO_00010483" ,
 "Everything under this parent must be a mass noun. All subclasses are to be understood as being composed primarily of the named entity, rather than restricted to that entity. For example, "ENVO:water" is to be understood as "environmental material composed primarly of some CHEBI:water". This class is currently being aligned to the Basic Formal Ontology. Following this alignment, its definition and the definitions of its subclasses will be revised." , "http://purl.obolibrary.org/obo/ENVO_00002264" , "http://www.w3.org/2000/01/rdf-schema#subClassOf" , "http://purl.obolibrary.org/obo/ENVO_00010483" ,
 "Everything under this parent must be a mass noun. All subclasses are to be understood as being composed primarily of the named entity, rather than restricted to that entity. For example, "ENVO:water" is to be understood as "environmental material composed primarly of some CHEBI:water". This class is currently being aligned to the Basic Formal Ontology. Following this alignment, its definition and the definitions of its subclasses will be revised." , "http://purl.obolibrary.org/obo/ENVO_01000797" , "http://www.w3.org/2000/01/rdf-schema#subClassOf" , "http://purl.obolibrary.org/obo/ENVO_00010483" ,
 "Everything under this parent must be a mass noun. All subclasses are to be understood as being composed primarily of the named entity, rather than restricted to that entity. For example, "ENVO:water" is to be understood as "environmental material composed primarly of some CHEBI:water". This class is currently being aligned to the Basic Formal Ontology. Following this alignment, its definition and the definitions of its subclasses will be revised." , "http://purl.obolibrary.org/obo/ENVO_01000815" , "http://www.w3.org/2000/01/rdf-schema#subClassOf" , "http://purl.obolibrary.org/obo/ENVO_00010483" ,
 "Everything under this parent must be a mass noun. All subclasses are to be understood as being composed primarily of the named entity, rather than restricted to that entity. For example, "ENVO:water" is to be understood as "environmental material composed primarly of some CHEBI:water". This class is currently being aligned to the Basic Formal Ontology. Following this alignment, its definition and the definitions of its subclasses will be revised." , "http://purl.obolibrary.org/obo/ENVO_01000001" , "http://www.w3.org/2000/01/rdf-schema#subClassOf" , "http://purl.obolibrary.org/obo/ENVO_00010483" ,
 "Everything under this parent must be a mass noun. All subclasses are to be understood as being composed primarily of the named entity, rather than restricted to that entity. For example, "ENVO:water" is to be understood as "environmental material composed primarly of some CHEBI:water". This class is currently being aligned to the Basic Formal Ontology. Following this alignment, its definition and the definitions of its subclasses will be revised." , "b799" , "http://www.w3.org/1999/02/22-rdf-syntax-ns#first" , "http://purl.obolibrary.org/obo/ENVO_00010483" ,
 "Everything under this parent must be a mass noun. All subclasses are to be understood as being composed primarily of the named entity, rather than restricted to that entity. For example, "ENVO:water" is to be understood as "environmental material composed primarly of some CHEBI:water". This class is currently being aligned to the Basic Formal Ontology. Following this alignment, its definition and the definitions of its subclasses will be revised." , "http://purl.obolibrary.org/obo/ENVO_00003031" , "http://www.w3.org/2000/01/rdf-schema#subClassOf" , "http://purl.obolibrary.org/obo/ENVO_00010483" ,
 "Everything under this parent must be a mass noun. All subclasses are to be understood as being composed primarily of the named entity, rather than restricted to that entity. For example, "ENVO:water" is to be understood as "environmental material composed primarly of some CHEBI:water". This class is currently being aligned to the Basic Formal Ontology. Following this alignment, its definition and the definitions of its subclasses will be revised." , "http://purl.obolibrary.org/obo/ENVO_00003930" , "http://www.w3.org/2000/01/rdf-schema#subClassOf" , "http://purl.obolibrary.org/obo/ENVO_00010483" ,
 "Everything under this parent must be a mass noun. All subclasses are to be understood as being composed primarily of the named entity, rather than restricted to that entity. For example, "ENVO:water" is to be understood as "environmental material composed primarly of some CHEBI:water". This class is currently being aligned to the Basic Formal Ontology. Following this alignment, its definition and the definitions of its subclasses will be revised." , "http://purl.obolibrary.org/obo/ENVO_00005738" , "http://www.w3.org/2000/01/rdf-schema#subClassOf" , "http://purl.obolibrary.org/obo/ENVO_00010483" ,
 "Everything under this parent must be a mass noun. All subclasses are to be understood as being composed primarily of the named entity, rather than restricted to that entity. For example, "ENVO:water" is to be understood as "environmental material composed primarly of some CHEBI:water". This class is currently being aligned to the Basic Formal Ontology. Following this alignment, its definition and the definitions of its subclasses will be revised." , "b800" , "http://www.w3.org/2002/07/owl#annotatedSource" , "http://purl.obolibrary.org/obo/ENVO_00010483" ,
 "Everything under this parent must be a mass noun. All subclasses are to be understood as being composed primarily of the named entity, rather than restricted to that entity. For example, "ENVO:water" is to be understood as "environmental material composed primarly of some CHEBI:water". This class is currently being aligned to the Basic Formal Ontology. Following this alignment, its definition and the definitions of its subclasses will be revised." , "http://purl.obolibrary.org/obo/ENVO_01000060" , "http://www.w3.org/2000/01/rdf-schema#subClassOf" , "http://purl.obolibrary.org/obo/ENVO_00010483" ,
 "Everything under this parent must be a mass noun. All subclasses are to be understood as being composed primarily of the named entity, rather than restricted to that entity. For example, "ENVO:water" is to be understood as "environmental material composed primarly of some CHEBI:water". This class is currently being aligned to the Basic Formal Ontology. Following this alignment, its definition and the definitions of its subclasses will be revised." , "http://purl.obolibrary.org/obo/ENVO_00010506" , "http://www.w3.org/2000/01/rdf-schema#subClassOf" , "http://purl.obolibrary.org/obo/ENVO_00010483" ,
 "Everything under this parent must be a mass noun. All subclasses are to be understood as being composed primarily of the named entity, rather than restricted to that entity. For example, "ENVO:water" is to be understood as "environmental material composed primarly of some CHEBI:water". This class is currently being aligned to the Basic Formal Ontology. Following this alignment, its definition and the definitions of its subclasses will be revised." , "b801" , "http://www.w3.org/1999/02/22-rdf-syntax-ns#first" , "http://purl.obolibrary.org/obo/ENVO_00010483" ,
 "Everything under this parent must be a mass noun. All subclasses are to be understood as being composed primarily of the named entity, rather than restricted to that entity. For example, "ENVO:water" is to be understood as "environmental material composed primarly of some CHEBI:water". This class is currently being aligned to the Basic Formal Ontology. Following this alignment, its definition and the definitions of its subclasses will be revised." , "b802" , "http://www.w3.org/1999/02/22-rdf-syntax-ns#first" , "http://purl.obolibrary.org/obo/ENVO_00010483" ,
 "Everything under this parent must be a mass noun. All subclasses are to be understood as being composed primarily of the named entity, rather than restricted to that entity. For example, "ENVO:water" is to be understood as "environmental material composed primarly of some CHEBI:water". This class is currently being aligned to the Basic Formal Ontology. Following this alignment, its definition and the definitions of its subclasses will be revised." , "b803" , "http://www.w3.org/1999/02/22-rdf-syntax-ns#first" , "http://purl.obolibrary.org/obo/ENVO_00010483" ,
 "Everything under this parent must be a mass noun. All subclasses are to be understood as being composed primarily of the named entity, rather than restricted to that entity. For example, "ENVO:water" is to be understood as "environmental material composed primarly of some CHEBI:water". This class is currently being aligned to the Basic Formal Ontology. Following this alignment, its definition and the definitions of its subclasses will be revised." , "b804" , "http://www.w3.org/1999/02/22-rdf-syntax-ns#first" , "http://purl.obolibrary.org/obo/ENVO_00010483" ,
 "Everything under this parent must be a mass noun. All subclasses are to be understood as being composed primarily of the named entity, rather than restricted to that entity. For example, "ENVO:water" is to be understood as "environmental material composed primarly of some CHEBI:water". This class is currently being aligned to the Basic Formal Ontology. Following this alignment, its definition and the definitions of its subclasses will be revised." , "b805" , "http://www.w3.org/1999/02/22-rdf-syntax-ns#first" , "http://purl.obolibrary.org/obo/ENVO_00010483" ,
 "Everything under this parent must be a mass noun. All subclasses are to be understood as being composed primarily of the named entity, rather than restricted to that entity. For example, "ENVO:water" is to be understood as "environmental material composed primarly of some CHEBI:water". This class is currently being aligned to the Basic Formal Ontology. Following this alignment, its definition and the definitions of its subclasses will be revised." , "http://purl.obolibrary.org/obo/ENVO_01000575" , "http://www.w3.org/2000/01/rdf-schema#subClassOf" , "http://purl.obolibrary.org/obo/ENVO_00010483" ,
 "Everything under this parent must be a mass noun. All subclasses are to be understood as being composed primarily of the named entity, rather than restricted to that entity. For example, "ENVO:water" is to be understood as "environmental material composed primarly of some CHEBI:water". This class is currently being aligned to the Basic Formal Ontology. Following this alignment, its definition and the definitions of its subclasses will be revised." , "b806" , "http://www.w3.org/1999/02/22-rdf-syntax-ns#first" , "http://purl.obolibrary.org/obo/ENVO_00010483" ,
 "Everything under this parent must be a mass noun. All subclasses are to be understood as being composed primarily of the named entity, rather than restricted to that entity. For example, "ENVO:water" is to be understood as "environmental material composed primarly of some CHEBI:water". This class is currently being aligned to the Basic Formal Ontology. Following this alignment, its definition and the definitions of its subclasses will be revised." , "b807" , "http://www.w3.org/1999/02/22-rdf-syntax-ns#first" , "http://purl.obolibrary.org/obo/ENVO_00010483" ,
 "Everything under this parent must be a mass noun. All subclasses are to be understood as being composed primarily of the named entity, rather than restricted to that entity. For example, "ENVO:water" is to be understood as "environmental material composed primarly of some CHEBI:water". This class is currently being aligned to the Basic Formal Ontology. Following this alignment, its definition and the definitions of its subclasses will be revised." , "http://purl.obolibrary.org/obo/ENVO_01000648" , "http://www.w3.org/2000/01/rdf-schema#subClassOf" , "http://purl.obolibrary.org/obo/ENVO_00010483" ,
 "Everything under this parent must be a mass noun. All subclasses are to be understood as being composed primarily of the named entity, rather than restricted to that entity. For example, "ENVO:water" is to be understood as "environmental material composed primarly of some CHEBI:water". This class is currently being aligned to the Basic Formal Ontology. Following this alignment, its definition and the definitions of its subclasses will be revised." , "b808" , "http://www.w3.org/1999/02/22-rdf-syntax-ns#first" , "http://purl.obolibrary.org/obo/ENVO_00010483" ,
 "Everything under this parent must be a mass noun. All subclasses are to be understood as being composed primarily of the named entity, rather than restricted to that entity. For example, "ENVO:water" is to be understood as "environmental material composed primarly of some CHEBI:water". This class is currently being aligned to the Basic Formal Ontology. Following this alignment, its definition and the definitions of its subclasses will be revised." , "b809" , "http://www.w3.org/1999/02/22-rdf-syntax-ns#first" , "http://purl.obolibrary.org/obo/ENVO_00010483" ,
 "Everything under this parent must be a mass noun. All subclasses are to be understood as being composed primarily of the named entity, rather than restricted to that entity. For example, "ENVO:water" is to be understood as "environmental material composed primarly of some CHEBI:water". This class is currently being aligned to the Basic Formal Ontology. Following this alignment, its definition and the definitions of its subclasses will be revised." , "b810" , "http://www.w3.org/1999/02/22-rdf-syntax-ns#first" , "http://purl.obolibrary.org/obo/ENVO_00010483" ,
 "Everything under this parent must be a mass noun. All subclasses are to be understood as being composed primarily of the named entity, rather than restricted to that entity. For example, "ENVO:water" is to be understood as "environmental material composed primarly of some CHEBI:water". This class is currently being aligned to the Basic Formal Ontology. Following this alignment, its definition and the definitions of its subclasses will be revised." , "b811" , "http://www.w3.org/1999/02/22-rdf-syntax-ns#first" , "http://purl.obolibrary.org/obo/ENVO_00010483" ,
 "Everything under this parent must be a mass noun. All subclasses are to be understood as being composed primarily of the named entity, rather than restricted to that entity. For example, "ENVO:water" is to be understood as "environmental material composed primarly of some CHEBI:water". This class is currently being aligned to the Basic Formal Ontology. Following this alignment, its definition and the definitions of its subclasses will be revised." , "b812" , "http://www.w3.org/1999/02/22-rdf-syntax-ns#first" , "http://purl.obolibrary.org/obo/ENVO_00010483" ,
 "Everything under this parent must be a mass noun. All subclasses are to be understood as being composed primarily of the named entity, rather than restricted to that entity. For example, "ENVO:water" is to be understood as "environmental material composed primarly of some CHEBI:water". This class is currently being aligned to the Basic Formal Ontology. Following this alignment, its definition and the definitions of its subclasses will be revised." , "b813" , "http://www.w3.org/1999/02/22-rdf-syntax-ns#first" , "http://purl.obolibrary.org/obo/ENVO_00010483" ,
 "Everything under this parent must be a mass noun. All subclasses are to be understood as being composed primarily of the named entity, rather than restricted to that entity. For example, "ENVO:water" is to be understood as "environmental material composed primarly of some CHEBI:water". This class is currently being aligned to the Basic Formal Ontology. Following this alignment, its definition and the definitions of its subclasses will be revised." , "b814" , "http://www.w3.org/1999/02/22-rdf-syntax-ns#first" , "http://purl.obolibrary.org/obo/ENVO_00010483" ,
 "Everything under this parent must be a mass noun. All subclasses are to be understood as being composed primarily of the named entity, rather than restricted to that entity. For example, "ENVO:water" is to be understood as "environmental material composed primarly of some CHEBI:water". This class is currently being aligned to the Basic Formal Ontology. Following this alignment, its definition and the definitions of its subclasses will be revised." , "b815" , "http://www.w3.org/1999/02/22-rdf-syntax-ns#first" , "http://purl.obolibrary.org/obo/ENVO_00010483" ,
 "Everything under this parent must be a mass noun. All subclasses are to be understood as being composed primarily of the named entity, rather than restricted to that entity. For example, "ENVO:water" is to be understood as "environmental material composed primarly of some CHEBI:water". This class is currently being aligned to the Basic Formal Ontology. Following this alignment, its definition and the definitions of its subclasses will be revised." , "b816" , "http://www.w3.org/1999/02/22-rdf-syntax-ns#first" , "http://purl.obolibrary.org/obo/ENVO_00010483" ,
 "Everything under this parent must be a mass noun. All subclasses are to be understood as being composed primarily of the named entity, rather than restricted to that entity. For example, "ENVO:water" is to be understood as "environmental material composed primarly of some CHEBI:water". This class is currently being aligned to the Basic Formal Ontology. Following this alignment, its definition and the definitions of its subclasses will be revised." , "b817" , "http://www.w3.org/1999/02/22-rdf-syntax-ns#first" , "http://purl.obolibrary.org/obo/ENVO_00010483" ,
 "Everything under this parent must be a mass noun. All subclasses are to be understood as being composed primarily of the named entity, rather than restricted to that entity. For example, "ENVO:water" is to be understood as "environmental material composed primarly of some CHEBI:water". This class is currently being aligned to the Basic Formal Ontology. Following this alignment, its definition and the definitions of its subclasses will be revised." , "b818" , "http://www.w3.org/1999/02/22-rdf-syntax-ns#first" , "http://purl.obolibrary.org/obo/ENVO_00010483" ,
 "Everything under this parent must be a mass noun. All subclasses are to be understood as being composed primarily of the named entity, rather than restricted to that entity. For example, "ENVO:water" is to be understood as "environmental material composed primarly of some CHEBI:water". This class is currently being aligned to the Basic Formal Ontology. Following this alignment, its definition and the definitions of its subclasses will be revised." , "b819" , "http://www.w3.org/1999/02/22-rdf-syntax-ns#first" , "http://purl.obolibrary.org/obo/ENVO_00010483" ,
 "Everything under this parent must be a mass noun. All subclasses are to be understood as being composed primarily of the named entity, rather than restricted to that entity. For example, "ENVO:water" is to be understood as "environmental material composed primarly of some CHEBI:water". This class is currently being aligned to the Basic Formal Ontology. Following this alignment, its definition and the definitions of its subclasses will be revised." , "b820" , "http://www.w3.org/1999/02/22-rdf-syntax-ns#first" , "http://purl.obolibrary.org/obo/ENVO_00010483" ,
 "Everything under this parent must be a mass noun. All subclasses are to be understood as being composed primarily of the named entity, rather than restricted to that entity. For example, "ENVO:water" is to be understood as "environmental material composed primarly of some CHEBI:water". This class is currently being aligned to the Basic Formal Ontology. Following this alignment, its definition and the definitions of its subclasses will be revised." , "b821" , "http://www.w3.org/1999/02/22-rdf-syntax-ns#first" , "http://purl.obolibrary.org/obo/ENVO_00010483" ,
 "Everything under this parent must be a mass noun. All subclasses are to be understood as being composed primarily of the named entity, rather than restricted to that entity. For example, "ENVO:water" is to be understood as "environmental material composed primarly of some CHEBI:water". This class is currently being aligned to the Basic Formal Ontology. Following this alignment, its definition and the definitions of its subclasses will be revised." , "b822" , "http://www.w3.org/1999/02/22-rdf-syntax-ns#first" , "http://purl.obolibrary.org/obo/ENVO_00010483" ,
 "Everything under this parent must be a mass noun. All subclasses are to be understood as being composed primarily of the named entity, rather than restricted to that entity. For example, "ENVO:water" is to be understood as "environmental material composed primarly of some CHEBI:water". This class is currently being aligned to the Basic Formal Ontology. Following this alignment, its definition and the definitions of its subclasses will be revised." , "b823" , "http://www.w3.org/1999/02/22-rdf-syntax-ns#first" , "http://purl.obolibrary.org/obo/ENVO_00010483" ,
 "Everything under this parent must be a mass noun. All subclasses are to be understood as being composed primarily of the named entity, rather than restricted to that entity. For example, "ENVO:water" is to be understood as "environmental material composed primarly of some CHEBI:water". This class is currently being aligned to the Basic Formal Ontology. Following this alignment, its definition and the definitions of its subclasses will be revised." , "b824" , "http://www.w3.org/1999/02/22-rdf-syntax-ns#first" , "http://purl.obolibrary.org/obo/ENVO_00010483" ,
 "Everything under this parent must be a mass noun. All subclasses are to be understood as being composed primarily of the named entity, rather than restricted to that entity. For example, "ENVO:water" is to be understood as "environmental material composed primarly of some CHEBI:water". This class is currently being aligned to the Basic Formal Ontology. Following this alignment, its definition and the definitions of its subclasses will be revised." , "b825" , "http://www.w3.org/1999/02/22-rdf-syntax-ns#first" , "http://purl.obolibrary.org/obo/ENVO_00010483" ,
 "Everything under this parent must be a mass noun. All subclasses are to be understood as being composed primarily of the named entity, rather than restricted to that entity. For example, "ENVO:water" is to be understood as "environmental material composed primarly of some CHEBI:water". This class is currently being aligned to the Basic Formal Ontology. Following this alignment, its definition and the definitions of its subclasses will be revised." , "b826" , "http://www.w3.org/1999/02/22-rdf-syntax-ns#first" , "http://purl.obolibrary.org/obo/ENVO_00010483" ,
 "Everything under this parent must be a mass noun. All subclasses are to be understood as being composed primarily of the named entity, rather than restricted to that entity. For example, "ENVO:water" is to be understood as "environmental material composed primarly of some CHEBI:water". This class is currently being aligned to the Basic Formal Ontology. Following this alignment, its definition and the definitions of its subclasses will be revised." , "b827" , "http://www.w3.org/1999/02/22-rdf-syntax-ns#first" , "http://purl.obolibrary.org/obo/ENVO_00010483" ,
 "Everything under this parent must be a mass noun. All subclasses are to be understood as being composed primarily of the named entity, rather than restricted to that entity. For example, "ENVO:water" is to be understood as "environmental material composed primarly of some CHEBI:water". This class is currently being aligned to the Basic Formal Ontology. Following this alignment, its definition and the definitions of its subclasses will be revised." , "b828" , "http://www.w3.org/1999/02/22-rdf-syntax-ns#first" , "http://purl.obolibrary.org/obo/ENVO_00010483" ,
 "Everything under this parent must be a mass noun. All subclasses are to be understood as being composed primarily of the named entity, rather than restricted to that entity. For example, "ENVO:water" is to be understood as "environmental material composed primarly of some CHEBI:water". This class is currently being aligned to the Basic Formal Ontology. Following this alignment, its definition and the definitions of its subclasses will be revised." , "b829" , "http://www.w3.org/2002/07/owl#someValuesFrom" , "http://purl.obolibrary.org/obo/ENVO_00010483" ,
 "Everything under this parent must be a mass noun. All subclasses are to be understood as being composed primarily of the named entity, rather than restricted to that entity. For example, "ENVO:water" is to be understood as "environmental material composed primarly of some CHEBI:water". This class is currently being aligned to the Basic Formal Ontology. Following this alignment, its definition and the definitions of its subclasses will be revised." , "b830" , "http://www.w3.org/1999/02/22-rdf-syntax-ns#first" , "http://purl.obolibrary.org/obo/ENVO_00010483" ,
 "Everything under this parent must be a mass noun. All subclasses are to be understood as being composed primarily of the named entity, rather than restricted to that entity. For example, "ENVO:water" is to be understood as "environmental material composed primarly of some CHEBI:water". This class is currently being aligned to the Basic Formal Ontology. Following this alignment, its definition and the definitions of its subclasses will be revised." , "b831" , "http://www.w3.org/1999/02/22-rdf-syntax-ns#first" , "http://purl.obolibrary.org/obo/ENVO_00010483" ,
 "Everything under this parent must be a mass noun. All subclasses are to be understood as being composed primarily of the named entity, rather than restricted to that entity. For example, "ENVO:water" is to be understood as "environmental material composed primarly of some CHEBI:water". This class is currently being aligned to the Basic Formal Ontology. Following this alignment, its definition and the definitions of its subclasses will be revised." , "b832" , "http://www.w3.org/1999/02/22-rdf-syntax-ns#first" , "http://purl.obolibrary.org/obo/ENVO_00010483" ,
 "Everything under this parent must be a mass noun. All subclasses are to be understood as being composed primarily of the named entity, rather than restricted to that entity. For example, "ENVO:water" is to be understood as "environmental material composed primarly of some CHEBI:water". This class is currently being aligned to the Basic Formal Ontology. Following this alignment, its definition and the definitions of its subclasses will be revised." , "http://purl.obolibrary.org/obo/ENVO_01000838" , "http://www.w3.org/2000/01/rdf-schema#subClassOf" , "http://purl.obolibrary.org/obo/ENVO_00010483" ,
 "Everything under this parent must be a mass noun. All subclasses are to be understood as being composed primarily of the named entity, rather than restricted to that entity. For example, "ENVO:water" is to be understood as "environmental material composed primarly of some CHEBI:water". This class is currently being aligned to the Basic Formal Ontology. Following this alignment, its definition and the definitions of its subclasses will be revised." , "b833" , "http://www.w3.org/1999/02/22-rdf-syntax-ns#first" , "http://purl.obolibrary.org/obo/ENVO_00010483" ,
 "Everything under this parent must be a mass noun. All subclasses are to be understood as being composed primarily of the named entity, rather than restricted to that entity. For example, "ENVO:water" is to be understood as "environmental material composed primarly of some CHEBI:water". This class is currently being aligned to the Basic Formal Ontology. Following this alignment, its definition and the definitions of its subclasses will be revised." , "http://purl.obolibrary.org/obo/ENVO_01000842" , "http://www.w3.org/2000/01/rdf-schema#subClassOf" , "http://purl.obolibrary.org/obo/ENVO_00010483" ,
 "Everything under this parent must be a mass noun. All subclasses are to be understood as being composed primarily of the named entity, rather than restricted to that entity. For example, "ENVO:water" is to be understood as "environmental material composed primarly of some CHEBI:water". This class is currently being aligned to the Basic Formal Ontology. Following this alignment, its definition and the definitions of its subclasses will be revised." , "b834" , "http://www.w3.org/1999/02/22-rdf-syntax-ns#first" , "http://purl.obolibrary.org/obo/ENVO_00010483" ,
 "Everything under this parent must be a mass noun. All subclasses are to be understood as being composed primarily of the named entity, rather than restricted to that entity. For example, "ENVO:water" is to be understood as "environmental material composed primarly of some CHEBI:water". This class is currently being aligned to the Basic Formal Ontology. Following this alignment, its definition and the definitions of its subclasses will be revised." , "http://purl.obolibrary.org/obo/ENVO_01000844" , "http://www.w3.org/2000/01/rdf-schema#subClassOf" , "http://purl.obolibrary.org/obo/ENVO_00010483" ,
 "Everything under this parent must be a mass noun. All subclasses are to be understood as being composed primarily of the named entity, rather than restricted to that entity. For example, "ENVO:water" is to be understood as "environmental material composed primarly of some CHEBI:water". This class is currently being aligned to the Basic Formal Ontology. Following this alignment, its definition and the definitions of its subclasses will be revised." , "http://purl.obolibrary.org/obo/ENVO_01000853" , "http://www.w3.org/2000/01/rdf-schema#subClassOf" , "http://purl.obolibrary.org/obo/ENVO_00010483" ,
 "Everything under this parent must be a mass noun. All subclasses are to be understood as being composed primarily of the named entity, rather than restricted to that entity. For example, "ENVO:water" is to be understood as "environmental material composed primarly of some CHEBI:water". This class is currently being aligned to the Basic Formal Ontology. Following this alignment, its definition and the definitions of its subclasses will be revised." , "http://purl.obolibrary.org/obo/ENVO_02000112" , "http://www.w3.org/2000/01/rdf-schema#subClassOf" , "http://purl.obolibrary.org/obo/ENVO_00010483" ,
 "Everything under this parent must be a mass noun. All subclasses are to be understood as being composed primarily of the named entity, rather than restricted to that entity. For example, "ENVO:water" is to be understood as "environmental material composed primarly of some CHEBI:water". This class is currently being aligned to the Basic Formal Ontology. Following this alignment, its definition and the definitions of its subclasses will be revised." , "b835" , "http://www.w3.org/1999/02/22-rdf-syntax-ns#first" , "http://purl.obolibrary.org/obo/ENVO_00010483" ,
 "Everything under this parent must be a mass noun. All subclasses are to be understood as being composed primarily of the named entity, rather than restricted to that entity. For example, "ENVO:water" is to be understood as "environmental material composed primarly of some CHEBI:water". This class is currently being aligned to the Basic Formal Ontology. Following this alignment, its definition and the definitions of its subclasses will be revised." , "b836" , "http://www.w3.org/1999/02/22-rdf-syntax-ns#first" , "http://purl.obolibrary.org/obo/ENVO_00010483" ,
 "Everything under this parent must be a mass noun. All subclasses are to be understood as being composed primarily of the named entity, rather than restricted to that entity. For example, "ENVO:water" is to be understood as "environmental material composed primarly of some CHEBI:water". This class is currently being aligned to the Basic Formal Ontology. Following this alignment, its definition and the definitions of its subclasses will be revised." , "b837" , "http://www.w3.org/2002/07/owl#someValuesFrom" , "http://purl.obolibrary.org/obo/ENVO_00010483" ,
 "Everything under this parent must be a mass noun. All subclasses are to be understood as being composed primarily of the named entity, rather than restricted to that entity. For example, "ENVO:water" is to be understood as "environmental material composed primarly of some CHEBI:water". This class is currently being aligned to the Basic Formal Ontology. Following this alignment, its definition and the definitions of its subclasses will be revised." , "b838" , "http://www.w3.org/1999/02/22-rdf-syntax-ns#first" , "http://purl.obolibrary.org/obo/ENVO_00010483" ,
 "Everything under this parent must be a mass noun. All subclasses are to be understood as being composed primarily of the named entity, rather than restricted to that entity. For example, "ENVO:water" is to be understood as "environmental material composed primarly of some CHEBI:water". This class is currently being aligned to the Basic Formal Ontology. Following this alignment, its definition and the definitions of its subclasses will be revised." , "b839" , "http://www.w3.org/1999/02/22-rdf-syntax-ns#first" , "http://purl.obolibrary.org/obo/ENVO_00010483" ,
 "Everything under this parent must be a mass noun. All subclasses are to be understood as being composed primarily of the named entity, rather than restricted to that entity. For example, "ENVO:water" is to be understood as "environmental material composed primarly of some CHEBI:water". This class is currently being aligned to the Basic Formal Ontology. Following this alignment, its definition and the definitions of its subclasses will be revised." , "b840" , "http://www.w3.org/2002/07/owl#someValuesFrom" , "http://purl.obolibrary.org/obo/ENVO_00010483" ,
 "Everything under this parent must be a mass noun. All subclasses are to be understood as being composed primarily of the named entity, rather than restricted to that entity. For example, "ENVO:water" is to be understood as "environmental material composed primarly of some CHEBI:water". This class is currently being aligned to the Basic Formal Ontology. Following this alignment, its definition and the definitions of its subclasses will be revised." , "b841" , "http://www.w3.org/2002/07/owl#someValuesFrom" , "http://purl.obolibrary.org/obo/ENVO_00010483" ,
 "Everything under this parent must be a mass noun. All subclasses are to be understood as being composed primarily of the named entity, rather than restricted to that entity. For example, "ENVO:water" is to be understood as "environmental material composed primarly of some CHEBI:water". This class is currently being aligned to the Basic Formal Ontology. Following this alignment, its definition and the definitions of its subclasses will be revised." , "b842" , "http://www.w3.org/2002/07/owl#someValuesFrom" , "http://purl.obolibrary.org/obo/ENVO_00010483" ,
 "Everything under this parent must be a mass noun. All subclasses are to be understood as being composed primarily of the named entity, rather than restricted to that entity. For example, "ENVO:water" is to be understood as "environmental material composed primarly of some CHEBI:water". This class is currently being aligned to the Basic Formal Ontology. Following this alignment, its definition and the definitions of its subclasses will be revised." , "b843" , "http://www.w3.org/2002/07/owl#someValuesFrom" , "http://purl.obolibrary.org/obo/ENVO_00010483" ,
 "Everything under this parent must be a mass noun. All subclasses are to be understood as being composed primarily of the named entity, rather than restricted to that entity. For example, "ENVO:water" is to be understood as "environmental material composed primarly of some CHEBI:water". This class is currently being aligned to the Basic Formal Ontology. Following this alignment, its definition and the definitions of its subclasses will be revised." , "b844" , "http://www.w3.org/2002/07/owl#someValuesFrom" , "http://purl.obolibrary.org/obo/ENVO_00010483" ,
 "Everything under this parent must be a mass noun. All subclasses are to be understood as being composed primarily of the named entity, rather than restricted to that entity. For example, "ENVO:water" is to be understood as "environmental material composed primarly of some CHEBI:water". This class is currently being aligned to the Basic Formal Ontology. Following this alignment, its definition and the definitions of its subclasses will be revised." , "b845" , "http://www.w3.org/2002/07/owl#someValuesFrom" , "http://purl.obolibrary.org/obo/ENVO_00010483" ,
 "Everything under this parent must be a mass noun. All subclasses are to be understood as being composed primarily of the named entity, rather than restricted to that entity. For example, "ENVO:water" is to be understood as "environmental material composed primarly of some CHEBI:water". This class is currently being aligned to the Basic Formal Ontology. Following this alignment, its definition and the definitions of its subclasses will be revised." , "b846" , "http://www.w3.org/2002/07/owl#someValuesFrom" , "http://purl.obolibrary.org/obo/ENVO_00010483" ,
 "Everything under this parent must be a mass noun. All subclasses are to be understood as being composed primarily of the named entity, rather than restricted to that entity. For example, "ENVO:water" is to be understood as "environmental material composed primarly of some CHEBI:water". This class is currently being aligned to the Basic Formal Ontology. Following this alignment, its definition and the definitions of its subclasses will be revised." , "b847" , "http://www.w3.org/2002/07/owl#someValuesFrom" , "http://purl.obolibrary.org/obo/ENVO_00010483" ,
 "Everything under this parent must be a mass noun. All subclasses are to be understood as being composed primarily of the named entity, rather than restricted to that entity. For example, "ENVO:water" is to be understood as "environmental material composed primarly of some CHEBI:water". This class is currently being aligned to the Basic Formal Ontology. Following this alignment, its definition and the definitions of its subclasses will be revised." , "b848" , "http://www.w3.org/2002/07/owl#someValuesFrom" , "http://purl.obolibrary.org/obo/ENVO_00010483" ,
 "Everything under this parent must be a mass noun. All subclasses are to be understood as being composed primarily of the named entity, rather than restricted to that entity. For example, "ENVO:water" is to be understood as "environmental material composed primarly of some CHEBI:water". This class is currently being aligned to the Basic Formal Ontology. Following this alignment, its definition and the definitions of its subclasses will be revised." , "b849" , "http://www.w3.org/2002/07/owl#someValuesFrom" , "http://purl.obolibrary.org/obo/ENVO_00010483" ,
 "Everything under this parent must be a mass noun. All subclasses are to be understood as being composed primarily of the named entity, rather than restricted to that entity. For example, "ENVO:water" is to be understood as "environmental material composed primarly of some CHEBI:water". This class is currently being aligned to the Basic Formal Ontology. Following this alignment, its definition and the definitions of its subclasses will be revised." , "b850" , "http://www.w3.org/2002/07/owl#someValuesFrom" , "http://purl.obolibrary.org/obo/ENVO_00010483" ,
 "Everything under this parent must be a mass noun. All subclasses are to be understood as being composed primarily of the named entity, rather than restricted to that entity. For example, "ENVO:water" is to be understood as "environmental material composed primarly of some CHEBI:water". This class is currently being aligned to the Basic Formal Ontology. Following this alignment, its definition and the definitions of its subclasses will be revised." , "b851" , "http://www.w3.org/2002/07/owl#someValuesFrom" , "http://purl.obolibrary.org/obo/ENVO_00010483" ,
 "Everything under this parent must be a mass noun. All subclasses are to be understood as being composed primarily of the named entity, rather than restricted to that entity. For example, "ENVO:water" is to be understood as "environmental material composed primarly of some CHEBI:water". This class is currently being aligned to the Basic Formal Ontology. Following this alignment, its definition and the definitions of its subclasses will be revised." , "b852" , "http://www.w3.org/2002/07/owl#someValuesFrom" , "http://purl.obolibrary.org/obo/ENVO_00010483" ,
 "Everything under this parent must be a mass noun. All subclasses are to be understood as being composed primarily of the named entity, rather than restricted to that entity. For example, "ENVO:water" is to be understood as "environmental material composed primarly of some CHEBI:water". This class is currently being aligned to the Basic Formal Ontology. Following this alignment, its definition and the definitions of its subclasses will be revised." , "b853" , "http://www.w3.org/2002/07/owl#someValuesFrom" , "http://purl.obolibrary.org/obo/ENVO_00010483" ,
 "Everything under this parent must be a mass noun. All subclasses are to be understood as being composed primarily of the named entity, rather than restricted to that entity. For example, "ENVO:water" is to be understood as "environmental material composed primarly of some CHEBI:water". This class is currently being aligned to the Basic Formal Ontology. Following this alignment, its definition and the definitions of its subclasses will be revised." , "b854" , "http://www.w3.org/2002/07/owl#someValuesFrom" , "http://purl.obolibrary.org/obo/ENVO_00010483" ,
 "Everything under this parent must be a mass noun. All subclasses are to be understood as being composed primarily of the named entity, rather than restricted to that entity. For example, "ENVO:water" is to be understood as "environmental material composed primarly of some CHEBI:water". This class is currently being aligned to the Basic Formal Ontology. Following this alignment, its definition and the definitions of its subclasses will be revised." , "b855" , "http://www.w3.org/2002/07/owl#someValuesFrom" , "http://purl.obolibrary.org/obo/ENVO_00010483" ,
 "Everything under this parent must be a mass noun. All subclasses are to be understood as being composed primarily of the named entity, rather than restricted to that entity. For example, "ENVO:water" is to be understood as "environmental material composed primarly of some CHEBI:water". This class is currently being aligned to the Basic Formal Ontology. Following this alignment, its definition and the definitions of its subclasses will be revised." , "b856" , "http://www.w3.org/2002/07/owl#someValuesFrom" , "http://purl.obolibrary.org/obo/ENVO_00010483" ,
 "Everything under this parent must be a mass noun. All subclasses are to be understood as being composed primarily of the named entity, rather than restricted to that entity. For example, "ENVO:water" is to be understood as "environmental material composed primarly of some CHEBI:water". This class is currently being aligned to the Basic Formal Ontology. Following this alignment, its definition and the definitions of its subclasses will be revised." , "b857" , "http://www.w3.org/2002/07/owl#someValuesFrom" , "http://purl.obolibrary.org/obo/ENVO_00010483" ,
 "Everything under this parent must be a mass noun. All subclasses are to be understood as being composed primarily of the named entity, rather than restricted to that entity. For example, "ENVO:water" is to be understood as "environmental material composed primarly of some CHEBI:water". This class is currently being aligned to the Basic Formal Ontology. Following this alignment, its definition and the definitions of its subclasses will be revised." , "b858" , "http://www.w3.org/1999/02/22-rdf-syntax-ns#first" , "http://purl.obolibrary.org/obo/ENVO_00010483" ,
 "Everything under this parent must be a mass noun. All subclasses are to be understood as being composed primarily of the named entity, rather than restricted to that entity. For example, "ENVO:water" is to be understood as "environmental material composed primarly of some CHEBI:water". This class is currently being aligned to the Basic Formal Ontology. Following this alignment, its definition and the definitions of its subclasses will be revised." , "b859" , "http://www.w3.org/2002/07/owl#someValuesFrom" , "http://purl.obolibrary.org/obo/ENVO_00010483" ,
 "The DCM may or may not indicate greater abundance of photosynthetic, chlorophyll-bearing cells, as shade-adapted cells may have a greater chlorophyll to biomass ration than surface variants. Further, some DCMs may be formed by the sinking of cells from surface zones or the subduction of surface waters, rather than through biotic, community-level processess." , "b713" , "http://www.w3.org/2002/07/owl#annotatedSource" , "http://purl.obolibrary.org/obo/ENVO_01000326" ,
 "The DCM may or may not indicate greater abundance of photosynthetic, chlorophyll-bearing cells, as shade-adapted cells may have a greater chlorophyll to biomass ration than surface variants. Further, some DCMs may be formed by the sinking of cells from surface zones or the subduction of surface waters, rather than through biotic, community-level processess." , "b714" , "http://www.w3.org/2002/07/owl#annotatedSource" , "http://purl.obolibrary.org/obo/ENVO_01000326" ,
 "This condition is typically present on the western coasts of large continental landmasses." , "b860" , "http://www.w3.org/2002/07/owl#annotatedSource" , "http://purl.obolibrary.org/obo/ENVO_01000380" ,
 "The logical definitions must state which social and leisure activities are included here. Jet-skiing and mass rallies are probably not the range." , "b861" , "http://www.w3.org/2002/07/owl#annotatedSource" , "http://purl.obolibrary.org/obo/ENVO_01000423" ,
 ""Intrusion" can refer to the solidified mass or the molten rock." , "http://purl.obolibrary.org/obo/ENVO_00000498" , "http://www.w3.org/2000/01/rdf-schema#subClassOf" , "http://purl.obolibrary.org/obo/ENVO_01000659" ,
 ""Intrusion" can refer to the solidified mass or the molten rock." , "http://purl.obolibrary.org/obo/ENVO_01000521" , "http://www.w3.org/2000/01/rdf-schema#subClassOf" , "http://purl.obolibrary.org/obo/ENVO_01000659" ,
 ""Intrusion" can refer to the solidified mass or the molten rock." , "b862" , "http://www.w3.org/2002/07/owl#someValuesFrom" , "http://purl.obolibrary.org/obo/ENVO_01000659" ,
 ""Intrusion" can refer to the solidified mass or the molten rock." , "b863" , "http://www.w3.org/2002/07/owl#annotatedSource" , "http://purl.obolibrary.org/obo/ENVO_01000659" ,
 ""Intrusion" can refer to the solidified mass or the molten rock." , "http://purl.obolibrary.org/obo/ENVO_01000733" , "http://www.w3.org/2000/01/rdf-schema#subClassOf" , "http://purl.obolibrary.org/obo/ENVO_01000659" ,
 "Of interest for future development: Some causes of mass wasting earthquakes, increased overburden from structures, increased soil moisture, reduction of roots holding the soil to bedrock, undercutting of the slope by excavation or erosion, weathering by frost heave, bioturbation, volcanic edifice over-steepening. Some processes that reduce mass wasting: Afforestation, Reforestation, Terracing steps on slopes (reduce angle of slope). https://en.wikipedia.org/wiki/Mass_wasting." , "http://purl.obolibrary.org/obo/ENVO_01000692" , "http://www.w3.org/2000/01/rdf-schema#subClassOf" , "http://purl.obolibrary.org/obo/ENVO_01000690" ,
 "Of interest for future development: Some causes of mass wasting earthquakes, increased overburden from structures, increased soil moisture, reduction of roots holding the soil to bedrock, undercutting of the slope by excavation or erosion, weathering by frost heave, bioturbation, volcanic edifice over-steepening. Some processes that reduce mass wasting: Afforestation, Reforestation, Terracing steps on slopes (reduce angle of slope). https://en.wikipedia.org/wiki/Mass_wasting." , "b548" , "http://www.w3.org/2002/07/owl#annotatedSource" , "http://purl.obolibrary.org/obo/ENVO_01000690" ,
 "Of interest for future development: Some causes of mass wasting earthquakes, increased overburden from structures, increased soil moisture, reduction of roots holding the soil to bedrock, undercutting of the slope by excavation or erosion, weathering by frost heave, bioturbation, volcanic edifice over-steepening. Some processes that reduce mass wasting: Afforestation, Reforestation, Terracing steps on slopes (reduce angle of slope). https://en.wikipedia.org/wiki/Mass_wasting." , "http://purl.obolibrary.org/obo/ENVO_01000696" , "http://www.w3.org/2000/01/rdf-schema#subClassOf" , "http://purl.obolibrary.org/obo/ENVO_01000690" ,
 "Of interest for future development: Some causes of mass wasting earthquakes, increased overburden from structures, increased soil moisture, reduction of roots holding the soil to bedrock, undercutting of the slope by excavation or erosion, weathering by frost heave, bioturbation, volcanic edifice over-steepening. Some processes that reduce mass wasting: Afforestation, Reforestation, Terracing steps on slopes (reduce angle of slope). https://en.wikipedia.org/wiki/Mass_wasting." , "http://purl.obolibrary.org/obo/ENVO_01000693" , "http://www.w3.org/2000/01/rdf-schema#subClassOf" , "http://purl.obolibrary.org/obo/ENVO_01000690" ,
 "Of interest for future development: Some causes of mass wasting earthquakes, increased overburden from structures, increased soil moisture, reduction of roots holding the soil to bedrock, undercutting of the slope by excavation or erosion, weathering by frost heave, bioturbation, volcanic edifice over-steepening. Some processes that reduce mass wasting: Afforestation, Reforestation, Terracing steps on slopes (reduce angle of slope). https://en.wikipedia.org/wiki/Mass_wasting." , "http://purl.obolibrary.org/obo/ENVO_01000695" , "http://www.w3.org/2000/01/rdf-schema#subClassOf" , "http://purl.obolibrary.org/obo/ENVO_01000690" ,
 ""Mudflows are often called mudslides, a term applied indiscriminately by the mass media to a variety of mass wasting events. Mudflows often start as slides, becoming flows as water is entrained along the flow path; such events are often called flow slides." https://en.wikipedia.org/wiki/Mudflow" , "b864" , "http://www.w3.org/2002/07/owl#annotatedSource" , "http://purl.obolibrary.org/obo/ENVO_01000697" ,
 ""Mudflows are often called mudslides, a term applied indiscriminately by the mass media to a variety of mass wasting events. Mudflows often start as slides, becoming flows as water is entrained along the flow path; such events are often called flow slides." https://en.wikipedia.org/wiki/Mudflow" , "http://purl.obolibrary.org/obo/ENVO_01000699" , "http://www.w3.org/2000/01/rdf-schema#subClassOf" , "http://purl.obolibrary.org/obo/ENVO_01000697" ,
 "Smoke is a collection of airborne solid and liquid particulates and gases emitted when a material undergoes combustion or pyrolysis, together with the quantity of gas that is entrained or otherwise mixed into the mass" , "b865" , "http://www.w3.org/2002/07/owl#annotatedSource" , "http://purl.obolibrary.org/obo/ENVO_01000838" ,
 "Smoke is a collection of airborne solid and liquid particulates and gases emitted when a material undergoes combustion or pyrolysis, together with the quantity of gas that is entrained or otherwise mixed into the mass" , "b866" , "http://www.w3.org/2002/07/owl#someValuesFrom" , "http://purl.obolibrary.org/obo/ENVO_01000838" ,
 "Smoke is a collection of airborne solid and liquid particulates and gases emitted when a material undergoes combustion or pyrolysis, together with the quantity of gas that is entrained or otherwise mixed into the mass" , "b867" , "http://www.w3.org/2002/07/owl#someValuesFrom" , "http://purl.obolibrary.org/obo/ENVO_01000838" ,
 "Smoke is a collection of airborne solid and liquid particulates and gases emitted when a material undergoes combustion or pyrolysis, together with the quantity of gas that is entrained or otherwise mixed into the mass" , "b868" , "http://www.w3.org/2002/07/owl#someValuesFrom" , "http://purl.obolibrary.org/obo/ENVO_01000838" ,
 "Smoke is a collection of airborne solid and liquid particulates and gases emitted when a material undergoes combustion or pyrolysis, together with the quantity of gas that is entrained or otherwise mixed into the mass" , "b869" , "http://www.w3.org/1999/02/22-rdf-syntax-ns#first" , "http://purl.obolibrary.org/obo/ENVO_01000838" ,
 "Obsoleted. Not really a material. Use PATO's "quality of a gas" on a material to express vapour forms." , "b870" , "http://www.w3.org/2002/07/owl#annotatedSource" , "http://purl.obolibrary.org/obo/ENVO_01000264" ,
 "This is an interesting class. It's not really a column in the sense of a water column, nor is it a current, exactly. It may also occur in any fluid, gaseous or liquid." , "http://purl.obolibrary.org/obo/ENVO_01000072" , "http://www.w3.org/2000/01/rdf-schema#subClassOf" , "http://purl.obolibrary.org/obo/ENVO_01000299" ,
 "This is an interesting class. It's not really a column in the sense of a water column, nor is it a current, exactly. It may also occur in any fluid, gaseous or liquid." , "b871" , "http://www.w3.org/1999/02/22-rdf-syntax-ns#first" , "http://purl.obolibrary.org/obo/ENVO_01000299" ,
 "This is an interesting class. It's not really a column in the sense of a water column, nor is it a current, exactly. It may also occur in any fluid, gaseous or liquid." , "b872" , "http://www.w3.org/2002/07/owl#annotatedSource" , "http://purl.obolibrary.org/obo/ENVO_01000299" ,
 "This is an interesting class. It's not really a column in the sense of a water column, nor is it a current, exactly. It may also occur in any fluid, gaseous or liquid." , "http://purl.obolibrary.org/obo/ENVO_01000300" , "http://www.w3.org/2000/01/rdf-schema#subClassOf" , "http://purl.obolibrary.org/obo/ENVO_01000299" ,
 "This is an interesting class. It's not really a column in the sense of a water column, nor is it a current, exactly. It may also occur in any fluid, gaseous or liquid." , "b873" , "http://www.w3.org/1999/02/22-rdf-syntax-ns#first" , "http://purl.obolibrary.org/obo/ENVO_01000299" ,
 "This is distinct from natural gas which is a fossil fuel product." , "b565" , "http://www.w3.org/2002/07/owl#annotatedSource" , "http://purl.obolibrary.org/obo/ENVO_01000556" ,
 "This is distinct from natural gas which is a fossil fuel product." , "http://purl.obolibrary.org/obo/ENVO_01000559" , "http://www.w3.org/2000/01/rdf-schema#subClassOf" , "http://purl.obolibrary.org/obo/ENVO_01000556" ,
 "Note that a vapor describes an element or compound in the gas phase at a temperature lower than its critical point," , "http://purl.obolibrary.org/obo/ENVO_01000623" , "http://www.w3.org/2000/01/rdf-schema#subClassOf" , "http://purl.obolibrary.org/obo/ENVO_01000622" ,
 "Note that a vapor describes an element or compound in the gas phase at a temperature lower than its critical point," , "http://purl.obolibrary.org/obo/ENVO_02500034" , "http://www.w3.org/2000/01/rdf-schema#subClassOf" , "http://purl.obolibrary.org/obo/ENVO_01000622" ,
 ""Not to be confused with planetary core in the core accretion theory, referring to a central accretionary body surrounded by a halo of dust and gas which serves to trap debris and increase the rate of accretion.." WIkipedia:Planetary_core. This class is meant to be applicable accross planets. Earth's core would be an instance. The "layer" aspect of cores may be problematic." , "b874" , "http://www.w3.org/2002/07/owl#annotatedSource" , "http://purl.obolibrary.org/obo/ENVO_01000641" ,
 ""Not to be confused with planetary core in the core accretion theory, referring to a central accretionary body surrounded by a halo of dust and gas which serves to trap debris and increase the rate of accretion.." WIkipedia:Planetary_core. This class is meant to be applicable accross planets. Earth's core would be an instance. The "layer" aspect of cores may be problematic." , "http://purl.obolibrary.org/obo/ENVO_01000642" , "http://www.w3.org/2000/01/rdf-schema#subClassOf" , "http://purl.obolibrary.org/obo/ENVO_01000641" ,
 ""Not to be confused with planetary core in the core accretion theory, referring to a central accretionary body surrounded by a halo of dust and gas which serves to trap debris and increase the rate of accretion.." WIkipedia:Planetary_core. This class is meant to be applicable accross planets. Earth's core would be an instance. The "layer" aspect of cores may be problematic." , "http://purl.obolibrary.org/obo/ENVO_01000643" , "http://www.w3.org/2000/01/rdf-schema#subClassOf" , "http://purl.obolibrary.org/obo/ENVO_01000641" ,
 ""Not to be confused with planetary core in the core accretion theory, referring to a central accretionary body surrounded by a halo of dust and gas which serves to trap debris and increase the rate of accretion.." WIkipedia:Planetary_core. This class is meant to be applicable accross planets. Earth's core would be an instance. The "layer" aspect of cores may be problematic." , "http://purl.obolibrary.org/obo/ENVO_01000644" , "http://www.w3.org/2000/01/rdf-schema#subClassOf" , "http://purl.obolibrary.org/obo/ENVO_01000641" ,
 ""Not to be confused with planetary core in the core accretion theory, referring to a central accretionary body surrounded by a halo of dust and gas which serves to trap debris and increase the rate of accretion.." WIkipedia:Planetary_core. This class is meant to be applicable accross planets. Earth's core would be an instance. The "layer" aspect of cores may be problematic." , "http://purl.obolibrary.org/obo/ENVO_01000645" , "http://www.w3.org/2000/01/rdf-schema#subClassOf" , "http://purl.obolibrary.org/obo/ENVO_01000641" ,
 "Similar, in spirit, to landform. This class may need to be split into aerosols and 'pure' volumes of gas." , "http://purl.obolibrary.org/obo/ENVO_01000760" , "http://www.w3.org/2000/01/rdf-schema#subClassOf" , "http://purl.obolibrary.org/obo/ENVO_01000755" ,
 "Not to be confused with a flame - the visible portion of gas released by a fire . Oxidation processes such as rusting or biological digestion are not subsumed here." , "b744" , "http://www.w3.org/2002/07/owl#annotatedSource" , "http://purl.obolibrary.org/obo/ENVO_01000786" ,
 "Not to be confused with a flame - the visible portion of gas released by a fire . Oxidation processes such as rusting or biological digestion are not subsumed here." , "http://purl.obolibrary.org/obo/ENVO_01000788" , "http://www.w3.org/2000/01/rdf-schema#subClassOf" , "http://purl.obolibrary.org/obo/ENVO_01000786" ,
 "Smoke is a collection of airborne solid and liquid particulates and gases emitted when a material undergoes combustion or pyrolysis, together with the quantity of gas that is entrained or otherwise mixed into the mass" , "b865" , "http://www.w3.org/2002/07/owl#annotatedSource" , "http://purl.obolibrary.org/obo/ENVO_01000838" ,
 "Smoke is a collection of airborne solid and liquid particulates and gases emitted when a material undergoes combustion or pyrolysis, together with the quantity of gas that is entrained or otherwise mixed into the mass" , "b866" , "http://www.w3.org/2002/07/owl#someValuesFrom" , "http://purl.obolibrary.org/obo/ENVO_01000838" ,
 "Smoke is a collection of airborne solid and liquid particulates and gases emitted when a material undergoes combustion or pyrolysis, together with the quantity of gas that is entrained or otherwise mixed into the mass" , "b867" , "http://www.w3.org/2002/07/owl#someValuesFrom" , "http://purl.obolibrary.org/obo/ENVO_01000838" ,
 "Smoke is a collection of airborne solid and liquid particulates and gases emitted when a material undergoes combustion or pyrolysis, together with the quantity of gas that is entrained or otherwise mixed into the mass" , "b868" , "http://www.w3.org/2002/07/owl#someValuesFrom" , "http://purl.obolibrary.org/obo/ENVO_01000838" ,
 "Smoke is a collection of airborne solid and liquid particulates and gases emitted when a material undergoes combustion or pyrolysis, together with the quantity of gas that is entrained or otherwise mixed into the mass" , "b869" , "http://www.w3.org/1999/02/22-rdf-syntax-ns#first" , "http://purl.obolibrary.org/obo/ENVO_01000838" ,
 ""Examples are Madagascar and Socotra off Africa, the Kerguelen Islands, New Caledonia, New Zealand, and some of the Seychelles." https://en.wikipedia.org/wiki/Island" , "b875" , "http://www.w3.org/2002/07/owl#annotatedSource" , "http://purl.obolibrary.org/obo/ENVO_1000749" ,
